Date,Spokane St. Bridge Total,West,East
6/1/20 0:00,2,2,0
6/1/20 1:00,1,0,1
6/1/20 2:00,2,2,0
6/1/20 3:00,1,0,1
6/1/20 4:00,3,1,2
6/1/20 5:00,36,5,31
6/1/20 6:00,79,20,59
6/1/20 7:00,58,8,50
6/1/20 8:00,53,13,40
6/1/20 9:00,32,11,21
6/1/20 10:00,26,10,16
6/1/20 11:00,34,14,20
6/1/20 12:00,41,19,22
6/1/20 13:00,44,20,24
6/1/20 14:00,73,42,31
6/1/20 15:00,95,62,33
6/1/20 16:00,117,70,47
6/1/20 17:00,125,86,39
6/1/20 18:00,62,46,16
6/1/20 19:00,35,25,10
6/1/20 20:00,21,7,14
6/1/20 21:00,9,5,4
6/1/20 22:00,0,0,0
6/1/20 23:00,0,0,0
6/2/20 0:00,0,0,0
6/2/20 1:00,0,0,0
6/2/20 2:00,0,0,0
6/2/20 3:00,0,0,0
6/2/20 4:00,0,0,0
6/2/20 5:00,0,0,0
6/2/20 6:00,0,0,0
6/2/20 7:00,0,0,0
6/2/20 8:00,54,9,45
6/2/20 9:00,40,8,32
6/2/20 10:00,44,19,25
6/2/20 11:00,41,15,26
6/2/20 12:00,35,16,19
6/2/20 13:00,50,22,28
6/2/20 14:00,76,46,30
6/2/20 15:00,68,45,23
6/2/20 16:00,77,55,22
6/2/20 17:00,75,57,18
6/2/20 18:00,45,36,9
6/2/20 19:00,33,18,15
6/2/20 20:00,16,10,6
6/2/20 21:00,19,12,7
6/2/20 22:00,9,4,5
6/2/20 23:00,8,5,3
6/3/20 0:00,10,8,2
6/3/20 1:00,9,6,3
6/3/20 2:00,1,1,0
6/3/20 3:00,1,0,1
6/3/20 4:00,2,1,1
6/3/20 5:00,25,5,20
6/3/20 6:00,74,13,61
6/3/20 7:00,73,20,53
6/3/20 8:00,49,12,37
6/3/20 9:00,33,7,26
6/3/20 10:00,30,14,16
6/3/20 11:00,40,17,23
6/3/20 12:00,54,31,23
6/3/20 13:00,55,24,31
6/3/20 14:00,71,36,35
6/3/20 15:00,100,65,35
6/3/20 16:00,120,69,51
6/3/20 17:00,139,91,48
6/3/20 18:00,100,65,35
6/3/20 19:00,68,30,38
6/3/20 20:00,30,17,13
6/3/20 21:00,18,9,9
6/3/20 22:00,9,6,3
6/3/20 23:00,3,3,0
6/4/20 0:00,3,3,0
6/4/20 1:00,8,6,2
6/4/20 2:00,2,1,1
6/4/20 3:00,1,0,1
6/4/20 4:00,3,1,2
6/4/20 5:00,29,7,22
6/4/20 6:00,82,15,67
6/4/20 7:00,62,15,47
6/4/20 8:00,44,3,41
6/4/20 9:00,32,15,17
6/4/20 10:00,36,11,25
6/4/20 11:00,29,10,19
6/4/20 12:00,36,14,22
6/4/20 13:00,66,33,33
6/4/20 14:00,67,29,38
6/4/20 15:00,97,61,36
6/4/20 16:00,105,68,37
6/4/20 17:00,142,93,49
6/4/20 18:00,102,61,41
6/4/20 19:00,55,30,25
6/4/20 20:00,39,26,13
6/4/20 21:00,19,15,4
6/4/20 22:00,14,7,7
6/4/20 23:00,5,2,3
6/5/20 0:00,2,1,1
6/5/20 1:00,2,0,2
6/5/20 2:00,3,3,0
6/5/20 3:00,1,1,0
6/5/20 4:00,2,0,2
6/5/20 5:00,28,7,21
6/5/20 6:00,47,10,37
6/5/20 7:00,70,19,51
6/5/20 8:00,50,15,35
6/5/20 9:00,40,13,27
6/5/20 10:00,44,13,31
6/5/20 11:00,45,24,21
6/5/20 12:00,67,36,31
6/5/20 13:00,62,31,31
6/5/20 14:00,63,35,28
6/5/20 15:00,104,63,41
6/5/20 16:00,92,54,38
6/5/20 17:00,121,79,42
6/5/20 18:00,80,57,23
6/5/20 19:00,37,21,16
6/5/20 20:00,22,6,16
6/5/20 21:00,18,15,3
6/5/20 22:00,4,2,2
6/5/20 23:00,2,0,2
6/6/20 0:00,5,3,2
6/6/20 1:00,3,1,2
6/6/20 2:00,2,1,1
6/6/20 3:00,2,2,0
6/6/20 4:00,0,0,0
6/6/20 5:00,3,1,2
6/6/20 6:00,7,0,7
6/6/20 7:00,35,13,22
6/6/20 8:00,75,28,47
6/6/20 9:00,71,30,41
6/6/20 10:00,99,44,55
6/6/20 11:00,235,173,62
6/6/20 12:00,360,96,264
6/6/20 13:00,123,60,63
6/6/20 14:00,144,102,42
6/6/20 15:00,37,22,15
6/6/20 16:00,38,23,15
6/6/20 17:00,28,14,14
6/6/20 18:00,25,14,11
6/6/20 19:00,24,15,9
6/6/20 20:00,14,10,4
6/6/20 21:00,12,5,7
6/6/20 22:00,8,5,3
6/6/20 23:00,2,2,0
6/7/20 0:00,4,1,3
6/7/20 1:00,1,1,0
6/7/20 2:00,1,0,1
6/7/20 3:00,2,1,1
6/7/20 4:00,0,0,0
6/7/20 5:00,2,1,1
6/7/20 6:00,1,1,0
6/7/20 7:00,8,2,6
6/7/20 8:00,13,7,6
6/7/20 9:00,16,6,10
6/7/20 10:00,40,16,24
6/7/20 11:00,31,14,17
6/7/20 12:00,32,12,20
6/7/20 13:00,49,33,16
6/7/20 14:00,74,34,40
6/7/20 15:00,65,26,39
6/7/20 16:00,61,30,31
6/7/20 17:00,61,30,31
6/7/20 18:00,41,23,18
6/7/20 19:00,32,22,10
6/7/20 20:00,10,5,5
6/7/20 21:00,18,7,11
6/7/20 22:00,5,4,1
6/7/20 23:00,2,1,1
6/8/20 0:00,3,1,2
6/8/20 1:00,7,4,3
6/8/20 2:00,1,0,1
6/8/20 3:00,0,0,0
6/8/20 4:00,6,2,4
6/8/20 5:00,34,3,31
6/8/20 6:00,71,9,62
6/8/20 7:00,66,13,53
6/8/20 8:00,57,7,50
6/8/20 9:00,35,8,27
6/8/20 10:00,30,12,18
6/8/20 11:00,36,16,20
6/8/20 12:00,52,27,25
6/8/20 13:00,52,29,23
6/8/20 14:00,66,39,27
6/8/20 15:00,85,53,32
6/8/20 16:00,97,60,37
6/8/20 17:00,112,77,35
6/8/20 18:00,95,68,27
6/8/20 19:00,50,29,21
6/8/20 20:00,35,17,18
6/8/20 21:00,13,11,2
6/8/20 22:00,8,3,5
6/8/20 23:00,8,5,3
6/9/20 0:00,2,1,1
6/9/20 1:00,7,4,3
6/9/20 2:00,5,3,2
6/9/20 3:00,1,0,1
6/9/20 4:00,3,2,1
6/9/20 5:00,19,3,16
6/9/20 6:00,38,6,32
6/9/20 7:00,47,10,37
6/9/20 8:00,26,2,24
6/9/20 9:00,17,6,11
6/9/20 10:00,15,3,12
6/9/20 11:00,14,4,10
6/9/20 12:00,10,4,6
6/9/20 13:00,14,8,6
6/9/20 14:00,12,6,6
6/9/20 15:00,36,22,14
6/9/20 16:00,44,29,15
6/9/20 17:00,58,44,14
6/9/20 18:00,50,35,15
6/9/20 19:00,16,10,6
6/9/20 20:00,8,7,1
6/9/20 21:00,9,5,4
6/9/20 22:00,5,3,2
6/9/20 23:00,2,1,1
6/10/20 0:00,4,3,1
6/10/20 1:00,6,3,3
6/10/20 2:00,4,3,1
6/10/20 3:00,2,0,2
6/10/20 4:00,4,2,2
6/10/20 5:00,28,7,21
6/10/20 6:00,71,11,60
6/10/20 7:00,68,11,57
6/10/20 8:00,43,9,34
6/10/20 9:00,26,8,18
6/10/20 10:00,43,13,30
6/10/20 11:00,49,13,36
6/10/20 12:00,72,34,38
6/10/20 13:00,77,40,37
6/10/20 14:00,65,33,32
6/10/20 15:00,111,68,43
6/10/20 16:00,113,74,39
6/10/20 17:00,178,135,43
6/10/20 18:00,130,85,45
6/10/20 19:00,90,52,38
6/10/20 20:00,67,22,45
6/10/20 21:00,20,9,11
6/10/20 22:00,10,5,5
6/10/20 23:00,6,4,2
6/11/20 0:00,8,5,3
6/11/20 1:00,5,4,1
6/11/20 2:00,7,3,4
6/11/20 3:00,1,1,0
6/11/20 4:00,3,1,2
6/11/20 5:00,24,3,21
6/11/20 6:00,59,7,52
6/11/20 7:00,72,21,51
6/11/20 8:00,54,8,46
6/11/20 9:00,34,8,26
6/11/20 10:00,14,6,8
6/11/20 11:00,21,8,13
6/11/20 12:00,32,13,19
6/11/20 13:00,27,10,17
6/11/20 14:00,48,21,27
6/11/20 15:00,82,52,30
6/11/20 16:00,112,75,37
6/11/20 17:00,124,82,42
6/11/20 18:00,108,75,33
6/11/20 19:00,65,34,31
6/11/20 20:00,45,25,20
6/11/20 21:00,36,19,17
6/11/20 22:00,3,3,0
6/11/20 23:00,11,5,6
6/12/20 0:00,3,3,0
6/12/20 1:00,2,1,1
6/12/20 2:00,3,1,2
6/12/20 3:00,0,0,0
6/12/20 4:00,1,1,0
6/12/20 5:00,13,4,9
6/12/20 6:00,49,6,43
6/12/20 7:00,52,8,44
6/12/20 8:00,37,6,31
6/12/20 9:00,27,7,20
6/12/20 10:00,30,14,16
6/12/20 11:00,29,8,21
6/12/20 12:00,55,12,43
6/12/20 13:00,60,5,55
6/12/20 14:00,32,20,12
6/12/20 15:00,34,22,12
6/12/20 16:00,83,71,12
6/12/20 17:00,96,80,16
6/12/20 18:00,62,49,13
6/12/20 19:00,34,27,7
6/12/20 20:00,29,13,16
6/12/20 21:00,6,4,2
6/12/20 22:00,5,2,3
6/12/20 23:00,4,2,2
6/13/20 0:00,5,4,1
6/13/20 1:00,1,0,1
6/13/20 2:00,4,4,0
6/13/20 3:00,1,1,0
6/13/20 4:00,0,0,0
6/13/20 5:00,7,0,7
6/13/20 6:00,12,4,8
6/13/20 7:00,12,4,8
6/13/20 8:00,25,12,13
6/13/20 9:00,17,7,10
6/13/20 10:00,41,14,27
6/13/20 11:00,68,22,46
6/13/20 12:00,87,35,52
6/13/20 13:00,52,15,37
6/13/20 14:00,64,44,20
6/13/20 15:00,64,40,24
6/13/20 16:00,52,33,19
6/13/20 17:00,43,29,14
6/13/20 18:00,41,17,24
6/13/20 19:00,35,21,14
6/13/20 20:00,26,14,12
6/13/20 21:00,2,0,2
6/13/20 22:00,4,3,1
6/13/20 23:00,1,1,0
6/14/20 0:00,4,2,2
6/14/20 1:00,5,3,2
6/14/20 2:00,1,1,0
6/14/20 3:00,3,2,1
6/14/20 4:00,1,0,1
6/14/20 5:00,6,1,5
6/14/20 6:00,19,2,17
6/14/20 7:00,28,12,16
6/14/20 8:00,45,22,23
6/14/20 9:00,58,27,31
6/14/20 10:00,96,41,55
6/14/20 11:00,153,83,70
6/14/20 12:00,140,70,70
6/14/20 13:00,155,82,73
6/14/20 14:00,166,79,87
6/14/20 15:00,153,75,78
6/14/20 16:00,160,71,89
6/14/20 17:00,106,63,43
6/14/20 18:00,69,38,31
6/14/20 19:00,58,34,24
6/14/20 20:00,33,16,17
6/14/20 21:00,14,2,12
6/14/20 22:00,3,2,1
6/14/20 23:00,7,5,2
6/15/20 0:00,7,1,6
6/15/20 1:00,1,1,0
6/15/20 2:00,2,0,2
6/15/20 3:00,2,1,1
6/15/20 4:00,2,1,1
6/15/20 5:00,19,1,18
6/15/20 6:00,43,7,36
6/15/20 7:00,39,4,35
6/15/20 8:00,35,4,31
6/15/20 9:00,23,2,21
6/15/20 10:00,12,2,10
6/15/20 11:00,14,8,6
6/15/20 12:00,20,8,12
6/15/20 13:00,21,11,10
6/15/20 14:00,30,19,11
6/15/20 15:00,29,23,6
6/15/20 16:00,68,45,23
6/15/20 17:00,82,55,27
6/15/20 18:00,42,31,11
6/15/20 19:00,22,17,5
6/15/20 20:00,10,8,2
6/15/20 21:00,7,5,2
6/15/20 22:00,5,4,1
6/15/20 23:00,2,1,1
6/16/20 0:00,4,3,1
6/16/20 1:00,2,1,1
6/16/20 2:00,1,0,1
6/16/20 3:00,0,0,0
6/16/20 4:00,1,1,0
6/16/20 5:00,23,1,22
6/16/20 6:00,70,12,58
6/16/20 7:00,67,10,57
6/16/20 8:00,69,9,60
6/16/20 9:00,41,16,25
6/16/20 10:00,31,8,23
6/16/20 11:00,39,13,26
6/16/20 12:00,50,18,32
6/16/20 13:00,60,25,35
6/16/20 14:00,66,34,32
6/16/20 15:00,90,62,28
6/16/20 16:00,124,84,40
6/16/20 17:00,170,106,64
6/16/20 18:00,98,71,27
6/16/20 19:00,58,44,14
6/16/20 20:00,35,14,21
6/16/20 21:00,29,15,14
6/16/20 22:00,5,2,3
6/16/20 23:00,9,6,3
6/17/20 0:00,7,5,2
6/17/20 1:00,2,1,1
6/17/20 2:00,2,1,1
6/17/20 3:00,0,0,0
6/17/20 4:00,5,3,2
6/17/20 5:00,30,5,25
6/17/20 6:00,76,10,66
6/17/20 7:00,85,10,75
6/17/20 8:00,60,13,47
6/17/20 9:00,58,16,42
6/17/20 10:00,54,13,41
6/17/20 11:00,56,28,28
6/17/20 12:00,55,19,36
6/17/20 13:00,52,33,19
6/17/20 14:00,95,57,38
6/17/20 15:00,125,84,41
6/17/20 16:00,141,88,53
6/17/20 17:00,172,120,52
6/17/20 18:00,142,93,49
6/17/20 19:00,96,54,42
6/17/20 20:00,53,21,32
6/17/20 21:00,34,23,11
6/17/20 22:00,9,5,4
6/17/20 23:00,17,8,9
6/18/20 0:00,5,2,3
6/18/20 1:00,3,1,2
6/18/20 2:00,2,1,1
6/18/20 3:00,1,0,1
6/18/20 4:00,5,0,5
6/18/20 5:00,26,3,23
6/18/20 6:00,73,12,61
6/18/20 7:00,88,15,73
6/18/20 8:00,74,17,57
6/18/20 9:00,64,19,45
6/18/20 10:00,50,16,34
6/18/20 11:00,74,32,42
6/18/20 12:00,62,33,29
6/18/20 13:00,75,40,35
6/18/20 14:00,76,46,30
6/18/20 15:00,147,84,63
6/18/20 16:00,168,114,54
6/18/20 17:00,163,105,58
6/18/20 18:00,126,88,38
6/18/20 19:00,81,44,37
6/18/20 20:00,53,27,26
6/18/20 21:00,36,16,20
6/18/20 22:00,12,6,6
6/18/20 23:00,12,9,3
6/19/20 0:00,3,2,1
6/19/20 1:00,2,0,2
6/19/20 2:00,5,2,3
6/19/20 3:00,0,0,0
6/19/20 4:00,5,0,5
6/19/20 5:00,31,4,27
6/19/20 6:00,52,6,46
6/19/20 7:00,83,17,66
6/19/20 8:00,68,14,54
6/19/20 9:00,58,18,40
6/19/20 10:00,65,22,43
6/19/20 11:00,78,34,44
6/19/20 12:00,81,39,42
6/19/20 13:00,92,39,53
6/19/20 14:00,101,59,42
6/19/20 15:00,132,81,51
6/19/20 16:00,150,96,54
6/19/20 17:00,123,88,35
6/19/20 18:00,88,57,31
6/19/20 19:00,71,43,28
6/19/20 20:00,54,31,23
6/19/20 21:00,23,10,13
6/19/20 22:00,7,2,5
6/19/20 23:00,3,2,1
6/20/20 0:00,10,1,9
6/20/20 1:00,1,0,1
6/20/20 2:00,0,0,0
6/20/20 3:00,4,4,0
6/20/20 4:00,1,1,0
6/20/20 5:00,2,0,2
6/20/20 6:00,9,4,5
6/20/20 7:00,15,5,10
6/20/20 8:00,14,4,10
6/20/20 9:00,18,9,9
6/20/20 10:00,35,16,19
6/20/20 11:00,35,17,18
6/20/20 12:00,40,26,14
6/20/20 13:00,56,24,32
6/20/20 14:00,58,37,21
6/20/20 15:00,85,50,35
6/20/20 16:00,79,41,38
6/20/20 17:00,52,27,25
6/20/20 18:00,53,32,21
6/20/20 19:00,41,24,17
6/20/20 20:00,21,10,11
6/20/20 21:00,27,13,14
6/20/20 22:00,10,3,7
6/20/20 23:00,5,2,3
6/21/20 0:00,2,0,2
6/21/20 1:00,3,3,0
6/21/20 2:00,2,1,1
6/21/20 3:00,3,2,1
6/21/20 4:00,0,0,0
6/21/20 5:00,5,0,5
6/21/20 6:00,15,5,10
6/21/20 7:00,13,5,8
6/21/20 8:00,32,11,21
6/21/20 9:00,41,21,20
6/21/20 10:00,70,26,44
6/21/20 11:00,81,46,35
6/21/20 12:00,91,43,48
6/21/20 13:00,124,75,49
6/21/20 14:00,121,67,54
6/21/20 15:00,120,57,63
6/21/20 16:00,123,67,56
6/21/20 17:00,77,39,38
6/21/20 18:00,51,20,31
6/21/20 19:00,41,15,26
6/21/20 20:00,24,9,15
6/21/20 21:00,11,5,6
6/21/20 22:00,6,4,2
6/21/20 23:00,4,3,1
6/22/20 0:00,3,0,3
6/22/20 1:00,2,1,1
6/22/20 2:00,0,0,0
6/22/20 3:00,1,1,0
6/22/20 4:00,7,3,4
6/22/20 5:00,29,3,26
6/22/20 6:00,75,9,66
6/22/20 7:00,89,18,71
6/22/20 8:00,85,15,70
6/22/20 9:00,47,14,33
6/22/20 10:00,40,21,19
6/22/20 11:00,63,28,35
6/22/20 12:00,67,29,38
6/22/20 13:00,67,34,33
6/22/20 14:00,78,39,39
6/22/20 15:00,112,75,37
6/22/20 16:00,115,78,37
6/22/20 17:00,167,124,43
6/22/20 18:00,127,80,47
6/22/20 19:00,71,34,37
6/22/20 20:00,49,26,23
6/22/20 21:00,19,5,14
6/22/20 22:00,7,4,3
6/22/20 23:00,6,6,0
6/23/20 0:00,2,1,1
6/23/20 1:00,3,1,2
6/23/20 2:00,2,0,2
6/23/20 3:00,2,0,2
6/23/20 4:00,8,2,6
6/23/20 5:00,30,2,28
6/23/20 6:00,78,9,69
6/23/20 7:00,106,14,92
6/23/20 8:00,76,17,59
6/23/20 9:00,63,22,41
6/23/20 10:00,48,14,34
6/23/20 11:00,60,33,27
6/23/20 12:00,61,25,36
6/23/20 13:00,80,44,36
6/23/20 14:00,74,39,35
6/23/20 15:00,120,78,42
6/23/20 16:00,112,73,39
6/23/20 17:00,156,118,38
6/23/20 18:00,97,71,26
6/23/20 19:00,71,37,34
6/23/20 20:00,38,20,18
6/23/20 21:00,16,8,8
6/23/20 22:00,10,7,3
6/23/20 23:00,8,7,1
6/24/20 0:00,2,1,1
6/24/20 1:00,5,4,1
6/24/20 2:00,1,0,1
6/24/20 3:00,2,1,1
6/24/20 4:00,13,4,9
6/24/20 5:00,25,8,17
6/24/20 6:00,93,19,74
6/24/20 7:00,83,9,74
6/24/20 8:00,79,18,61
6/24/20 9:00,51,14,37
6/24/20 10:00,48,14,34
6/24/20 11:00,42,15,27
6/24/20 12:00,51,23,28
6/24/20 13:00,40,24,16
6/24/20 14:00,57,29,28
6/24/20 15:00,94,60,34
6/24/20 16:00,132,97,35
6/24/20 17:00,138,110,28
6/24/20 18:00,107,74,33
6/24/20 19:00,69,37,32
6/24/20 20:00,60,33,27
6/24/20 21:00,25,14,11
6/24/20 22:00,9,5,4
6/24/20 23:00,11,9,2
6/25/20 0:00,1,0,1
6/25/20 1:00,3,3,0
6/25/20 2:00,2,2,0
6/25/20 3:00,8,3,5
6/25/20 4:00,11,1,10
6/25/20 5:00,40,6,34
6/25/20 6:00,83,10,73
6/25/20 7:00,99,12,87
6/25/20 8:00,64,13,51
6/25/20 9:00,72,28,44
6/25/20 10:00,37,16,21
6/25/20 11:00,52,21,31
6/25/20 12:00,53,29,24
6/25/20 13:00,79,41,38
6/25/20 14:00,83,47,36
6/25/20 15:00,117,66,51
6/25/20 16:00,163,105,58
6/25/20 17:00,146,108,38
6/25/20 18:00,123,90,33
6/25/20 19:00,97,62,35
6/25/20 20:00,51,29,22
6/25/20 21:00,59,21,38
6/25/20 22:00,16,8,8
6/25/20 23:00,13,6,7
6/26/20 0:00,6,4,2
6/26/20 1:00,2,0,2
6/26/20 2:00,7,3,4
6/26/20 3:00,0,0,0
6/26/20 4:00,8,1,7
6/26/20 5:00,26,3,23
6/26/20 6:00,68,14,54
6/26/20 7:00,71,11,60
6/26/20 8:00,70,14,56
6/26/20 9:00,63,21,42
6/26/20 10:00,52,21,31
6/26/20 11:00,73,26,47
6/26/20 12:00,67,37,30
6/26/20 13:00,86,52,34
6/26/20 14:00,100,58,42
6/26/20 15:00,138,88,50
6/26/20 16:00,145,91,54
6/26/20 17:00,127,85,42
6/26/20 18:00,83,60,23
6/26/20 19:00,60,35,25
6/26/20 20:00,42,19,23
6/26/20 21:00,31,11,20
6/26/20 22:00,8,6,2
6/26/20 23:00,8,4,4
6/27/20 0:00,3,2,1
6/27/20 1:00,1,0,1
6/27/20 2:00,0,0,0
6/27/20 3:00,1,1,0
6/27/20 4:00,3,2,1
6/27/20 5:00,12,2,10
6/27/20 6:00,8,2,6
6/27/20 7:00,11,5,6
6/27/20 8:00,12,8,4
6/27/20 9:00,30,20,10
6/27/20 10:00,31,14,17
6/27/20 11:00,52,20,32
6/27/20 12:00,30,12,18
6/27/20 13:00,19,7,12
6/27/20 14:00,30,12,18
6/27/20 15:00,33,23,10
6/27/20 16:00,24,13,11
6/27/20 17:00,28,13,15
6/27/20 18:00,19,12,7
6/27/20 19:00,14,7,7
6/27/20 20:00,6,6,0
6/27/20 21:00,4,1,3
6/27/20 22:00,3,3,0
6/27/20 23:00,0,0,0
6/28/20 0:00,0,0,0
6/28/20 1:00,0,0,0
6/28/20 2:00,2,1,1
6/28/20 3:00,3,1,2
6/28/20 4:00,0,0,0
6/28/20 5:00,2,0,2
6/28/20 6:00,10,1,9
6/28/20 7:00,15,10,5
6/28/20 8:00,17,6,11
6/28/20 9:00,17,9,8
6/28/20 10:00,42,25,17
6/28/20 11:00,61,37,24
6/28/20 12:00,73,32,41
6/28/20 13:00,116,55,61
6/28/20 14:00,115,55,60
6/28/20 15:00,118,54,64
6/28/20 16:00,94,51,43
6/28/20 17:00,98,53,45
6/28/20 18:00,61,37,24
6/28/20 19:00,49,25,24
6/28/20 20:00,33,18,15
6/28/20 21:00,27,8,19
6/28/20 22:00,8,4,4
6/28/20 23:00,12,6,6
6/29/20 0:00,7,2,5
6/29/20 1:00,1,1,0
6/29/20 2:00,1,0,1
6/29/20 3:00,1,0,1
6/29/20 4:00,5,1,4
6/29/20 5:00,24,2,22
6/29/20 6:00,68,9,59
6/29/20 7:00,70,13,57
6/29/20 8:00,79,8,71
6/29/20 9:00,45,12,33
6/29/20 10:00,34,11,23
6/29/20 11:00,50,19,31
6/29/20 12:00,53,28,25
6/29/20 13:00,50,24,26
6/29/20 14:00,80,46,34
6/29/20 15:00,81,47,34
6/29/20 16:00,113,75,38
6/29/20 17:00,132,107,25
6/29/20 18:00,90,65,25
6/29/20 19:00,44,24,20
6/29/20 20:00,31,15,16
6/29/20 21:00,17,12,5
6/29/20 22:00,5,4,1
6/29/20 23:00,8,7,1
6/30/20 0:00,3,2,1
6/30/20 1:00,1,0,1
6/30/20 2:00,1,1,0
6/30/20 3:00,0,0,0
6/30/20 4:00,2,0,2
6/30/20 5:00,24,3,21
6/30/20 6:00,51,9,42
6/30/20 7:00,52,9,43
6/30/20 8:00,35,6,29
6/30/20 9:00,22,6,16
6/30/20 10:00,12,3,9
6/30/20 11:00,26,9,17
6/30/20 12:00,27,13,14
6/30/20 13:00,30,10,20
6/30/20 14:00,52,26,26
6/30/20 15:00,45,31,14
6/30/20 16:00,68,49,19
6/30/20 17:00,80,62,18
6/30/20 18:00,56,45,11
6/30/20 19:00,31,18,13
6/30/20 20:00,30,14,16
6/30/20 21:00,22,12,10
6/30/20 22:00,8,4,4
6/30/20 23:00,6,5,1
10/1/20 0:00,4,2,2
10/1/20 1:00,4,2,2
10/1/20 2:00,2,0,2
10/1/20 3:00,3,1,2
10/1/20 4:00,3,1,2
10/1/20 5:00,39,7,32
10/1/20 6:00,65,9,56
10/1/20 7:00,84,10,74
10/1/20 8:00,74,13,61
10/1/20 9:00,62,21,41
10/1/20 10:00,25,12,13
10/1/20 11:00,43,17,26
10/1/20 12:00,35,17,18
10/1/20 13:00,41,20,21
10/1/20 14:00,44,26,18
10/1/20 15:00,82,57,25
10/1/20 16:00,86,59,27
10/1/20 17:00,126,89,37
10/1/20 18:00,90,66,24
10/1/20 19:00,35,25,10
10/1/20 20:00,22,12,10
10/1/20 21:00,14,8,6
10/1/20 22:00,11,9,2
10/1/20 23:00,6,5,1
10/2/20 0:00,3,3,0
10/2/20 1:00,3,2,1
10/2/20 2:00,7,4,3
10/2/20 3:00,3,1,2
10/2/20 4:00,6,2,4
10/2/20 5:00,22,3,19
10/2/20 6:00,52,3,49
10/2/20 7:00,73,18,55
10/2/20 8:00,67,10,57
10/2/20 9:00,45,15,30
10/2/20 10:00,38,16,22
10/2/20 11:00,26,8,18
10/2/20 12:00,44,22,22
10/2/20 13:00,52,24,28
10/2/20 14:00,77,46,31
10/2/20 15:00,95,66,29
10/2/20 16:00,109,71,38
10/2/20 17:00,92,69,23
10/2/20 18:00,70,47,23
10/2/20 19:00,33,14,19
10/2/20 20:00,14,10,4
10/2/20 21:00,16,11,5
10/2/20 22:00,13,6,7
10/2/20 23:00,2,0,2
10/3/20 0:00,2,1,1
10/3/20 1:00,2,2,0
10/3/20 2:00,4,2,2
10/3/20 3:00,2,1,1
10/3/20 4:00,1,1,0
10/3/20 5:00,9,0,9
10/3/20 6:00,11,5,6
7/1/20 0:00,4,3,1
7/1/20 1:00,0,0,0
7/1/20 2:00,2,1,1
7/1/20 3:00,0,0,0
7/1/20 4:00,4,0,4
7/1/20 5:00,28,3,25
7/1/20 6:00,65,5,60
7/1/20 7:00,80,9,71
7/1/20 8:00,57,19,38
7/1/20 9:00,42,13,29
7/1/20 10:00,27,8,19
7/1/20 11:00,32,6,26
7/1/20 12:00,47,20,27
7/1/20 13:00,34,16,18
7/1/20 14:00,65,32,33
7/1/20 15:00,104,68,36
7/1/20 16:00,113,79,34
7/1/20 17:00,115,83,32
7/1/20 18:00,65,48,17
7/1/20 19:00,42,29,13
7/1/20 20:00,24,13,11
7/1/20 21:00,14,11,3
7/1/20 22:00,8,6,2
7/1/20 23:00,5,4,1
7/2/20 0:00,4,1,3
7/2/20 1:00,3,1,2
7/2/20 2:00,0,0,0
7/2/20 3:00,1,0,1
7/2/20 4:00,6,4,2
7/2/20 5:00,25,4,21
7/2/20 6:00,65,15,50
7/2/20 7:00,74,9,65
7/2/20 8:00,68,19,49
7/2/20 9:00,36,11,25
7/2/20 10:00,34,10,24
7/2/20 11:00,35,20,15
7/2/20 12:00,53,26,27
7/2/20 13:00,46,24,22
7/2/20 14:00,60,34,26
7/2/20 15:00,71,42,29
7/2/20 16:00,102,74,28
7/2/20 17:00,108,71,37
7/2/20 18:00,80,48,32
7/2/20 19:00,54,41,13
7/2/20 20:00,34,21,13
7/2/20 21:00,12,8,4
7/2/20 22:00,11,4,7
7/2/20 23:00,6,5,1
7/3/20 0:00,2,2,0
7/3/20 1:00,2,1,1
7/3/20 2:00,1,1,0
7/3/20 3:00,2,0,2
7/3/20 4:00,4,4,0
7/3/20 5:00,10,2,8
7/3/20 6:00,19,4,15
7/3/20 7:00,28,7,21
7/3/20 8:00,35,17,18
7/3/20 9:00,60,23,37
7/3/20 10:00,53,31,22
7/3/20 11:00,73,28,45
7/3/20 12:00,66,31,35
7/3/20 13:00,108,48,60
7/3/20 14:00,91,52,39
7/3/20 15:00,94,49,45
7/3/20 16:00,86,51,35
7/3/20 17:00,51,33,18
7/3/20 18:00,54,25,29
7/3/20 19:00,35,18,17
7/3/20 20:00,26,12,14
7/3/20 21:00,20,13,7
7/3/20 22:00,9,7,2
7/3/20 23:00,4,2,2
7/4/20 0:00,7,3,4
7/4/20 1:00,5,2,3
7/4/20 2:00,4,1,3
7/4/20 3:00,3,0,3
7/4/20 4:00,3,3,0
7/4/20 5:00,9,1,8
7/4/20 6:00,6,4,2
7/4/20 7:00,15,6,9
7/4/20 8:00,35,19,16
7/4/20 9:00,44,19,25
7/4/20 10:00,46,21,25
7/4/20 11:00,75,42,33
7/4/20 12:00,96,43,53
7/4/20 13:00,91,44,47
7/4/20 14:00,118,57,61
7/4/20 15:00,93,55,38
7/4/20 16:00,95,58,37
7/4/20 17:00,58,27,31
7/4/20 18:00,34,16,18
7/4/20 19:00,40,19,21
7/4/20 20:00,29,12,17
7/4/20 21:00,25,9,16
7/4/20 22:00,6,4,2
7/4/20 23:00,3,2,1
7/5/20 0:00,7,2,5
7/5/20 1:00,5,4,1
7/5/20 2:00,0,0,0
7/5/20 3:00,1,0,1
7/5/20 4:00,3,2,1
7/5/20 5:00,6,1,5
7/5/20 6:00,6,2,4
7/5/20 7:00,17,4,13
7/5/20 8:00,35,15,20
7/5/20 9:00,45,20,25
7/5/20 10:00,82,48,34
7/5/20 11:00,105,57,48
7/5/20 12:00,116,53,63
7/5/20 13:00,118,53,65
7/5/20 14:00,130,70,60
7/5/20 15:00,146,80,66
7/5/20 16:00,119,64,55
7/5/20 17:00,87,44,43
7/5/20 18:00,61,28,33
7/5/20 19:00,42,16,26
7/5/20 20:00,38,21,17
7/5/20 21:00,26,9,17
7/5/20 22:00,2,0,2
7/5/20 23:00,2,0,2
7/6/20 0:00,9,5,4
7/6/20 1:00,1,1,0
7/6/20 2:00,1,0,1
7/6/20 3:00,4,0,4
7/6/20 4:00,6,0,6
7/6/20 5:00,37,5,32
7/6/20 6:00,57,7,50
7/6/20 7:00,75,7,68
7/6/20 8:00,61,10,51
7/6/20 9:00,36,12,24
7/6/20 10:00,36,10,26
7/6/20 11:00,69,27,42
7/6/20 12:00,60,38,22
7/6/20 13:00,47,29,18
7/6/20 14:00,85,36,49
7/6/20 15:00,94,70,24
7/6/20 16:00,111,59,52
7/6/20 17:00,127,92,35
7/6/20 18:00,94,65,29
7/6/20 19:00,54,35,19
7/6/20 20:00,36,23,13
7/6/20 21:00,14,9,5
7/6/20 22:00,2,1,1
7/6/20 23:00,3,1,2
7/7/20 0:00,7,4,3
7/7/20 1:00,2,0,2
7/7/20 2:00,1,1,0
7/7/20 3:00,1,0,1
7/7/20 4:00,4,0,4
7/7/20 5:00,28,4,24
7/7/20 6:00,65,7,58
7/7/20 7:00,82,8,74
7/7/20 8:00,52,7,45
7/7/20 9:00,43,12,31
7/7/20 10:00,39,11,28
7/7/20 11:00,41,22,19
7/7/20 12:00,37,17,20
7/7/20 13:00,26,13,13
7/7/20 14:00,56,28,28
7/7/20 15:00,61,37,24
7/7/20 16:00,96,70,26
7/7/20 17:00,114,79,35
7/7/20 18:00,94,67,27
7/7/20 19:00,53,33,20
7/7/20 20:00,24,19,5
7/7/20 21:00,13,8,5
7/7/20 22:00,3,1,2
7/7/20 23:00,7,5,2
7/8/20 0:00,2,0,2
7/8/20 1:00,1,1,0
7/8/20 2:00,1,0,1
7/8/20 3:00,1,0,1
7/8/20 4:00,4,0,4
7/8/20 5:00,27,5,22
7/8/20 6:00,72,9,63
7/8/20 7:00,100,15,85
7/8/20 8:00,70,10,60
7/8/20 9:00,40,14,26
7/8/20 10:00,31,13,18
7/8/20 11:00,57,28,29
7/8/20 12:00,54,20,34
7/8/20 13:00,58,30,28
7/8/20 14:00,64,32,32
7/8/20 15:00,86,55,31
7/8/20 16:00,130,82,48
7/8/20 17:00,176,124,52
7/8/20 18:00,145,87,58
7/8/20 19:00,86,50,36
7/8/20 20:00,75,35,40
7/8/20 21:00,20,10,10
7/8/20 22:00,9,8,1
7/8/20 23:00,7,6,1
7/9/20 0:00,3,2,1
7/9/20 1:00,3,1,2
7/9/20 2:00,4,2,2
7/9/20 3:00,2,1,1
7/9/20 4:00,6,1,5
7/9/20 5:00,25,3,22
7/9/20 6:00,74,9,65
7/9/20 7:00,73,14,59
7/9/20 8:00,57,12,45
7/9/20 9:00,38,3,35
7/9/20 10:00,32,7,25
7/9/20 11:00,50,27,23
7/9/20 12:00,40,17,23
7/9/20 13:00,34,15,19
7/9/20 14:00,54,24,30
7/9/20 15:00,74,46,28
7/9/20 16:00,108,81,27
7/9/20 17:00,126,89,37
7/9/20 18:00,96,62,34
7/9/20 19:00,61,37,24
7/9/20 20:00,32,23,9
7/9/20 21:00,6,4,2
7/9/20 22:00,11,7,4
7/9/20 23:00,5,3,2
7/10/20 0:00,5,4,1
7/10/20 1:00,4,2,2
7/10/20 2:00,1,1,0
7/10/20 3:00,0,0,0
7/10/20 4:00,4,1,3
7/10/20 5:00,26,4,22
7/10/20 6:00,79,12,67
7/10/20 7:00,73,9,64
7/10/20 8:00,78,18,60
7/10/20 9:00,44,11,33
7/10/20 10:00,70,25,45
7/10/20 11:00,66,22,44
7/10/20 12:00,40,20,20
7/10/20 13:00,72,44,28
7/10/20 14:00,92,51,41
7/10/20 15:00,98,55,43
7/10/20 16:00,147,96,51
7/10/20 17:00,151,115,36
7/10/20 18:00,96,68,28
7/10/20 19:00,50,26,24
7/10/20 20:00,51,23,28
7/10/20 21:00,23,10,13
7/10/20 22:00,21,14,7
7/10/20 23:00,8,5,3
7/11/20 0:00,8,7,1
7/11/20 1:00,5,1,4
7/11/20 2:00,2,1,1
7/11/20 3:00,2,1,1
7/11/20 4:00,4,1,3
7/11/20 5:00,10,2,8
7/11/20 6:00,19,7,12
7/11/20 7:00,33,14,19
7/11/20 8:00,51,16,35
7/11/20 9:00,55,25,30
7/11/20 10:00,86,36,50
7/11/20 11:00,96,46,50
7/11/20 12:00,104,54,50
7/11/20 13:00,112,62,50
7/11/20 14:00,121,70,51
7/11/20 15:00,100,53,47
7/11/20 16:00,104,44,60
7/11/20 17:00,66,37,29
7/11/20 18:00,46,28,18
7/11/20 19:00,25,16,9
7/11/20 20:00,19,11,8
7/11/20 21:00,12,4,8
7/11/20 22:00,5,3,2
7/11/20 23:00,7,4,3
7/12/20 0:00,4,1,3
7/12/20 1:00,1,0,1
7/12/20 2:00,2,1,1
7/12/20 3:00,0,0,0
7/12/20 4:00,1,0,1
7/12/20 5:00,2,1,1
7/12/20 6:00,11,5,6
7/12/20 7:00,12,4,8
7/12/20 8:00,10,5,5
7/12/20 9:00,19,8,11
7/12/20 10:00,18,7,11
7/12/20 11:00,42,19,23
7/12/20 12:00,58,22,36
7/12/20 13:00,76,35,41
7/12/20 14:00,116,63,53
7/12/20 15:00,130,59,71
7/12/20 16:00,124,65,59
7/12/20 17:00,89,42,47
7/12/20 18:00,84,46,38
7/12/20 19:00,43,23,20
7/12/20 20:00,35,21,14
7/12/20 21:00,10,5,5
7/12/20 22:00,10,6,4
7/12/20 23:00,10,6,4
7/13/20 0:00,2,0,2
7/13/20 1:00,3,1,2
7/13/20 2:00,1,0,1
7/13/20 3:00,2,2,0
7/13/20 4:00,4,0,4
7/13/20 5:00,31,5,26
7/13/20 6:00,78,8,70
7/13/20 7:00,91,15,76
7/13/20 8:00,83,14,69
7/13/20 9:00,60,17,43
7/13/20 10:00,49,12,37
7/13/20 11:00,52,28,24
7/13/20 12:00,56,26,30
7/13/20 13:00,54,27,27
7/13/20 14:00,68,47,21
7/13/20 15:00,101,71,30
7/13/20 16:00,109,80,29
7/13/20 17:00,163,113,50
7/13/20 18:00,117,74,43
7/13/20 19:00,62,40,22
7/13/20 20:00,36,15,21
7/13/20 21:00,25,11,14
7/13/20 22:00,6,2,4
7/13/20 23:00,4,3,1
7/14/20 0:00,10,6,4
7/14/20 1:00,2,2,0
7/14/20 2:00,0,0,0
7/14/20 3:00,2,1,1
7/14/20 4:00,9,0,9
7/14/20 5:00,34,6,28
7/14/20 6:00,92,14,78
7/14/20 7:00,97,15,82
7/14/20 8:00,78,16,62
7/14/20 9:00,55,16,39
7/14/20 10:00,74,24,50
7/14/20 11:00,38,21,17
7/14/20 12:00,71,30,41
7/14/20 13:00,54,26,28
7/14/20 14:00,59,37,22
7/14/20 15:00,96,60,36
7/14/20 16:00,126,86,40
7/14/20 17:00,177,125,52
7/14/20 18:00,132,100,32
7/14/20 19:00,67,47,20
7/14/20 20:00,70,31,39
7/14/20 21:00,24,9,15
7/14/20 22:00,7,3,4
7/14/20 23:00,4,1,3
7/15/20 0:00,5,2,3
7/15/20 1:00,0,0,0
7/15/20 2:00,5,3,2
7/15/20 3:00,3,1,2
7/15/20 4:00,7,1,6
7/15/20 5:00,34,6,28
7/15/20 6:00,90,11,79
7/15/20 7:00,83,12,71
7/15/20 8:00,82,16,66
7/15/20 9:00,61,21,40
7/15/20 10:00,38,10,28
7/15/20 11:00,53,23,30
7/15/20 12:00,62,35,27
7/15/20 13:00,47,28,19
7/15/20 14:00,78,38,40
7/15/20 15:00,103,73,30
7/15/20 16:00,156,102,54
7/15/20 17:00,152,102,50
7/15/20 18:00,133,89,44
7/15/20 19:00,83,45,38
7/15/20 20:00,57,30,27
7/15/20 21:00,32,17,15
7/15/20 22:00,13,5,8
7/15/20 23:00,7,4,3
7/16/20 0:00,4,1,3
7/16/20 1:00,4,4,0
7/16/20 2:00,7,3,4
7/16/20 3:00,1,0,1
7/16/20 4:00,6,1,5
7/16/20 5:00,44,7,37
7/16/20 6:00,95,14,81
7/16/20 7:00,104,15,89
7/16/20 8:00,77,14,63
7/16/20 9:00,54,18,36
7/16/20 10:00,71,32,39
7/16/20 11:00,63,21,42
7/16/20 12:00,72,41,31
7/16/20 13:00,62,34,28
7/16/20 14:00,62,30,32
7/16/20 15:00,89,61,28
7/16/20 16:00,127,93,34
7/16/20 17:00,173,127,46
7/16/20 18:00,100,66,34
7/16/20 19:00,66,49,17
7/16/20 20:00,51,33,18
7/16/20 21:00,19,13,6
7/16/20 22:00,15,6,9
7/16/20 23:00,6,3,3
7/17/20 0:00,5,4,1
7/17/20 1:00,3,1,2
7/17/20 2:00,3,0,3
7/17/20 3:00,3,2,1
7/17/20 4:00,4,0,4
7/17/20 5:00,15,1,14
7/17/20 6:00,44,9,35
7/17/20 7:00,41,9,32
7/17/20 8:00,47,10,37
7/17/20 9:00,26,12,14
7/17/20 10:00,34,14,20
7/17/20 11:00,34,15,19
7/17/20 12:00,39,19,20
7/17/20 13:00,39,21,18
7/17/20 14:00,47,26,21
7/17/20 15:00,56,32,24
7/17/20 16:00,72,44,28
7/17/20 17:00,110,83,27
7/17/20 18:00,61,38,23
7/17/20 19:00,37,26,11
7/17/20 20:00,40,26,14
7/17/20 21:00,23,7,16
7/17/20 22:00,7,4,3
7/17/20 23:00,6,3,3
7/18/20 0:00,7,4,3
7/18/20 1:00,1,1,0
7/18/20 2:00,1,0,1
7/18/20 3:00,2,1,1
7/18/20 4:00,3,2,1
7/18/20 5:00,8,0,8
7/18/20 6:00,14,3,11
7/18/20 7:00,35,14,21
7/18/20 8:00,49,19,30
7/18/20 9:00,96,53,43
7/18/20 10:00,105,52,53
7/18/20 11:00,131,64,67
7/18/20 12:00,148,67,81
7/18/20 13:00,128,64,64
7/18/20 14:00,126,69,57
7/18/20 15:00,135,83,52
7/18/20 16:00,131,62,69
7/18/20 17:00,103,62,41
7/18/20 18:00,100,59,41
7/18/20 19:00,63,25,38
7/18/20 20:00,48,14,34
7/18/20 21:00,19,6,13
7/18/20 22:00,9,8,1
7/18/20 23:00,2,1,1
7/19/20 0:00,3,3,0
7/19/20 1:00,0,0,0
7/19/20 2:00,1,1,0
7/19/20 3:00,2,1,1
7/19/20 4:00,2,2,0
7/19/20 5:00,3,0,3
7/19/20 6:00,15,8,7
7/19/20 7:00,36,10,26
7/19/20 8:00,40,20,20
7/19/20 9:00,70,25,45
7/19/20 10:00,84,37,47
7/19/20 11:00,109,51,58
7/19/20 12:00,127,69,58
7/19/20 13:00,147,77,70
7/19/20 14:00,115,56,59
7/19/20 15:00,108,52,56
7/19/20 16:00,96,47,49
7/19/20 17:00,73,38,35
7/19/20 18:00,53,35,18
7/19/20 19:00,37,20,17
7/19/20 20:00,32,15,17
7/19/20 21:00,14,7,7
7/19/20 22:00,4,2,2
7/19/20 23:00,7,4,3
7/20/20 0:00,2,0,2
7/20/20 1:00,3,1,2
7/20/20 2:00,1,1,0
7/20/20 3:00,1,1,0
7/20/20 4:00,6,3,3
7/20/20 5:00,38,7,31
7/20/20 6:00,79,10,69
7/20/20 7:00,83,8,75
7/20/20 8:00,75,16,59
7/20/20 9:00,64,11,53
7/20/20 10:00,48,23,25
7/20/20 11:00,53,29,24
7/20/20 12:00,53,22,31
7/20/20 13:00,70,37,33
7/20/20 14:00,66,42,24
7/20/20 15:00,87,54,33
7/20/20 16:00,109,81,28
7/20/20 17:00,124,94,30
7/20/20 18:00,95,70,25
7/20/20 19:00,66,42,24
7/20/20 20:00,41,19,22
7/20/20 21:00,14,8,6
7/20/20 22:00,6,5,1
7/20/20 23:00,10,5,5
7/21/20 0:00,3,2,1
7/21/20 1:00,1,1,0
7/21/20 2:00,1,0,1
7/21/20 3:00,1,0,1
7/21/20 4:00,8,1,7
7/21/20 5:00,44,7,37
7/21/20 6:00,98,8,90
7/21/20 7:00,88,22,66
7/21/20 8:00,83,15,68
7/21/20 9:00,70,28,42
7/21/20 10:00,59,17,42
7/21/20 11:00,55,26,29
7/21/20 12:00,56,31,25
7/21/20 13:00,46,23,23
7/21/20 14:00,60,41,19
7/21/20 15:00,96,58,38
7/21/20 16:00,137,90,47
7/21/20 17:00,153,111,42
7/21/20 18:00,131,85,46
7/21/20 19:00,74,44,30
7/21/20 20:00,59,34,25
7/21/20 21:00,28,11,17
7/21/20 22:00,7,6,1
7/21/20 23:00,5,3,2
7/22/20 0:00,6,5,1
7/22/20 1:00,5,1,4
7/22/20 2:00,3,0,3
7/22/20 3:00,1,0,1
7/22/20 4:00,8,3,5
7/22/20 5:00,28,4,24
7/22/20 6:00,91,8,83
7/22/20 7:00,90,15,75
7/22/20 8:00,69,20,49
7/22/20 9:00,45,12,33
7/22/20 10:00,35,6,29
7/22/20 11:00,34,12,22
7/22/20 12:00,34,12,22
7/22/20 13:00,40,16,24
7/22/20 14:00,64,44,20
7/22/20 15:00,79,56,23
7/22/20 16:00,129,80,49
7/22/20 17:00,136,99,37
7/22/20 18:00,102,77,25
7/22/20 19:00,68,41,27
7/22/20 20:00,32,15,17
7/22/20 21:00,29,13,16
7/22/20 22:00,10,4,6
7/22/20 23:00,4,2,2
7/23/20 0:00,2,1,1
7/23/20 1:00,3,2,1
7/23/20 2:00,2,0,2
7/23/20 3:00,3,1,2
7/23/20 4:00,4,1,3
7/23/20 5:00,26,2,24
7/23/20 6:00,87,13,74
7/23/20 7:00,93,14,79
7/23/20 8:00,67,16,51
7/23/20 9:00,48,15,33
7/23/20 10:00,33,11,22
7/23/20 11:00,44,26,18
7/23/20 12:00,65,29,36
7/23/20 13:00,54,22,32
7/23/20 14:00,81,47,34
7/23/20 15:00,83,51,32
7/23/20 16:00,107,77,30
7/23/20 17:00,155,108,47
7/23/20 18:00,103,78,25
7/23/20 19:00,67,39,28
7/23/20 20:00,50,24,26
7/23/20 21:00,21,9,12
7/23/20 22:00,7,3,4
7/23/20 23:00,7,4,3
7/24/20 0:00,2,1,1
7/24/20 1:00,4,2,2
7/24/20 2:00,5,1,4
7/24/20 3:00,1,0,1
7/24/20 4:00,10,2,8
7/24/20 5:00,31,5,26
7/24/20 6:00,55,6,49
7/24/20 7:00,79,7,72
7/24/20 8:00,77,24,53
7/24/20 9:00,69,29,40
7/24/20 10:00,47,16,31
7/24/20 11:00,53,19,34
7/24/20 12:00,70,30,40
7/24/20 13:00,49,28,21
7/24/20 14:00,73,38,35
7/24/20 15:00,91,63,28
7/24/20 16:00,94,72,22
7/24/20 17:00,122,89,33
7/24/20 18:00,83,54,29
7/24/20 19:00,52,32,20
7/24/20 20:00,35,19,16
7/24/20 21:00,16,11,5
7/24/20 22:00,10,5,5
7/24/20 23:00,11,6,5
7/25/20 0:00,2,1,1
7/25/20 1:00,1,0,1
7/25/20 2:00,5,2,3
7/25/20 3:00,1,0,1
7/25/20 4:00,0,0,0
7/25/20 5:00,12,1,11
7/25/20 6:00,22,3,19
7/25/20 7:00,23,7,16
7/25/20 8:00,45,18,27
7/25/20 9:00,76,37,39
7/25/20 10:00,89,50,39
7/25/20 11:00,129,58,71
7/25/20 12:00,117,51,66
7/25/20 13:00,110,58,52
7/25/20 14:00,132,71,61
7/25/20 15:00,109,53,56
7/25/20 16:00,106,62,44
7/25/20 17:00,92,50,42
7/25/20 18:00,78,43,35
7/25/20 19:00,49,30,19
7/25/20 20:00,23,12,11
7/25/20 21:00,28,15,13
7/25/20 22:00,17,6,11
7/25/20 23:00,4,2,2
7/26/20 0:00,6,3,3
7/26/20 1:00,1,0,1
7/26/20 2:00,4,1,3
7/26/20 3:00,1,0,1
7/26/20 4:00,3,2,1
7/26/20 5:00,7,1,6
7/26/20 6:00,26,8,18
7/26/20 7:00,29,16,13
7/26/20 8:00,58,32,26
7/26/20 9:00,73,30,43
7/26/20 10:00,92,45,47
7/26/20 11:00,139,79,60
7/26/20 12:00,136,60,76
7/26/20 13:00,109,51,58
7/26/20 14:00,113,55,58
7/26/20 15:00,98,52,46
7/26/20 16:00,80,46,34
7/26/20 17:00,109,51,58
7/26/20 18:00,57,28,29
7/26/20 19:00,33,15,18
7/26/20 20:00,35,17,18
7/26/20 21:00,22,11,11
7/26/20 22:00,1,0,1
7/26/20 23:00,9,6,3
7/27/20 0:00,2,0,2
7/27/20 1:00,5,3,2
7/27/20 2:00,2,1,1
7/27/20 3:00,0,0,0
7/27/20 4:00,10,0,10
7/27/20 5:00,34,5,29
7/27/20 6:00,74,18,56
7/27/20 7:00,90,11,79
7/27/20 8:00,63,15,48
7/27/20 9:00,51,13,38
7/27/20 10:00,47,25,22
7/27/20 11:00,47,13,34
7/27/20 12:00,41,21,20
7/27/20 13:00,49,26,23
7/27/20 14:00,63,37,26
7/27/20 15:00,90,57,33
7/27/20 16:00,89,59,30
7/27/20 17:00,110,82,28
7/27/20 18:00,88,70,18
7/27/20 19:00,51,34,17
7/27/20 20:00,31,19,12
7/27/20 21:00,20,6,14
7/27/20 22:00,9,6,3
7/27/20 23:00,5,4,1
7/28/20 0:00,4,3,1
7/28/20 1:00,3,2,1
7/28/20 2:00,4,1,3
7/28/20 3:00,3,2,1
7/28/20 4:00,6,0,6
7/28/20 5:00,39,5,34
7/28/20 6:00,85,10,75
7/28/20 7:00,95,10,85
7/28/20 8:00,78,17,61
7/28/20 9:00,50,12,38
7/28/20 10:00,43,15,28
7/28/20 11:00,55,24,31
7/28/20 12:00,49,21,28
7/28/20 13:00,50,24,26
7/28/20 14:00,64,38,26
7/28/20 15:00,96,68,28
7/28/20 16:00,131,98,33
7/28/20 17:00,141,104,37
7/28/20 18:00,108,85,23
7/28/20 19:00,60,30,30
7/28/20 20:00,69,46,23
7/28/20 21:00,19,10,9
7/28/20 22:00,12,8,4
7/28/20 23:00,4,1,3
7/29/20 0:00,3,2,1
7/29/20 1:00,1,0,1
7/29/20 2:00,6,2,4
7/29/20 3:00,1,1,0
7/29/20 4:00,8,3,5
7/29/20 5:00,45,9,36
7/29/20 6:00,69,8,61
7/29/20 7:00,93,17,76
7/29/20 8:00,85,21,64
7/29/20 9:00,37,10,27
7/29/20 10:00,55,25,30
7/29/20 11:00,51,26,25
7/29/20 12:00,54,22,32
7/29/20 13:00,69,35,34
7/29/20 14:00,78,31,47
7/29/20 15:00,85,56,29
7/29/20 16:00,121,90,31
7/29/20 17:00,157,110,47
7/29/20 18:00,96,66,30
7/29/20 19:00,72,41,31
7/29/20 20:00,50,33,17
7/29/20 21:00,24,10,14
7/29/20 22:00,24,12,12
7/29/20 23:00,9,7,2
7/30/20 0:00,5,3,2
7/30/20 1:00,3,2,1
7/30/20 2:00,3,1,2
7/30/20 3:00,2,2,0
7/30/20 4:00,9,3,6
7/30/20 5:00,38,7,31
7/30/20 6:00,80,10,70
7/30/20 7:00,102,13,89
7/30/20 8:00,82,20,62
7/30/20 9:00,82,21,61
7/30/20 10:00,44,21,23
7/30/20 11:00,53,27,26
7/30/20 12:00,64,27,37
7/30/20 13:00,47,22,25
7/30/20 14:00,81,49,32
7/30/20 15:00,96,60,36
7/30/20 16:00,124,85,39
7/30/20 17:00,137,92,45
7/30/20 18:00,103,77,26
7/30/20 19:00,70,51,19
7/30/20 20:00,51,28,23
7/30/20 21:00,34,20,14
7/30/20 22:00,14,6,8
7/30/20 23:00,12,10,2
7/31/20 0:00,9,6,3
7/31/20 1:00,4,2,2
7/31/20 2:00,5,2,3
7/31/20 3:00,2,1,1
7/31/20 4:00,9,1,8
7/31/20 5:00,40,3,37
7/31/20 6:00,54,10,44
7/31/20 7:00,94,19,75
7/31/20 8:00,85,24,61
7/31/20 9:00,65,21,44
7/31/20 10:00,40,17,23
7/31/20 11:00,61,26,35
7/31/20 12:00,46,23,23
7/31/20 13:00,72,26,46
7/31/20 14:00,69,36,33
7/31/20 15:00,98,64,34
7/31/20 16:00,95,69,26
7/31/20 17:00,110,83,27
7/31/20 18:00,78,55,23
7/31/20 19:00,53,34,19
7/31/20 20:00,40,19,21
7/31/20 21:00,18,12,6
7/31/20 22:00,7,7,0
7/31/20 23:00,8,6,2
10/3/20 7:00,17,5,12
10/3/20 8:00,39,24,15
10/3/20 9:00,44,21,23
10/3/20 10:00,59,15,44
10/3/20 11:00,68,34,34
10/3/20 12:00,59,28,31
10/3/20 13:00,68,39,29
10/3/20 14:00,74,32,42
10/3/20 15:00,85,41,44
10/3/20 16:00,68,41,27
10/3/20 17:00,53,26,27
10/3/20 18:00,33,10,23
10/3/20 19:00,14,9,5
10/3/20 20:00,3,0,3
10/3/20 21:00,7,3,4
10/3/20 22:00,1,1,0
10/3/20 23:00,4,3,1
10/4/20 0:00,2,0,2
10/4/20 1:00,0,0,0
10/4/20 2:00,5,3,2
10/4/20 3:00,0,0,0
10/4/20 4:00,3,2,1
10/4/20 5:00,3,1,2
10/4/20 6:00,13,3,10
10/4/20 7:00,12,6,6
10/4/20 8:00,24,12,12
10/4/20 9:00,27,15,12
10/4/20 10:00,29,15,14
10/4/20 11:00,46,16,30
10/4/20 12:00,32,16,16
10/4/20 13:00,53,28,25
10/4/20 14:00,62,26,36
8/1/20 0:00,9,6,3
8/1/20 1:00,1,0,1
8/1/20 2:00,3,0,3
8/1/20 3:00,4,1,3
8/1/20 4:00,3,0,3
8/1/20 5:00,13,5,8
8/1/20 6:00,20,3,17
8/1/20 7:00,37,18,19
8/1/20 8:00,60,31,29
8/1/20 9:00,69,31,38
8/1/20 10:00,94,53,41
8/1/20 11:00,72,38,34
8/1/20 12:00,93,40,53
8/1/20 13:00,112,54,58
8/1/20 14:00,103,50,53
8/1/20 15:00,98,52,46
8/1/20 16:00,99,59,40
8/1/20 17:00,76,35,41
8/1/20 18:00,58,26,32
8/1/20 19:00,65,31,34
8/1/20 20:00,31,14,17
8/1/20 21:00,28,9,19
8/1/20 22:00,12,6,6
8/1/20 23:00,4,4,0
8/2/20 0:00,7,6,1
8/2/20 1:00,2,1,1
8/2/20 2:00,3,2,1
8/2/20 3:00,2,0,2
8/2/20 4:00,1,0,1
8/2/20 5:00,9,4,5
8/2/20 6:00,20,8,12
8/2/20 7:00,31,15,16
8/2/20 8:00,54,27,27
8/2/20 9:00,75,39,36
8/2/20 10:00,91,48,43
8/2/20 11:00,107,57,50
8/2/20 12:00,144,81,63
8/2/20 13:00,126,57,69
8/2/20 14:00,119,66,53
8/2/20 15:00,104,54,50
8/2/20 16:00,121,69,52
8/2/20 17:00,76,38,38
8/2/20 18:00,74,32,42
8/2/20 19:00,55,30,25
8/2/20 20:00,19,9,10
8/2/20 21:00,10,5,5
8/2/20 22:00,7,4,3
8/2/20 23:00,3,1,2
8/3/20 0:00,7,4,3
8/3/20 1:00,4,1,3
8/3/20 2:00,3,1,2
8/3/20 3:00,1,0,1
8/3/20 4:00,7,1,6
8/3/20 5:00,38,5,33
8/3/20 6:00,90,14,76
8/3/20 7:00,81,9,72
8/3/20 8:00,85,13,72
8/3/20 9:00,41,17,24
8/3/20 10:00,37,17,20
8/3/20 11:00,38,15,23
8/3/20 12:00,34,14,20
8/3/20 13:00,40,17,23
8/3/20 14:00,62,34,28
8/3/20 15:00,94,58,36
8/3/20 16:00,102,65,37
8/3/20 17:00,151,117,34
8/3/20 18:00,86,61,25
8/3/20 19:00,49,28,21
8/3/20 20:00,47,30,17
8/3/20 21:00,14,7,7
8/3/20 22:00,11,8,3
8/3/20 23:00,7,4,3
8/4/20 0:00,4,4,0
8/4/20 1:00,2,2,0
8/4/20 2:00,2,0,2
8/4/20 3:00,2,1,1
8/4/20 4:00,10,4,6
8/4/20 5:00,42,5,37
8/4/20 6:00,92,12,80
8/4/20 7:00,104,18,86
8/4/20 8:00,82,16,66
8/4/20 9:00,63,23,40
8/4/20 10:00,51,16,35
8/4/20 11:00,49,19,30
8/4/20 12:00,39,23,16
8/4/20 13:00,53,31,22
8/4/20 14:00,69,43,26
8/4/20 15:00,88,58,30
8/4/20 16:00,112,81,31
8/4/20 17:00,148,102,46
8/4/20 18:00,111,83,28
8/4/20 19:00,84,54,30
8/4/20 20:00,54,29,25
8/4/20 21:00,17,8,9
8/4/20 22:00,14,8,6
8/4/20 23:00,6,4,2
8/5/20 0:00,5,4,1
8/5/20 1:00,2,2,0
8/5/20 2:00,3,0,3
8/5/20 3:00,1,1,0
8/5/20 4:00,3,1,2
8/5/20 5:00,45,6,39
8/5/20 6:00,84,15,69
8/5/20 7:00,93,19,74
8/5/20 8:00,87,17,70
8/5/20 9:00,71,16,55
8/5/20 10:00,47,19,28
8/5/20 11:00,51,20,31
8/5/20 12:00,57,23,34
8/5/20 13:00,58,35,23
8/5/20 14:00,84,43,41
8/5/20 15:00,99,62,37
8/5/20 16:00,137,100,37
8/5/20 17:00,151,114,37
8/5/20 18:00,122,84,38
8/5/20 19:00,69,46,23
8/5/20 20:00,78,30,48
8/5/20 21:00,30,15,15
8/5/20 22:00,10,4,6
8/5/20 23:00,10,5,5
8/6/20 0:00,6,6,0
8/6/20 1:00,4,2,2
8/6/20 2:00,4,1,3
8/6/20 3:00,3,2,1
8/6/20 4:00,6,4,2
8/6/20 5:00,28,7,21
8/6/20 6:00,82,5,77
8/6/20 7:00,71,11,60
8/6/20 8:00,34,5,29
8/6/20 9:00,41,14,27
8/6/20 10:00,21,3,18
8/6/20 11:00,21,6,15
8/6/20 12:00,24,10,14
8/6/20 13:00,30,14,16
8/6/20 14:00,42,31,11
8/6/20 15:00,57,37,20
8/6/20 16:00,76,57,19
8/6/20 17:00,99,80,19
8/6/20 18:00,60,41,19
8/6/20 19:00,24,20,4
8/6/20 20:00,26,16,10
8/6/20 21:00,12,8,4
8/6/20 22:00,8,5,3
8/6/20 23:00,3,1,2
8/7/20 0:00,5,3,2
8/7/20 1:00,1,0,1
8/7/20 2:00,3,1,2
8/7/20 3:00,2,1,1
8/7/20 4:00,9,3,6
8/7/20 5:00,26,1,25
8/7/20 6:00,62,6,56
8/7/20 7:00,68,10,58
8/7/20 8:00,66,14,52
8/7/20 9:00,62,13,49
8/7/20 10:00,57,27,30
8/7/20 11:00,55,26,29
8/7/20 12:00,63,31,32
8/7/20 13:00,82,33,49
8/7/20 14:00,74,47,27
8/7/20 15:00,112,75,37
8/7/20 16:00,125,86,39
8/7/20 17:00,139,81,58
8/7/20 18:00,134,91,43
8/7/20 19:00,47,33,14
8/7/20 20:00,49,14,35
8/7/20 21:00,15,8,7
8/7/20 22:00,9,8,1
8/7/20 23:00,13,10,3
8/8/20 0:00,4,4,0
8/8/20 1:00,2,1,1
8/8/20 2:00,3,0,3
8/8/20 3:00,3,1,2
8/8/20 4:00,2,0,2
8/8/20 5:00,9,0,9
8/8/20 6:00,11,5,6
8/8/20 7:00,21,7,14
8/8/20 8:00,46,24,22
8/8/20 9:00,38,16,22
8/8/20 10:00,65,36,29
8/8/20 11:00,63,33,30
8/8/20 12:00,67,29,38
8/8/20 13:00,63,23,40
8/8/20 14:00,89,55,34
8/8/20 15:00,59,34,25
8/8/20 16:00,79,36,43
8/8/20 17:00,72,32,40
8/8/20 18:00,49,22,27
8/8/20 19:00,40,28,12
8/8/20 20:00,14,11,3
8/8/20 21:00,19,9,10
8/8/20 22:00,10,3,7
8/8/20 23:00,5,3,2
8/9/20 0:00,1,1,0
8/9/20 1:00,5,2,3
8/9/20 2:00,0,0,0
8/9/20 3:00,1,1,0
8/9/20 4:00,1,1,0
8/9/20 5:00,5,2,3
8/9/20 6:00,20,8,12
8/9/20 7:00,29,16,13
8/9/20 8:00,60,30,30
8/9/20 9:00,78,37,41
8/9/20 10:00,91,40,51
8/9/20 11:00,121,61,60
8/9/20 12:00,161,80,81
8/9/20 13:00,145,71,74
8/9/20 14:00,154,72,82
8/9/20 15:00,132,58,74
8/9/20 16:00,127,71,56
8/9/20 17:00,105,56,49
8/9/20 18:00,82,34,48
8/9/20 19:00,46,18,28
8/9/20 20:00,25,11,14
8/9/20 21:00,22,13,9
8/9/20 22:00,13,5,8
8/9/20 23:00,6,2,4
8/10/20 0:00,2,2,0
8/10/20 1:00,2,1,1
8/10/20 2:00,1,0,1
8/10/20 3:00,3,2,1
8/10/20 4:00,7,2,5
8/10/20 5:00,38,3,35
8/10/20 6:00,67,6,61
8/10/20 7:00,81,7,74
8/10/20 8:00,65,18,47
8/10/20 9:00,57,18,39
8/10/20 10:00,44,15,29
8/10/20 11:00,48,28,20
8/10/20 12:00,51,26,25
8/10/20 13:00,61,29,32
8/10/20 14:00,69,41,28
8/10/20 15:00,78,49,29
8/10/20 16:00,118,79,39
8/10/20 17:00,153,109,44
8/10/20 18:00,84,54,30
8/10/20 19:00,67,38,29
8/10/20 20:00,46,27,19
8/10/20 21:00,13,7,6
8/10/20 22:00,9,6,3
8/10/20 23:00,8,6,2
8/11/20 0:00,8,6,2
8/11/20 1:00,6,2,4
8/11/20 2:00,9,6,3
8/11/20 3:00,4,1,3
8/11/20 4:00,10,4,6
8/11/20 5:00,36,4,32
8/11/20 6:00,72,10,62
8/11/20 7:00,96,11,85
8/11/20 8:00,79,14,65
8/11/20 9:00,50,15,35
8/11/20 10:00,35,5,30
8/11/20 11:00,53,21,32
8/11/20 12:00,47,24,23
8/11/20 13:00,65,37,28
8/11/20 14:00,67,38,29
8/11/20 15:00,100,58,42
8/11/20 16:00,113,81,32
8/11/20 17:00,151,103,48
8/11/20 18:00,108,79,29
8/11/20 19:00,72,51,21
8/11/20 20:00,41,21,20
8/11/20 21:00,22,12,10
8/11/20 22:00,15,6,9
8/11/20 23:00,10,7,3
8/12/20 0:00,6,4,2
8/12/20 1:00,2,1,1
8/12/20 2:00,5,3,2
8/12/20 3:00,2,2,0
8/12/20 4:00,9,2,7
8/12/20 5:00,42,6,36
8/12/20 6:00,89,7,82
8/12/20 7:00,94,17,77
8/12/20 8:00,87,22,65
8/12/20 9:00,61,18,43
8/12/20 10:00,40,18,22
8/12/20 11:00,33,13,20
8/12/20 12:00,36,16,20
8/12/20 13:00,43,30,13
8/12/20 14:00,81,36,45
8/12/20 15:00,99,69,30
8/12/20 16:00,128,91,37
8/12/20 17:00,127,97,30
8/12/20 18:00,101,65,36
8/12/20 19:00,51,25,26
8/12/20 20:00,39,25,14
8/12/20 21:00,19,9,10
8/12/20 22:00,11,5,6
8/12/20 23:00,9,8,1
8/13/20 0:00,1,0,1
8/13/20 1:00,5,3,2
8/13/20 2:00,6,1,5
8/13/20 3:00,2,1,1
8/13/20 4:00,11,3,8
8/13/20 5:00,41,6,35
8/13/20 6:00,87,5,82
8/13/20 7:00,80,13,67
8/13/20 8:00,82,17,65
8/13/20 9:00,61,16,45
8/13/20 10:00,51,25,26
8/13/20 11:00,47,14,33
8/13/20 12:00,45,25,20
8/13/20 13:00,44,19,25
8/13/20 14:00,87,49,38
8/13/20 15:00,97,66,31
8/13/20 16:00,131,89,42
8/13/20 17:00,156,104,52
8/13/20 18:00,117,89,28
8/13/20 19:00,69,44,25
8/13/20 20:00,46,20,26
8/13/20 21:00,23,13,10
8/13/20 22:00,13,6,7
8/13/20 23:00,5,3,2
8/14/20 0:00,9,6,3
8/14/20 1:00,4,1,3
8/14/20 2:00,5,1,4
8/14/20 3:00,2,1,1
8/14/20 4:00,7,2,5
8/14/20 5:00,38,6,32
8/14/20 6:00,61,11,50
8/14/20 7:00,91,15,76
8/14/20 8:00,70,16,54
8/14/20 9:00,61,20,41
8/14/20 10:00,61,27,34
8/14/20 11:00,55,23,32
8/14/20 12:00,58,31,27
8/14/20 13:00,82,38,44
8/14/20 14:00,79,44,35
8/14/20 15:00,104,62,42
8/14/20 16:00,119,79,40
8/14/20 17:00,145,109,36
8/14/20 18:00,102,73,29
8/14/20 19:00,84,50,34
8/14/20 20:00,42,16,26
8/14/20 21:00,20,13,7
8/14/20 22:00,12,9,3
8/14/20 23:00,6,4,2
8/15/20 0:00,12,6,6
8/15/20 1:00,5,2,3
8/15/20 2:00,5,3,2
8/15/20 3:00,4,0,4
8/15/20 4:00,2,0,2
8/15/20 5:00,6,0,6
8/15/20 6:00,30,13,17
8/15/20 7:00,40,14,26
8/15/20 8:00,61,28,33
8/15/20 9:00,75,33,42
8/15/20 10:00,114,55,59
8/15/20 11:00,114,61,53
8/15/20 12:00,122,50,72
8/15/20 13:00,117,61,56
8/15/20 14:00,126,73,53
8/15/20 15:00,92,51,41
8/15/20 16:00,101,43,58
8/15/20 17:00,87,51,36
8/15/20 18:00,50,29,21
8/15/20 19:00,61,34,27
8/15/20 20:00,31,17,14
8/15/20 21:00,30,12,18
8/15/20 22:00,15,8,7
8/15/20 23:00,6,2,4
8/16/20 0:00,2,1,1
8/16/20 1:00,2,0,2
8/16/20 2:00,4,2,2
8/16/20 3:00,1,1,0
8/16/20 4:00,0,0,0
8/16/20 5:00,5,1,4
8/16/20 6:00,18,4,14
8/16/20 7:00,39,17,22
8/16/20 8:00,64,35,29
8/16/20 9:00,99,46,53
8/16/20 10:00,139,86,53
8/16/20 11:00,110,48,62
8/16/20 12:00,107,49,58
8/16/20 13:00,87,40,47
8/16/20 14:00,78,36,42
8/16/20 15:00,50,28,22
8/16/20 16:00,46,29,17
8/16/20 17:00,51,26,25
8/16/20 18:00,42,25,17
8/16/20 19:00,36,18,18
8/16/20 20:00,22,10,12
8/16/20 21:00,10,2,8
8/16/20 22:00,7,4,3
8/16/20 23:00,8,6,2
8/17/20 0:00,4,2,2
8/17/20 1:00,2,1,1
8/17/20 2:00,1,0,1
8/17/20 3:00,3,3,0
8/17/20 4:00,10,2,8
8/17/20 5:00,43,8,35
8/17/20 6:00,81,10,71
8/17/20 7:00,82,10,72
8/17/20 8:00,75,10,65
8/17/20 9:00,51,18,33
8/17/20 10:00,53,28,25
8/17/20 11:00,47,18,29
8/17/20 12:00,45,18,27
8/17/20 13:00,60,38,22
8/17/20 14:00,78,34,44
8/17/20 15:00,89,51,38
8/17/20 16:00,104,82,22
8/17/20 17:00,118,96,22
8/17/20 18:00,73,62,11
8/17/20 19:00,52,36,16
8/17/20 20:00,34,16,18
8/17/20 21:00,18,10,8
8/17/20 22:00,9,6,3
8/17/20 23:00,8,5,3
8/18/20 0:00,5,3,2
8/18/20 1:00,3,1,2
8/18/20 2:00,2,1,1
8/18/20 3:00,2,1,1
8/18/20 4:00,8,1,7
8/18/20 5:00,42,3,39
8/18/20 6:00,88,7,81
8/18/20 7:00,91,13,78
8/18/20 8:00,88,13,75
8/18/20 9:00,55,19,36
8/18/20 10:00,40,13,27
8/18/20 11:00,41,16,25
8/18/20 12:00,47,19,28
8/18/20 13:00,56,31,25
8/18/20 14:00,75,41,34
8/18/20 15:00,98,68,30
8/18/20 16:00,111,82,29
8/18/20 17:00,135,89,46
8/18/20 18:00,120,88,32
8/18/20 19:00,78,45,33
8/18/20 20:00,29,16,13
8/18/20 21:00,27,15,12
8/18/20 22:00,8,6,2
8/18/20 23:00,15,6,9
8/19/20 0:00,8,7,1
8/19/20 1:00,7,3,4
8/19/20 2:00,3,0,3
8/19/20 3:00,0,0,0
8/19/20 4:00,6,1,5
8/19/20 5:00,39,5,34
8/19/20 6:00,71,7,64
8/19/20 7:00,112,23,89
8/19/20 8:00,86,19,67
8/19/20 9:00,65,18,47
8/19/20 10:00,42,14,28
8/19/20 11:00,49,19,30
8/19/20 12:00,51,19,32
8/19/20 13:00,61,39,22
8/19/20 14:00,66,32,34
8/19/20 15:00,103,67,36
8/19/20 16:00,109,84,25
8/19/20 17:00,140,106,34
8/19/20 18:00,99,64,35
8/19/20 19:00,50,34,16
8/19/20 20:00,37,17,20
8/19/20 21:00,26,13,13
8/19/20 22:00,15,7,8
8/19/20 23:00,9,8,1
8/20/20 0:00,5,4,1
8/20/20 1:00,4,1,3
8/20/20 2:00,4,2,2
8/20/20 3:00,2,2,0
8/20/20 4:00,4,1,3
8/20/20 5:00,36,6,30
8/20/20 6:00,65,7,58
8/20/20 7:00,77,9,68
8/20/20 8:00,73,16,57
8/20/20 9:00,60,18,42
8/20/20 10:00,46,16,30
8/20/20 11:00,43,24,19
8/20/20 12:00,49,18,31
8/20/20 13:00,43,24,19
8/20/20 14:00,73,45,28
8/20/20 15:00,71,51,20
8/20/20 16:00,99,64,35
8/20/20 17:00,137,82,55
8/20/20 18:00,81,61,20
8/20/20 19:00,62,41,21
8/20/20 20:00,23,15,8
8/20/20 21:00,20,10,10
8/20/20 22:00,6,6,0
8/20/20 23:00,8,3,5
8/21/20 0:00,5,3,2
8/21/20 1:00,2,0,2
8/21/20 2:00,3,1,2
8/21/20 3:00,1,1,0
8/21/20 4:00,7,4,3
8/21/20 5:00,25,2,23
8/21/20 6:00,64,6,58
8/21/20 7:00,62,16,46
8/21/20 8:00,66,15,51
8/21/20 9:00,44,13,31
8/21/20 10:00,36,16,20
8/21/20 11:00,33,10,23
8/21/20 12:00,26,13,13
8/21/20 13:00,38,21,17
8/21/20 14:00,44,24,20
8/21/20 15:00,45,25,20
8/21/20 16:00,78,54,24
8/21/20 17:00,89,67,22
8/21/20 18:00,63,49,14
8/21/20 19:00,46,21,25
8/21/20 20:00,20,14,6
8/21/20 21:00,17,10,7
8/21/20 22:00,4,2,2
8/21/20 23:00,6,2,4
8/22/20 0:00,4,3,1
8/22/20 1:00,2,2,0
8/22/20 2:00,2,1,1
8/22/20 3:00,1,0,1
8/22/20 4:00,2,1,1
8/22/20 5:00,9,3,6
8/22/20 6:00,15,2,13
8/22/20 7:00,16,3,13
8/22/20 8:00,32,17,15
8/22/20 9:00,59,24,35
8/22/20 10:00,106,54,52
8/22/20 11:00,97,51,46
8/22/20 12:00,104,51,53
8/22/20 13:00,92,43,49
8/22/20 14:00,102,55,47
8/22/20 15:00,100,49,51
8/22/20 16:00,99,54,45
8/22/20 17:00,85,52,33
8/22/20 18:00,67,42,25
8/22/20 19:00,44,20,24
8/22/20 20:00,23,8,15
8/22/20 21:00,15,6,9
8/22/20 22:00,5,4,1
8/22/20 23:00,2,0,2
8/23/20 0:00,6,3,3
8/23/20 1:00,0,0,0
8/23/20 2:00,0,0,0
8/23/20 3:00,3,2,1
8/23/20 4:00,3,2,1
8/23/20 5:00,5,1,4
8/23/20 6:00,22,8,14
8/23/20 7:00,33,10,23
8/23/20 8:00,53,30,23
8/23/20 9:00,71,32,39
8/23/20 10:00,100,43,57
8/23/20 11:00,97,45,52
8/23/20 12:00,144,71,73
8/23/20 13:00,126,75,51
8/23/20 14:00,141,63,78
8/23/20 15:00,119,65,54
8/23/20 16:00,107,67,40
8/23/20 17:00,83,36,47
8/23/20 18:00,58,19,39
8/23/20 19:00,32,15,17
8/23/20 20:00,23,13,10
8/23/20 21:00,20,16,4
8/23/20 22:00,11,5,6
8/23/20 23:00,9,3,6
8/24/20 0:00,3,3,0
8/24/20 1:00,2,2,0
8/24/20 2:00,1,0,1
8/24/20 3:00,2,0,2
8/24/20 4:00,8,2,6
8/24/20 5:00,35,6,29
8/24/20 6:00,87,12,75
8/24/20 7:00,83,14,69
8/24/20 8:00,67,15,52
8/24/20 9:00,62,17,45
8/24/20 10:00,24,9,15
8/24/20 11:00,44,16,28
8/24/20 12:00,37,16,21
8/24/20 13:00,46,17,29
8/24/20 14:00,67,41,26
8/24/20 15:00,81,43,38
8/24/20 16:00,108,80,28
8/24/20 17:00,128,96,32
8/24/20 18:00,95,71,24
8/24/20 19:00,47,30,17
8/24/20 20:00,37,22,15
8/24/20 21:00,17,9,8
8/24/20 22:00,7,5,2
8/24/20 23:00,6,4,2
8/25/20 0:00,5,3,2
8/25/20 1:00,3,1,2
8/25/20 2:00,3,0,3
8/25/20 3:00,2,0,2
8/25/20 4:00,6,1,5
8/25/20 5:00,34,5,29
8/25/20 6:00,72,5,67
8/25/20 7:00,79,15,64
8/25/20 8:00,74,14,60
8/25/20 9:00,59,15,44
8/25/20 10:00,60,28,32
8/25/20 11:00,50,23,27
8/25/20 12:00,48,21,27
8/25/20 13:00,61,29,32
8/25/20 14:00,71,40,31
8/25/20 15:00,90,49,41
8/25/20 16:00,142,90,52
8/25/20 17:00,150,109,41
8/25/20 18:00,122,86,36
8/25/20 19:00,82,43,39
8/25/20 20:00,37,20,17
8/25/20 21:00,25,11,14
8/25/20 22:00,7,4,3
8/25/20 23:00,7,5,2
8/26/20 0:00,8,3,5
8/26/20 1:00,2,1,1
8/26/20 2:00,5,2,3
8/26/20 3:00,5,1,4
8/26/20 4:00,12,3,9
8/26/20 5:00,34,5,29
8/26/20 6:00,91,8,83
8/26/20 7:00,92,20,72
8/26/20 8:00,81,21,60
8/26/20 9:00,66,16,50
8/26/20 10:00,51,18,33
8/26/20 11:00,47,17,30
8/26/20 12:00,57,32,25
8/26/20 13:00,56,33,23
8/26/20 14:00,86,48,38
8/26/20 15:00,95,59,36
8/26/20 16:00,104,72,32
8/26/20 17:00,145,98,47
8/26/20 18:00,139,100,39
8/26/20 19:00,73,42,31
8/26/20 20:00,55,22,33
8/26/20 21:00,21,11,10
8/26/20 22:00,13,7,6
8/26/20 23:00,10,5,5
8/27/20 0:00,4,3,1
8/27/20 1:00,2,0,2
8/27/20 2:00,5,0,5
8/27/20 3:00,2,1,1
8/27/20 4:00,6,4,2
8/27/20 5:00,34,4,30
8/27/20 6:00,71,10,61
8/27/20 7:00,101,16,85
8/27/20 8:00,90,22,68
8/27/20 9:00,53,17,36
8/27/20 10:00,34,16,18
8/27/20 11:00,61,19,42
8/27/20 12:00,46,18,28
8/27/20 13:00,61,33,28
8/27/20 14:00,73,45,28
8/27/20 15:00,103,59,44
8/27/20 16:00,110,77,33
8/27/20 17:00,143,102,41
8/27/20 18:00,125,88,37
8/27/20 19:00,72,38,34
8/27/20 20:00,49,27,22
8/27/20 21:00,26,15,11
8/27/20 22:00,10,1,9
8/27/20 23:00,7,7,0
8/28/20 0:00,4,3,1
8/28/20 1:00,1,0,1
8/28/20 2:00,2,0,2
8/28/20 3:00,5,2,3
8/28/20 4:00,2,0,2
8/28/20 5:00,26,2,24
8/28/20 6:00,59,9,50
8/28/20 7:00,79,21,58
8/28/20 8:00,81,24,57
8/28/20 9:00,72,28,44
8/28/20 10:00,52,19,33
8/28/20 11:00,53,22,31
8/28/20 12:00,63,27,36
8/28/20 13:00,64,29,35
8/28/20 14:00,81,47,34
8/28/20 15:00,101,62,39
8/28/20 16:00,111,75,36
8/28/20 17:00,114,83,31
8/28/20 18:00,94,71,23
8/28/20 19:00,60,33,27
8/28/20 20:00,39,19,20
8/28/20 21:00,14,6,8
8/28/20 22:00,9,6,3
8/28/20 23:00,11,8,3
8/29/20 0:00,9,5,4
8/29/20 1:00,2,2,0
8/29/20 2:00,5,1,4
8/29/20 3:00,4,3,1
8/29/20 4:00,2,0,2
8/29/20 5:00,7,1,6
8/29/20 6:00,23,5,18
8/29/20 7:00,29,13,16
8/29/20 8:00,42,15,27
8/29/20 9:00,74,32,42
8/29/20 10:00,74,32,42
8/29/20 11:00,101,50,51
8/29/20 12:00,88,41,47
8/29/20 13:00,104,51,53
8/29/20 14:00,82,49,33
8/29/20 15:00,88,38,50
8/29/20 16:00,89,44,45
8/29/20 17:00,73,43,30
8/29/20 18:00,53,28,25
8/29/20 19:00,48,33,15
8/29/20 20:00,29,13,16
8/29/20 21:00,19,8,11
8/29/20 22:00,11,6,5
8/29/20 23:00,9,5,4
8/30/20 0:00,9,4,5
8/30/20 1:00,2,2,0
8/30/20 2:00,0,0,0
8/30/20 3:00,3,2,1
8/30/20 4:00,3,2,1
8/30/20 5:00,7,0,7
8/30/20 6:00,10,3,7
8/30/20 7:00,28,13,15
8/30/20 8:00,32,19,13
8/30/20 9:00,76,40,36
8/30/20 10:00,91,39,52
8/30/20 11:00,103,60,43
8/30/20 12:00,146,74,72
8/30/20 13:00,133,73,60
8/30/20 14:00,125,65,60
8/30/20 15:00,111,48,63
8/30/20 16:00,113,57,56
8/30/20 17:00,96,47,49
8/30/20 18:00,48,29,19
8/30/20 19:00,34,13,21
8/30/20 20:00,14,9,5
8/30/20 21:00,9,5,4
8/30/20 22:00,8,3,5
8/30/20 23:00,8,3,5
8/31/20 0:00,1,0,1
8/31/20 1:00,1,0,1
8/31/20 2:00,5,2,3
8/31/20 3:00,0,0,0
8/31/20 4:00,8,4,4
8/31/20 5:00,34,5,29
8/31/20 6:00,69,7,62
8/31/20 7:00,73,9,64
8/31/20 8:00,73,13,60
8/31/20 9:00,41,6,35
8/31/20 10:00,35,13,22
8/31/20 11:00,45,22,23
8/31/20 12:00,32,13,19
8/31/20 13:00,45,25,20
8/31/20 14:00,53,27,26
8/31/20 15:00,64,43,21
8/31/20 16:00,103,79,24
8/31/20 17:00,109,85,24
8/31/20 18:00,83,70,13
8/31/20 19:00,48,26,22
8/31/20 20:00,25,20,5
8/31/20 21:00,14,6,8
8/31/20 22:00,8,4,4
8/31/20 23:00,9,4,5
10/4/20 15:00,62,28,34
10/4/20 16:00,53,29,24
10/4/20 17:00,28,17,11
10/4/20 18:00,37,15,22
10/4/20 19:00,8,6,2
10/4/20 20:00,10,6,4
10/4/20 21:00,2,1,1
10/4/20 22:00,4,2,2
10/4/20 23:00,4,4,0
10/5/20 0:00,1,0,1
10/5/20 1:00,2,1,1
10/5/20 2:00,3,1,2
10/5/20 3:00,4,2,2
10/5/20 4:00,3,1,2
10/5/20 5:00,31,6,25
10/5/20 6:00,58,3,55
10/5/20 7:00,66,7,59
10/5/20 8:00,74,15,59
10/5/20 9:00,33,6,27
10/5/20 10:00,37,15,22
10/5/20 11:00,35,12,23
10/5/20 12:00,34,21,13
10/5/20 13:00,48,22,26
10/5/20 14:00,61,33,28
10/5/20 15:00,91,60,31
10/5/20 16:00,102,73,29
10/5/20 17:00,111,74,37
10/5/20 18:00,67,53,14
10/5/20 19:00,31,20,11
10/5/20 20:00,15,9,6
10/5/20 21:00,11,6,5
10/5/20 22:00,5,4,1
9/1/20 0:00,2,1,1
9/1/20 1:00,1,1,0
9/1/20 2:00,2,1,1
9/1/20 3:00,1,0,1
9/1/20 4:00,7,0,7
9/1/20 5:00,33,4,29
9/1/20 6:00,95,9,86
9/1/20 7:00,94,14,80
9/1/20 8:00,84,10,74
9/1/20 9:00,63,17,46
9/1/20 10:00,46,18,28
9/1/20 11:00,47,23,24
9/1/20 12:00,44,24,20
9/1/20 13:00,59,35,24
9/1/20 14:00,80,45,35
9/1/20 15:00,85,51,34
9/1/20 16:00,128,84,44
9/1/20 17:00,168,116,52
9/1/20 18:00,126,89,37
9/1/20 19:00,72,41,31
9/1/20 20:00,34,23,11
9/1/20 21:00,22,10,12
9/1/20 22:00,4,4,0
9/1/20 23:00,5,3,2
9/2/20 0:00,3,3,0
9/2/20 1:00,2,2,0
9/2/20 2:00,3,0,3
9/2/20 3:00,5,3,2
9/2/20 4:00,9,0,9
9/2/20 5:00,29,7,22
9/2/20 6:00,92,10,82
9/2/20 7:00,116,20,96
9/2/20 8:00,78,13,65
9/2/20 9:00,66,15,51
9/2/20 10:00,48,20,28
9/2/20 11:00,53,29,24
9/2/20 12:00,52,23,29
9/2/20 13:00,64,30,34
9/2/20 14:00,71,40,31
9/2/20 15:00,71,51,20
9/2/20 16:00,161,115,46
9/2/20 17:00,145,100,45
9/2/20 18:00,137,98,39
9/2/20 19:00,80,45,35
9/2/20 20:00,35,17,18
9/2/20 21:00,16,12,4
9/2/20 22:00,19,14,5
9/2/20 23:00,9,7,2
9/3/20 0:00,8,5,3
9/3/20 1:00,4,2,2
9/3/20 2:00,2,1,1
9/3/20 3:00,4,2,2
9/3/20 4:00,7,1,6
9/3/20 5:00,33,7,26
9/3/20 6:00,86,9,77
9/3/20 7:00,120,18,102
9/3/20 8:00,91,20,71
9/3/20 9:00,59,14,45
9/3/20 10:00,45,17,28
9/3/20 11:00,50,27,23
9/3/20 12:00,59,30,29
9/3/20 13:00,69,36,33
9/3/20 14:00,85,53,32
9/3/20 15:00,106,59,47
9/3/20 16:00,109,83,26
9/3/20 17:00,172,121,51
9/3/20 18:00,97,74,23
9/3/20 19:00,91,50,41
9/3/20 20:00,44,26,18
9/3/20 21:00,22,15,7
9/3/20 22:00,7,4,3
9/3/20 23:00,11,5,6
9/4/20 0:00,5,4,1
9/4/20 1:00,1,0,1
9/4/20 2:00,6,2,4
9/4/20 3:00,5,3,2
9/4/20 4:00,7,0,7
9/4/20 5:00,27,5,22
9/4/20 6:00,66,10,56
9/4/20 7:00,76,11,65
9/4/20 8:00,69,16,53
9/4/20 9:00,61,21,40
9/4/20 10:00,66,25,41
9/4/20 11:00,51,21,30
9/4/20 12:00,76,33,43
9/4/20 13:00,59,26,33
9/4/20 14:00,75,42,33
9/4/20 15:00,101,63,38
9/4/20 16:00,96,65,31
9/4/20 17:00,145,115,30
9/4/20 18:00,82,55,27
9/4/20 19:00,80,41,39
9/4/20 20:00,31,18,13
9/4/20 21:00,15,9,6
9/4/20 22:00,13,8,5
9/4/20 23:00,11,5,6
9/5/20 0:00,10,9,1
9/5/20 1:00,3,0,3
9/5/20 2:00,3,3,0
9/5/20 3:00,1,1,0
9/5/20 4:00,9,6,3
9/5/20 5:00,5,1,4
9/5/20 6:00,6,0,6
9/5/20 7:00,32,15,17
9/5/20 8:00,59,30,29
9/5/20 9:00,69,27,42
9/5/20 10:00,91,46,45
9/5/20 11:00,95,40,55
9/5/20 12:00,93,53,40
9/5/20 13:00,82,27,55
9/5/20 14:00,92,47,45
9/5/20 15:00,76,35,41
9/5/20 16:00,87,41,46
9/5/20 17:00,67,36,31
9/5/20 18:00,69,34,35
9/5/20 19:00,41,24,17
9/5/20 20:00,209,187,22
9/5/20 21:00,17,2,15
9/5/20 22:00,81,8,73
9/5/20 23:00,10,7,3
9/6/20 0:00,6,2,4
9/6/20 1:00,2,1,1
9/6/20 2:00,1,0,1
9/6/20 3:00,1,0,1
9/6/20 4:00,4,3,1
9/6/20 5:00,4,0,4
9/6/20 6:00,25,9,16
9/6/20 7:00,29,13,16
9/6/20 8:00,44,20,24
9/6/20 9:00,46,24,22
9/6/20 10:00,106,55,51
9/6/20 11:00,122,52,70
9/6/20 12:00,116,59,57
9/6/20 13:00,139,73,66
9/6/20 14:00,100,57,43
9/6/20 15:00,124,49,75
9/6/20 16:00,91,48,43
9/6/20 17:00,69,27,42
9/6/20 18:00,68,42,26
9/6/20 19:00,47,23,24
9/6/20 20:00,31,19,12
9/6/20 21:00,10,6,4
9/6/20 22:00,10,2,8
9/6/20 23:00,5,3,2
9/7/20 0:00,2,2,0
9/7/20 1:00,2,2,0
9/7/20 2:00,3,1,2
9/7/20 3:00,2,1,1
9/7/20 4:00,4,1,3
9/7/20 5:00,5,0,5
9/7/20 6:00,9,3,6
9/7/20 7:00,28,11,17
9/7/20 8:00,52,17,35
9/7/20 9:00,56,27,29
9/7/20 10:00,74,41,33
9/7/20 11:00,89,46,43
9/7/20 12:00,93,48,45
9/7/20 13:00,116,63,53
9/7/20 14:00,98,41,57
9/7/20 15:00,85,40,45
9/7/20 16:00,81,38,43
9/7/20 17:00,62,35,27
9/7/20 18:00,65,37,28
9/7/20 19:00,35,18,17
9/7/20 20:00,12,4,8
9/7/20 21:00,16,4,12
9/7/20 22:00,14,7,7
9/7/20 23:00,6,5,1
9/8/20 0:00,6,1,5
9/8/20 1:00,0,0,0
9/8/20 2:00,4,3,1
9/8/20 3:00,2,0,2
9/8/20 4:00,4,1,3
9/8/20 5:00,23,6,17
9/8/20 6:00,55,5,50
9/8/20 7:00,78,14,64
9/8/20 8:00,56,9,47
9/8/20 9:00,29,4,25
9/8/20 10:00,22,8,14
9/8/20 11:00,38,15,23
9/8/20 12:00,37,21,16
9/8/20 13:00,31,16,15
9/8/20 14:00,55,23,32
9/8/20 15:00,61,38,23
9/8/20 16:00,79,54,25
9/8/20 17:00,98,72,26
9/8/20 18:00,62,46,16
9/8/20 19:00,40,23,17
9/8/20 20:00,17,12,5
9/8/20 21:00,6,5,1
9/8/20 22:00,8,6,2
9/8/20 23:00,7,3,4
9/9/20 0:00,9,7,2
9/9/20 1:00,1,1,0
9/9/20 2:00,0,0,0
9/9/20 3:00,3,1,2
9/9/20 4:00,6,2,4
9/9/20 5:00,27,5,22
9/9/20 6:00,86,10,76
9/9/20 7:00,80,12,68
9/9/20 8:00,63,15,48
9/9/20 9:00,36,15,21
9/9/20 10:00,29,5,24
9/9/20 11:00,37,18,19
9/9/20 12:00,31,7,24
9/9/20 13:00,44,23,21
9/9/20 14:00,48,28,20
9/9/20 15:00,65,42,23
9/9/20 16:00,75,47,28
9/9/20 17:00,114,87,27
9/9/20 18:00,75,47,28
9/9/20 19:00,52,38,14
9/9/20 20:00,29,15,14
9/9/20 21:00,24,15,9
9/9/20 22:00,7,3,4
9/9/20 23:00,4,4,0
9/10/20 0:00,2,1,1
9/10/20 1:00,3,1,2
9/10/20 2:00,4,3,1
9/10/20 3:00,3,1,2
9/10/20 4:00,6,3,3
9/10/20 5:00,35,9,26
9/10/20 6:00,70,6,64
9/10/20 7:00,94,15,79
9/10/20 8:00,74,18,56
9/10/20 9:00,46,15,31
9/10/20 10:00,30,10,20
9/10/20 11:00,34,14,20
9/10/20 12:00,31,10,21
9/10/20 13:00,53,31,22
9/10/20 14:00,64,37,27
9/10/20 15:00,66,45,21
9/10/20 16:00,87,57,30
9/10/20 17:00,115,87,28
9/10/20 18:00,69,58,11
9/10/20 19:00,50,32,18
9/10/20 20:00,16,10,6
9/10/20 21:00,17,11,6
9/10/20 22:00,9,3,6
9/10/20 23:00,2,2,0
9/11/20 0:00,4,3,1
9/11/20 1:00,4,2,2
9/11/20 2:00,1,0,1
9/11/20 3:00,2,2,0
9/11/20 4:00,7,1,6
9/11/20 5:00,14,4,10
9/11/20 6:00,48,6,42
9/11/20 7:00,39,7,32
9/11/20 8:00,58,11,47
9/11/20 9:00,32,7,25
9/11/20 10:00,24,7,17
9/11/20 11:00,14,6,8
9/11/20 12:00,24,17,7
9/11/20 13:00,18,12,6
9/11/20 14:00,38,20,18
9/11/20 15:00,46,32,14
9/11/20 16:00,44,33,11
9/11/20 17:00,44,35,9
9/11/20 18:00,33,24,9
9/11/20 19:00,18,14,4
9/11/20 20:00,12,5,7
9/11/20 21:00,8,4,4
9/11/20 22:00,5,3,2
9/11/20 23:00,4,3,1
9/12/20 0:00,2,2,0
9/12/20 1:00,0,0,0
9/12/20 2:00,1,0,1
9/12/20 3:00,6,3,3
9/12/20 4:00,6,4,2
9/12/20 5:00,6,2,4
9/12/20 6:00,6,2,4
9/12/20 7:00,5,3,2
9/12/20 8:00,8,2,6
9/12/20 9:00,12,5,7
9/12/20 10:00,16,5,11
9/12/20 11:00,9,4,5
9/12/20 12:00,5,0,5
9/12/20 13:00,7,5,2
9/12/20 14:00,10,2,8
9/12/20 15:00,12,9,3
9/12/20 16:00,14,8,6
9/12/20 17:00,18,11,7
9/12/20 18:00,14,7,7
9/12/20 19:00,11,2,9
9/12/20 20:00,3,2,1
9/12/20 21:00,7,3,4
9/12/20 22:00,5,2,3
9/12/20 23:00,5,4,1
9/13/20 0:00,1,1,0
9/13/20 1:00,1,0,1
9/13/20 2:00,2,0,2
9/13/20 3:00,3,1,2
9/13/20 4:00,1,1,0
9/13/20 5:00,1,0,1
9/13/20 6:00,3,1,2
9/13/20 7:00,3,1,2
9/13/20 8:00,3,2,1
9/13/20 9:00,9,5,4
9/13/20 10:00,10,8,2
9/13/20 11:00,2,1,1
9/13/20 12:00,8,2,6
9/13/20 13:00,5,1,4
9/13/20 14:00,10,7,3
9/13/20 15:00,9,3,6
9/13/20 16:00,8,6,2
9/13/20 17:00,7,4,3
9/13/20 18:00,6,3,3
9/13/20 19:00,3,2,1
9/13/20 20:00,11,6,5
9/13/20 21:00,6,3,3
9/13/20 22:00,5,3,2
9/13/20 23:00,5,3,2
9/14/20 0:00,2,2,0
9/14/20 1:00,5,2,3
9/14/20 2:00,2,1,1
9/14/20 3:00,7,6,1
9/14/20 4:00,2,0,2
9/14/20 5:00,11,1,10
9/14/20 6:00,30,2,28
9/14/20 7:00,35,6,29
9/14/20 8:00,24,4,20
9/14/20 9:00,19,5,14
9/14/20 10:00,7,2,5
9/14/20 11:00,14,8,6
9/14/20 12:00,11,3,8
9/14/20 13:00,16,8,8
9/14/20 14:00,25,17,8
9/14/20 15:00,35,19,16
9/14/20 16:00,31,26,5
9/14/20 17:00,39,30,9
9/14/20 18:00,24,22,2
9/14/20 19:00,11,7,4
9/14/20 20:00,9,3,6
9/14/20 21:00,7,5,2
9/14/20 22:00,7,4,3
9/14/20 23:00,2,2,0
9/15/20 0:00,3,3,0
9/15/20 1:00,0,0,0
9/15/20 2:00,3,2,1
9/15/20 3:00,2,1,1
9/15/20 4:00,3,0,3
9/15/20 5:00,18,3,15
9/15/20 6:00,24,2,22
9/15/20 7:00,35,7,28
9/15/20 8:00,29,8,21
9/15/20 9:00,19,1,18
9/15/20 10:00,13,3,10
9/15/20 11:00,11,5,6
9/15/20 12:00,11,4,7
9/15/20 13:00,25,17,8
9/15/20 14:00,23,14,9
9/15/20 15:00,33,19,14
9/15/20 16:00,28,22,6
9/15/20 17:00,47,39,8
9/15/20 18:00,21,19,2
9/15/20 19:00,13,7,6
9/15/20 20:00,10,7,3
9/15/20 21:00,4,3,1
9/15/20 22:00,13,8,5
9/15/20 23:00,7,3,4
9/16/20 0:00,4,1,3
9/16/20 1:00,2,2,0
9/16/20 2:00,4,2,2
9/16/20 3:00,8,5,3
9/16/20 4:00,7,1,6
9/16/20 5:00,19,5,14
9/16/20 6:00,31,1,30
9/16/20 7:00,13,4,9
9/16/20 8:00,33,0,33
9/16/20 9:00,19,4,15
9/16/20 10:00,16,5,11
9/16/20 11:00,15,4,11
9/16/20 12:00,21,9,12
9/16/20 13:00,17,11,6
9/16/20 14:00,26,15,11
9/16/20 15:00,34,19,15
9/16/20 16:00,41,35,6
9/16/20 17:00,45,27,18
9/16/20 18:00,38,30,8
9/16/20 19:00,19,13,6
9/16/20 20:00,5,4,1
9/16/20 21:00,5,3,2
9/16/20 22:00,9,4,5
9/16/20 23:00,4,3,1
9/17/20 0:00,3,1,2
9/17/20 1:00,3,1,2
9/17/20 2:00,2,1,1
9/17/20 3:00,1,1,0
9/17/20 4:00,7,2,5
9/17/20 5:00,19,6,13
9/17/20 6:00,37,6,31
9/17/20 7:00,32,6,26
9/17/20 8:00,30,3,27
9/17/20 9:00,30,4,26
9/17/20 10:00,12,6,6
9/17/20 11:00,12,3,9
9/17/20 12:00,16,6,10
9/17/20 13:00,14,7,7
9/17/20 14:00,29,16,13
9/17/20 15:00,34,23,11
9/17/20 16:00,54,43,11
9/17/20 17:00,64,45,19
9/17/20 18:00,31,23,8
9/17/20 19:00,11,7,4
9/17/20 20:00,14,6,8
9/17/20 21:00,8,5,3
9/17/20 22:00,4,3,1
9/17/20 23:00,2,2,0
9/18/20 0:00,2,1,1
9/18/20 1:00,3,2,1
9/18/20 2:00,2,1,1
9/18/20 3:00,5,2,3
9/18/20 4:00,1,1,0
9/18/20 5:00,14,2,12
9/18/20 6:00,31,5,26
9/18/20 7:00,32,4,28
9/18/20 8:00,31,3,28
9/18/20 9:00,28,7,21
9/18/20 10:00,19,8,11
9/18/20 11:00,14,7,7
9/18/20 12:00,15,7,8
9/18/20 13:00,9,7,2
9/18/20 14:00,15,8,7
9/18/20 15:00,28,20,8
9/18/20 16:00,33,22,11
9/18/20 17:00,34,23,11
9/18/20 18:00,29,21,8
9/18/20 19:00,12,10,2
9/18/20 20:00,6,6,0
9/18/20 21:00,4,3,1
9/18/20 22:00,6,2,4
9/18/20 23:00,6,3,3
9/19/20 0:00,2,1,1
9/19/20 1:00,3,2,1
9/19/20 2:00,3,2,1
9/19/20 3:00,1,1,0
9/19/20 4:00,0,0,0
9/19/20 5:00,8,1,7
9/19/20 6:00,4,1,3
9/19/20 7:00,12,6,6
9/19/20 8:00,22,13,9
9/19/20 9:00,23,6,17
9/19/20 10:00,46,20,26
9/19/20 11:00,28,11,17
9/19/20 12:00,66,32,34
9/19/20 13:00,58,26,32
9/19/20 14:00,78,47,31
9/19/20 15:00,74,41,33
9/19/20 16:00,56,24,32
9/19/20 17:00,47,23,24
9/19/20 18:00,23,13,10
9/19/20 19:00,15,6,9
9/19/20 20:00,8,4,4
9/19/20 21:00,2,0,2
9/19/20 22:00,3,1,2
9/19/20 23:00,8,3,5
9/20/20 0:00,1,1,0
9/20/20 1:00,2,2,0
9/20/20 2:00,0,0,0
9/20/20 3:00,2,2,0
9/20/20 4:00,3,1,2
9/20/20 5:00,4,2,2
9/20/20 6:00,12,6,6
9/20/20 7:00,26,6,20
9/20/20 8:00,44,23,21
9/20/20 9:00,57,21,36
9/20/20 10:00,57,29,28
9/20/20 11:00,70,31,39
9/20/20 12:00,88,41,47
9/20/20 13:00,93,49,44
9/20/20 14:00,98,55,43
9/20/20 15:00,114,67,47
9/20/20 16:00,118,61,57
9/20/20 17:00,96,52,44
9/20/20 18:00,44,15,29
9/20/20 19:00,29,10,19
9/20/20 20:00,9,4,5
9/20/20 21:00,4,2,2
9/20/20 22:00,4,0,4
9/20/20 23:00,3,1,2
9/21/20 0:00,5,3,2
9/21/20 1:00,7,4,3
9/21/20 2:00,3,2,1
9/21/20 3:00,1,0,1
9/21/20 4:00,6,0,6
9/21/20 5:00,23,5,18
9/21/20 6:00,62,9,53
9/21/20 7:00,98,19,79
9/21/20 8:00,51,8,43
9/21/20 9:00,36,6,30
9/21/20 10:00,36,13,23
9/21/20 11:00,41,14,27
9/21/20 12:00,36,16,20
9/21/20 13:00,38,19,19
9/21/20 14:00,70,36,34
9/21/20 15:00,78,52,26
9/21/20 16:00,117,85,32
9/21/20 17:00,125,86,39
9/21/20 18:00,68,54,14
9/21/20 19:00,40,29,11
9/21/20 20:00,18,12,6
9/21/20 21:00,9,7,2
9/21/20 22:00,5,5,0
9/21/20 23:00,4,3,1
9/22/20 0:00,4,4,0
9/22/20 1:00,2,1,1
9/22/20 2:00,3,0,3
9/22/20 3:00,2,1,1
9/22/20 4:00,4,1,3
9/22/20 5:00,45,7,38
9/22/20 6:00,60,8,52
9/22/20 7:00,84,11,73
9/22/20 8:00,76,20,56
9/22/20 9:00,52,12,40
9/22/20 10:00,26,6,20
9/22/20 11:00,44,23,21
9/22/20 12:00,59,26,33
9/22/20 13:00,64,32,32
9/22/20 14:00,78,46,32
9/22/20 15:00,98,59,39
9/22/20 16:00,137,91,46
9/22/20 17:00,173,123,50
9/22/20 18:00,99,68,31
9/22/20 19:00,45,29,16
9/22/20 20:00,15,12,3
9/22/20 21:00,17,8,9
9/22/20 22:00,11,8,3
9/22/20 23:00,3,2,1
9/23/20 0:00,8,5,3
9/23/20 1:00,1,0,1
9/23/20 2:00,2,1,1
9/23/20 3:00,3,2,1
9/23/20 4:00,0,0,0
9/23/20 5:00,24,5,19
9/23/20 6:00,41,5,36
9/23/20 7:00,48,9,39
9/23/20 8:00,39,9,30
9/23/20 9:00,12,4,8
9/23/20 10:00,11,5,6
9/23/20 11:00,11,0,11
9/23/20 12:00,8,3,5
9/23/20 13:00,17,6,11
9/23/20 14:00,18,12,6
9/23/20 15:00,26,16,10
9/23/20 16:00,38,29,9
9/23/20 17:00,45,35,10
9/23/20 18:00,16,12,4
9/23/20 19:00,18,14,4
9/23/20 20:00,7,6,1
9/23/20 21:00,9,5,4
9/23/20 22:00,1,0,1
9/23/20 23:00,4,4,0
9/24/20 0:00,2,1,1
9/24/20 1:00,1,1,0
9/24/20 2:00,3,2,1
9/24/20 3:00,4,1,3
9/24/20 4:00,0,0,0
9/24/20 5:00,23,8,15
9/24/20 6:00,35,4,31
9/24/20 7:00,43,8,35
9/24/20 8:00,34,5,29
9/24/20 9:00,24,8,16
9/24/20 10:00,14,7,7
9/24/20 11:00,13,6,7
9/24/20 12:00,10,7,3
9/24/20 13:00,9,6,3
9/24/20 14:00,21,13,8
9/24/20 15:00,35,21,14
9/24/20 16:00,54,35,19
9/24/20 17:00,56,41,15
9/24/20 18:00,45,32,13
9/24/20 19:00,21,9,12
9/24/20 20:00,12,8,4
9/24/20 21:00,5,3,2
9/24/20 22:00,4,3,1
9/24/20 23:00,4,3,1
9/25/20 0:00,3,3,0
9/25/20 1:00,5,4,1
9/25/20 2:00,6,3,3
9/25/20 3:00,4,1,3
9/25/20 4:00,7,3,4
9/25/20 5:00,17,6,11
9/25/20 6:00,24,2,22
9/25/20 7:00,34,7,27
9/25/20 8:00,31,4,27
9/25/20 9:00,11,4,7
9/25/20 10:00,16,3,13
9/25/20 11:00,8,2,6
9/25/20 12:00,10,4,6
9/25/20 13:00,14,6,8
9/25/20 14:00,26,14,12
9/25/20 15:00,37,20,17
9/25/20 16:00,49,30,19
9/25/20 17:00,40,29,11
9/25/20 18:00,49,29,20
9/25/20 19:00,23,15,8
9/25/20 20:00,13,10,3
9/25/20 21:00,7,5,2
9/25/20 22:00,4,1,3
9/25/20 23:00,5,3,2
9/26/20 0:00,4,1,3
9/26/20 1:00,3,3,0
9/26/20 2:00,1,0,1
9/26/20 3:00,4,3,1
9/26/20 4:00,4,4,0
9/26/20 5:00,6,1,5
9/26/20 6:00,5,1,4
9/26/20 7:00,12,4,8
9/26/20 8:00,38,13,25
9/26/20 9:00,45,15,30
9/26/20 10:00,54,25,29
9/26/20 11:00,63,27,36
9/26/20 12:00,81,36,45
9/26/20 13:00,62,25,37
9/26/20 14:00,51,31,20
9/26/20 15:00,41,26,15
9/26/20 16:00,44,21,23
9/26/20 17:00,40,16,24
9/26/20 18:00,33,18,15
9/26/20 19:00,17,11,6
9/26/20 20:00,10,8,2
9/26/20 21:00,8,4,4
9/26/20 22:00,5,2,3
9/26/20 23:00,4,2,2
9/27/20 0:00,1,1,0
9/27/20 1:00,2,0,2
9/27/20 2:00,0,0,0
9/27/20 3:00,3,1,2
9/27/20 4:00,0,0,0
9/27/20 5:00,3,0,3
9/27/20 6:00,12,6,6
9/27/20 7:00,15,7,8
9/27/20 8:00,32,12,20
9/27/20 9:00,78,44,34
9/27/20 10:00,99,42,57
9/27/20 11:00,132,73,59
9/27/20 12:00,139,70,69
9/27/20 13:00,123,52,71
9/27/20 14:00,91,49,42
9/27/20 15:00,105,43,62
9/27/20 16:00,90,47,43
9/27/20 17:00,90,48,42
9/27/20 18:00,64,37,27
9/27/20 19:00,30,13,17
9/27/20 20:00,12,7,5
9/27/20 21:00,12,6,6
9/27/20 22:00,8,5,3
9/27/20 23:00,5,3,2
9/28/20 0:00,2,1,1
9/28/20 1:00,3,1,2
9/28/20 2:00,2,0,2
9/28/20 3:00,1,0,1
9/28/20 4:00,5,1,4
9/28/20 5:00,31,6,25
9/28/20 6:00,60,7,53
9/28/20 7:00,84,7,77
9/28/20 8:00,75,10,65
9/28/20 9:00,44,13,31
9/28/20 10:00,40,14,26
9/28/20 11:00,37,17,20
9/28/20 12:00,35,17,18
9/28/20 13:00,53,31,22
9/28/20 14:00,69,44,25
9/28/20 15:00,78,45,33
9/28/20 16:00,107,79,28
9/28/20 17:00,140,107,33
9/28/20 18:00,92,60,32
9/28/20 19:00,55,36,19
9/28/20 20:00,23,15,8
9/28/20 21:00,13,8,5
9/28/20 22:00,10,6,4
9/28/20 23:00,5,3,2
9/29/20 0:00,5,3,2
9/29/20 1:00,5,3,2
9/29/20 2:00,4,1,3
9/29/20 3:00,0,0,0
9/29/20 4:00,6,3,3
9/29/20 5:00,27,5,22
9/29/20 6:00,68,8,60
9/29/20 7:00,96,15,81
9/29/20 8:00,85,20,65
9/29/20 9:00,50,11,39
9/29/20 10:00,38,16,22
9/29/20 11:00,41,13,28
9/29/20 12:00,53,22,31
9/29/20 13:00,63,37,26
9/29/20 14:00,73,45,28
9/29/20 15:00,78,46,32
9/29/20 16:00,134,89,45
9/29/20 17:00,171,126,45
9/29/20 18:00,88,63,25
9/29/20 19:00,38,25,13
9/29/20 20:00,21,14,7
9/29/20 21:00,18,9,9
9/29/20 22:00,8,7,1
9/29/20 23:00,4,3,1
9/30/20 0:00,5,4,1
9/30/20 1:00,0,0,0
9/30/20 2:00,4,1,3
9/30/20 3:00,7,3,4
9/30/20 4:00,4,1,3
9/30/20 5:00,30,7,23
9/30/20 6:00,82,11,71
9/30/20 7:00,83,10,73
9/30/20 8:00,85,16,69
9/30/20 9:00,55,20,35
9/30/20 10:00,26,15,11
9/30/20 11:00,35,19,16
9/30/20 12:00,45,24,21
9/30/20 13:00,47,23,24
9/30/20 14:00,67,29,38
9/30/20 15:00,71,51,20
9/30/20 16:00,137,89,48
9/30/20 17:00,141,95,46
9/30/20 18:00,86,70,16
9/30/20 19:00,40,21,19
9/30/20 20:00,23,18,5
9/30/20 21:00,13,10,3
9/30/20 22:00,15,5,10
9/30/20 23:00,10,6,4
10/5/20 23:00,8,7,1
10/6/20 0:00,4,4,0
10/6/20 1:00,5,1,4
10/6/20 2:00,3,1,2
10/6/20 3:00,2,0,2
10/6/20 4:00,7,2,5
10/6/20 5:00,45,12,33
10/6/20 6:00,69,10,59
10/6/20 7:00,79,11,68
10/6/20 8:00,79,10,69
10/6/20 9:00,40,8,32
10/6/20 10:00,21,9,12
10/6/20 11:00,47,22,25
10/6/20 12:00,43,19,24
10/6/20 13:00,57,30,27
10/6/20 14:00,75,35,40
10/6/20 15:00,71,49,22
10/6/20 16:00,140,96,44
10/6/20 17:00,133,105,28
10/6/20 18:00,99,68,31
10/6/20 19:00,33,23,10
10/6/20 20:00,29,18,11
10/6/20 21:00,15,8,7
10/6/20 22:00,10,8,2
10/6/20 23:00,5,5,0
10/7/20 0:00,2,1,1
10/7/20 1:00,4,4,0
10/7/20 2:00,3,0,3
10/7/20 3:00,3,1,2
10/7/20 4:00,9,4,5
10/7/20 5:00,32,8,24
10/7/20 6:00,73,6,67
10/7/20 7:00,89,16,73
10/7/20 8:00,82,12,70
10/7/20 9:00,49,19,30
10/7/20 10:00,38,13,25
10/7/20 11:00,55,25,30
10/7/20 12:00,30,16,14
10/7/20 13:00,38,16,22
10/7/20 14:00,61,30,31
10/7/20 15:00,81,56,25
10/7/20 16:00,106,81,25
10/7/20 17:00,119,97,22
10/7/20 18:00,73,50,23
10/7/20 19:00,33,22,11
10/7/20 20:00,11,7,4
10/7/20 21:00,17,8,9
10/7/20 22:00,14,6,8
10/7/20 23:00,6,3,3
10/8/20 0:00,3,3,0
10/8/20 1:00,3,1,2
10/8/20 2:00,5,1,4
10/8/20 3:00,5,1,4
10/8/20 4:00,2,1,1
10/8/20 5:00,32,9,23
10/8/20 6:00,63,3,60
10/8/20 7:00,64,8,56
10/8/20 8:00,71,14,57
10/8/20 9:00,45,11,34
10/8/20 10:00,27,9,18
10/8/20 11:00,47,17,30
10/8/20 12:00,41,21,20
10/8/20 13:00,47,26,21
10/8/20 14:00,63,35,28
10/8/20 15:00,83,53,30
10/8/20 16:00,104,72,32
10/8/20 17:00,106,81,25
10/8/20 18:00,75,60,15
10/8/20 19:00,32,22,10
10/8/20 20:00,20,10,10
10/8/20 21:00,8,3,5
10/8/20 22:00,16,12,4
10/8/20 23:00,4,3,1
10/9/20 0:00,1,1,0
10/9/20 1:00,2,1,1
10/9/20 2:00,3,2,1
10/9/20 3:00,3,2,1
10/9/20 4:00,3,2,1
10/9/20 5:00,28,9,19
10/9/20 6:00,48,7,41
10/9/20 7:00,65,8,57
10/9/20 8:00,61,10,51
10/9/20 9:00,41,14,27
10/9/20 10:00,38,11,27
10/9/20 11:00,41,12,29
10/9/20 12:00,36,20,16
10/9/20 13:00,46,29,17
10/9/20 14:00,65,36,29
10/9/20 15:00,75,47,28
10/9/20 16:00,84,52,32
10/9/20 17:00,94,67,27
10/9/20 18:00,54,39,15
10/9/20 19:00,20,12,8
10/9/20 20:00,13,10,3
10/9/20 21:00,6,4,2
10/9/20 22:00,7,5,2
10/9/20 23:00,2,1,1
10/10/20 0:00,4,1,3
10/10/20 1:00,3,2,1
10/10/20 2:00,2,1,1
10/10/20 3:00,1,1,0
10/10/20 4:00,1,0,1
10/10/20 5:00,3,0,3
10/10/20 6:00,4,2,2
10/10/20 7:00,6,5,1
10/10/20 8:00,14,10,4
10/10/20 9:00,13,4,9
10/10/20 10:00,22,8,14
10/10/20 11:00,25,10,15
10/10/20 12:00,32,16,16
10/10/20 13:00,51,17,34
10/10/20 14:00,46,22,24
10/10/20 15:00,60,21,39
10/10/20 16:00,49,30,19
10/10/20 17:00,52,22,30
10/10/20 18:00,37,16,21
10/10/20 19:00,19,13,6
10/10/20 20:00,7,3,4
10/10/20 21:00,9,5,4
10/10/20 22:00,3,3,0
10/10/20 23:00,4,2,2
10/11/20 0:00,6,2,4
10/11/20 1:00,1,1,0
10/11/20 2:00,4,2,2
10/11/20 3:00,1,1,0
10/11/20 4:00,4,1,3
10/11/20 5:00,6,3,3
10/11/20 6:00,9,5,4
10/11/20 7:00,19,6,13
10/11/20 8:00,18,5,13
10/11/20 9:00,27,16,11
10/11/20 10:00,34,20,14
10/11/20 11:00,23,10,13
10/11/20 12:00,10,6,4
10/11/20 13:00,9,1,8
10/11/20 14:00,12,3,9
10/11/20 15:00,10,6,4
10/11/20 16:00,8,4,4
10/11/20 17:00,2,1,1
10/11/20 18:00,6,6,0
10/11/20 19:00,1,0,1
10/11/20 20:00,3,2,1
10/11/20 21:00,2,0,2
10/11/20 22:00,1,1,0
10/11/20 23:00,2,2,0
10/12/20 0:00,3,1,2
10/12/20 1:00,2,0,2
10/12/20 2:00,1,0,1
10/12/20 3:00,3,1,2
10/12/20 4:00,2,1,1
10/12/20 5:00,29,10,19
10/12/20 6:00,41,5,36
10/12/20 7:00,56,9,47
10/12/20 8:00,51,7,44
10/12/20 9:00,28,5,23
10/12/20 10:00,28,15,13
10/12/20 11:00,32,10,22
10/12/20 12:00,30,17,13
10/12/20 13:00,39,16,23
10/12/20 14:00,68,39,29
10/12/20 15:00,71,38,33
10/12/20 16:00,106,72,34
10/12/20 17:00,122,89,33
10/12/20 18:00,63,45,18
10/12/20 19:00,31,24,7
10/12/20 20:00,16,12,4
10/12/20 21:00,11,8,3
10/12/20 22:00,6,4,2
10/12/20 23:00,3,2,1
10/13/20 0:00,1,1,0
10/13/20 1:00,1,1,0
10/13/20 2:00,4,3,1
10/13/20 3:00,3,2,1
10/13/20 4:00,2,0,2
10/13/20 5:00,22,5,17
10/13/20 6:00,30,1,29
10/13/20 7:00,30,3,27
10/13/20 8:00,43,7,36
10/13/20 9:00,22,5,17
10/13/20 10:00,15,3,12
10/13/20 11:00,11,1,10
10/13/20 12:00,11,5,6
10/13/20 13:00,14,7,7
10/13/20 14:00,26,19,7
10/13/20 15:00,38,22,16
10/13/20 16:00,51,38,13
10/13/20 17:00,67,49,18
10/13/20 18:00,54,36,18
10/13/20 19:00,26,22,4
10/13/20 20:00,11,8,3
10/13/20 21:00,8,6,2
10/13/20 22:00,5,3,2
10/13/20 23:00,2,1,1
10/14/20 0:00,2,1,1
10/14/20 1:00,1,1,0
10/14/20 2:00,5,4,1
10/14/20 3:00,8,2,6
10/14/20 4:00,7,1,6
10/14/20 5:00,27,7,20
10/14/20 6:00,61,5,56
10/14/20 7:00,84,14,70
10/14/20 8:00,77,13,64
10/14/20 9:00,40,14,26
10/14/20 10:00,27,12,15
10/14/20 11:00,45,14,31
10/14/20 12:00,31,16,15
10/14/20 13:00,38,16,22
10/14/20 14:00,68,40,28
10/14/20 15:00,85,54,31
10/14/20 16:00,132,101,31
10/14/20 17:00,142,102,40
10/14/20 18:00,69,47,22
10/14/20 19:00,34,20,14
10/14/20 20:00,18,9,9
10/14/20 21:00,15,10,5
10/14/20 22:00,6,3,3
10/14/20 23:00,5,4,1
10/15/20 0:00,3,3,0
10/15/20 1:00,0,0,0
10/15/20 2:00,2,0,2
10/15/20 3:00,7,4,3
10/15/20 4:00,6,2,4
10/15/20 5:00,37,10,27
10/15/20 6:00,62,4,58
10/15/20 7:00,99,17,82
10/15/20 8:00,70,9,61
10/15/20 9:00,53,15,38
10/15/20 10:00,50,17,33
10/15/20 11:00,36,13,23
10/15/20 12:00,60,30,30
10/15/20 13:00,48,21,27
10/15/20 14:00,83,50,33
10/15/20 15:00,77,50,27
10/15/20 16:00,130,92,38
10/15/20 17:00,161,112,49
10/15/20 18:00,97,54,43
10/15/20 19:00,37,27,10
10/15/20 20:00,22,11,11
10/15/20 21:00,24,13,11
10/15/20 22:00,7,4,3
10/15/20 23:00,7,4,3
10/16/20 0:00,2,2,0
10/16/20 1:00,1,1,0
10/16/20 2:00,1,1,0
10/16/20 3:00,7,4,3
10/16/20 4:00,6,2,4
10/16/20 5:00,31,9,22
10/16/20 6:00,34,3,31
10/16/20 7:00,72,12,60
10/16/20 8:00,66,15,51
10/16/20 9:00,45,8,37
10/16/20 10:00,42,15,27
10/16/20 11:00,31,13,18
10/16/20 12:00,32,20,12
10/16/20 13:00,25,16,9
10/16/20 14:00,40,26,14
10/16/20 15:00,48,32,16
10/16/20 16:00,69,50,19
10/16/20 17:00,82,65,17
10/16/20 18:00,38,32,6
10/16/20 19:00,20,14,6
10/16/20 20:00,12,10,2
10/16/20 21:00,9,5,4
10/16/20 22:00,3,1,2
10/16/20 23:00,5,4,1
10/17/20 0:00,6,5,1
10/17/20 1:00,2,0,2
10/17/20 2:00,1,0,1
10/17/20 3:00,4,2,2
10/17/20 4:00,2,0,2
10/17/20 5:00,6,1,5
10/17/20 6:00,9,3,6
10/17/20 7:00,8,4,4
10/17/20 8:00,26,11,15
10/17/20 9:00,33,11,22
10/17/20 10:00,44,23,21
10/17/20 11:00,64,33,31
10/17/20 12:00,32,16,16
10/17/20 13:00,69,29,40
10/17/20 14:00,72,35,37
10/17/20 15:00,56,31,25
10/17/20 16:00,65,34,31
10/17/20 17:00,43,22,21
10/17/20 18:00,32,21,11
10/17/20 19:00,17,12,5
10/17/20 20:00,6,3,3
10/17/20 21:00,7,4,3
10/17/20 22:00,7,3,4
10/17/20 23:00,10,6,4
10/18/20 0:00,3,1,2
10/18/20 1:00,1,1,0
10/18/20 2:00,2,1,1
10/18/20 3:00,1,1,0
10/18/20 4:00,1,1,0
10/18/20 5:00,6,1,5
10/18/20 6:00,9,4,5
10/18/20 7:00,10,4,6
10/18/20 8:00,16,8,8
10/18/20 9:00,18,3,15
10/18/20 10:00,20,11,9
10/18/20 11:00,16,8,8
10/18/20 12:00,14,8,6
10/18/20 13:00,19,11,8
10/18/20 14:00,23,9,14
10/18/20 15:00,26,11,15
10/18/20 16:00,23,14,9
10/18/20 17:00,22,12,10
10/18/20 18:00,15,9,6
10/18/20 19:00,9,7,2
10/18/20 20:00,13,9,4
10/18/20 21:00,0,0,0
10/18/20 22:00,5,4,1
10/18/20 23:00,0,0,0
10/19/20 0:00,2,0,2
10/19/20 1:00,2,1,1
10/19/20 2:00,2,1,1
10/19/20 3:00,0,0,0
10/19/20 4:00,4,1,3
10/19/20 5:00,30,7,23
10/19/20 6:00,50,6,44
10/19/20 7:00,71,7,64
10/19/20 8:00,60,13,47
10/19/20 9:00,37,5,32
10/19/20 10:00,40,14,26
10/19/20 11:00,28,10,18
10/19/20 12:00,22,11,11
10/19/20 13:00,27,17,10
10/19/20 14:00,48,30,18
10/19/20 15:00,56,38,18
10/19/20 16:00,71,60,11
10/19/20 17:00,73,56,17
10/19/20 18:00,45,37,8
10/19/20 19:00,14,12,2
10/19/20 20:00,13,8,5
10/19/20 21:00,6,4,2
10/19/20 22:00,4,3,1
10/19/20 23:00,1,1,0
10/20/20 0:00,4,4,0
10/20/20 1:00,0,0,0
10/20/20 2:00,3,2,1
10/20/20 3:00,2,1,1
10/20/20 4:00,3,0,3
10/20/20 5:00,30,9,21
10/20/20 6:00,63,7,56
10/20/20 7:00,62,7,55
10/20/20 8:00,72,15,57
10/20/20 9:00,38,11,27
10/20/20 10:00,29,8,21
10/20/20 11:00,38,15,23
10/20/20 12:00,30,10,20
10/20/20 13:00,46,24,22
10/20/20 14:00,59,36,23
10/20/20 15:00,71,53,18
10/20/20 16:00,91,67,24
10/20/20 17:00,121,83,38
10/20/20 18:00,73,54,19
10/20/20 19:00,18,17,1
10/20/20 20:00,10,7,3
10/20/20 21:00,18,15,3
10/20/20 22:00,9,6,3
10/20/20 23:00,5,2,3
10/21/20 0:00,2,1,1
10/21/20 1:00,1,1,0
10/21/20 2:00,4,2,2
10/21/20 3:00,4,3,1
10/21/20 4:00,4,1,3
10/21/20 5:00,27,7,20
10/21/20 6:00,61,4,57
10/21/20 7:00,66,5,61
10/21/20 8:00,58,6,52
10/21/20 9:00,42,13,29
10/21/20 10:00,28,7,21
10/21/20 11:00,16,8,8
10/21/20 12:00,16,8,8
10/21/20 13:00,25,15,10
10/21/20 14:00,34,17,17
10/21/20 15:00,45,34,11
10/21/20 16:00,72,55,17
10/21/20 17:00,113,92,21
10/21/20 18:00,58,44,14
10/21/20 19:00,31,23,8
10/21/20 20:00,16,12,4
10/21/20 21:00,13,11,2
10/21/20 22:00,4,1,3
10/21/20 23:00,8,5,3
10/22/20 0:00,6,5,1
10/22/20 1:00,0,0,0
10/22/20 2:00,1,0,1
10/22/20 3:00,2,1,1
10/22/20 4:00,7,0,7
10/22/20 5:00,26,7,19
10/22/20 6:00,64,7,57
10/22/20 7:00,64,9,55
10/22/20 8:00,62,9,53
10/22/20 9:00,44,10,34
10/22/20 10:00,31,13,18
10/22/20 11:00,34,14,20
10/22/20 12:00,27,7,20
10/22/20 13:00,33,16,17
10/22/20 14:00,56,33,23
10/22/20 15:00,66,44,22
10/22/20 16:00,113,87,26
10/22/20 17:00,129,93,36
10/22/20 18:00,66,49,17
10/22/20 19:00,19,13,6
10/22/20 20:00,11,10,1
10/22/20 21:00,17,11,6
10/22/20 22:00,5,2,3
10/22/20 23:00,6,4,2
10/23/20 0:00,4,4,0
10/23/20 1:00,0,0,0
10/23/20 2:00,2,0,2
10/23/20 3:00,4,1,3
10/23/20 4:00,10,0,10
10/23/20 5:00,16,3,13
10/23/20 6:00,45,7,38
10/23/20 7:00,48,13,35
10/23/20 8:00,36,5,31
10/23/20 9:00,21,4,17
10/23/20 10:00,17,7,10
10/23/20 11:00,12,4,8
10/23/20 12:00,11,7,4
10/23/20 13:00,21,11,10
10/23/20 14:00,33,19,14
10/23/20 15:00,46,36,10
10/23/20 16:00,54,36,18
10/23/20 17:00,45,38,7
10/23/20 18:00,24,13,11
10/23/20 19:00,12,7,5
10/23/20 20:00,14,10,4
10/23/20 21:00,7,5,2
10/23/20 22:00,6,6,0
10/23/20 23:00,1,1,0
10/24/20 0:00,1,1,0
10/24/20 1:00,0,0,0
10/24/20 2:00,1,1,0
10/24/20 3:00,3,1,2
10/24/20 4:00,5,3,2
10/24/20 5:00,7,4,3
10/24/20 6:00,10,3,7
10/24/20 7:00,12,7,5
10/24/20 8:00,26,10,16
10/24/20 9:00,29,17,12
10/24/20 10:00,31,16,15
10/24/20 11:00,41,28,13
10/24/20 12:00,55,23,32
10/24/20 13:00,52,20,32
10/24/20 14:00,54,22,32
10/24/20 15:00,50,31,19
10/24/20 16:00,60,32,28
10/24/20 17:00,45,22,23
10/24/20 18:00,27,16,11
10/24/20 19:00,18,10,8
10/24/20 20:00,14,10,4
10/24/20 21:00,5,4,1
10/24/20 22:00,3,3,0
10/24/20 23:00,4,0,4
10/25/20 0:00,3,3,0
10/25/20 1:00,0,0,0
10/25/20 2:00,2,0,2
10/25/20 3:00,3,0,3
10/25/20 4:00,1,1,0
10/25/20 5:00,2,1,1
10/25/20 6:00,8,4,4
10/25/20 7:00,10,7,3
10/25/20 8:00,18,10,8
10/25/20 9:00,29,8,21
10/25/20 10:00,46,32,14
10/25/20 11:00,89,60,29
10/25/20 12:00,98,33,65
10/25/20 13:00,70,34,36
10/25/20 14:00,103,37,66
10/25/20 15:00,72,38,34
10/25/20 16:00,80,37,43
10/25/20 17:00,47,22,25
10/25/20 18:00,28,17,11
10/25/20 19:00,9,6,3
10/25/20 20:00,12,6,6
10/25/20 21:00,5,3,2
10/25/20 22:00,5,2,3
10/25/20 23:00,3,3,0
10/26/20 0:00,3,2,1
10/26/20 1:00,3,1,2
10/26/20 2:00,0,0,0
10/26/20 3:00,0,0,0
10/26/20 4:00,5,2,3
10/26/20 5:00,29,7,22
10/26/20 6:00,42,3,39
10/26/20 7:00,48,11,37
10/26/20 8:00,53,10,43
10/26/20 9:00,35,6,29
10/26/20 10:00,24,5,19
10/26/20 11:00,27,10,17
10/26/20 12:00,25,13,12
10/26/20 13:00,36,17,19
10/26/20 14:00,52,34,18
10/26/20 15:00,46,27,19
10/26/20 16:00,75,55,20
10/26/20 17:00,79,62,17
10/26/20 18:00,40,34,6
10/26/20 19:00,24,19,5
10/26/20 20:00,9,5,4
10/26/20 21:00,7,4,3
10/26/20 22:00,2,1,1
10/26/20 23:00,4,4,0
10/27/20 0:00,5,3,2
10/27/20 1:00,0,0,0
10/27/20 2:00,4,1,3
10/27/20 3:00,2,0,2
10/27/20 4:00,6,2,4
10/27/20 5:00,27,6,21
10/27/20 6:00,63,10,53
10/27/20 7:00,55,7,48
10/27/20 8:00,71,9,62
10/27/20 9:00,41,9,32
10/27/20 10:00,32,11,21
10/27/20 11:00,30,11,19
10/27/20 12:00,19,5,14
10/27/20 13:00,44,25,19
10/27/20 14:00,56,37,19
10/27/20 15:00,65,42,23
10/27/20 16:00,106,77,29
10/27/20 17:00,108,84,24
10/27/20 18:00,56,43,13
10/27/20 19:00,25,21,4
10/27/20 20:00,14,11,3
10/27/20 21:00,9,6,3
10/27/20 22:00,5,3,2
10/27/20 23:00,6,4,2
10/28/20 0:00,2,1,1
10/28/20 1:00,3,3,0
10/28/20 2:00,0,0,0
10/28/20 3:00,4,2,2
10/28/20 4:00,6,0,6
10/28/20 5:00,28,6,22
10/28/20 6:00,69,2,67
10/28/20 7:00,58,7,51
10/28/20 8:00,73,13,60
10/28/20 9:00,45,9,36
10/28/20 10:00,27,8,19
10/28/20 11:00,32,11,21
10/28/20 12:00,31,15,16
10/28/20 13:00,38,21,17
10/28/20 14:00,55,36,19
10/28/20 15:00,67,43,24
10/28/20 16:00,113,88,25
10/28/20 17:00,110,84,26
10/28/20 18:00,68,44,24
10/28/20 19:00,32,25,7
10/28/20 20:00,11,7,4
10/28/20 21:00,9,3,6
10/28/20 22:00,2,1,1
10/28/20 23:00,9,7,2
10/29/20 0:00,5,3,2
10/29/20 1:00,4,3,1
10/29/20 2:00,3,0,3
10/29/20 3:00,3,1,2
10/29/20 4:00,6,0,6
10/29/20 5:00,22,5,17
10/29/20 6:00,62,6,56
10/29/20 7:00,58,5,53
10/29/20 8:00,69,9,60
10/29/20 9:00,57,10,47
10/29/20 10:00,26,9,17
10/29/20 11:00,37,15,22
10/29/20 12:00,32,11,21
10/29/20 13:00,37,15,22
10/29/20 14:00,53,31,22
10/29/20 15:00,69,49,20
10/29/20 16:00,91,67,24
10/29/20 17:00,146,109,37
10/29/20 18:00,60,47,13
10/29/20 19:00,45,32,13
10/29/20 20:00,21,16,5
10/29/20 21:00,11,7,4
10/29/20 22:00,12,6,6
10/29/20 23:00,7,6,1
10/30/20 0:00,5,3,2
10/30/20 1:00,6,4,2
10/30/20 2:00,4,2,2
10/30/20 3:00,2,1,1
10/30/20 4:00,6,0,6
10/30/20 5:00,19,2,17
10/30/20 6:00,46,4,42
10/30/20 7:00,45,5,40
10/30/20 8:00,63,8,55
10/30/20 9:00,36,10,26
10/30/20 10:00,38,15,23
10/30/20 11:00,37,20,17
10/30/20 12:00,35,15,20
10/30/20 13:00,46,25,21
10/30/20 14:00,54,38,16
10/30/20 15:00,85,42,43
10/30/20 16:00,92,64,28
10/30/20 17:00,113,81,32
10/30/20 18:00,60,40,20
10/30/20 19:00,25,20,5
10/30/20 20:00,16,13,3
10/30/20 21:00,6,5,1
10/30/20 22:00,4,2,2
10/30/20 23:00,14,5,9
10/31/20 0:00,7,5,2
10/31/20 1:00,1,1,0
10/31/20 2:00,5,2,3
10/31/20 3:00,5,2,3
10/31/20 4:00,4,1,3
10/31/20 5:00,8,1,7
10/31/20 6:00,12,3,9
10/31/20 7:00,17,5,12
10/31/20 8:00,27,7,20
10/31/20 9:00,35,20,15
10/31/20 10:00,89,54,35
10/31/20 11:00,87,37,50
10/31/20 12:00,81,51,30
10/31/20 13:00,104,49,55
10/31/20 14:00,87,54,33
10/31/20 15:00,103,52,51
10/31/20 16:00,73,33,40
10/31/20 17:00,38,22,16
10/31/20 18:00,18,6,12
10/31/20 19:00,22,15,7
10/31/20 20:00,10,9,1
10/31/20 21:00,4,4,0
10/31/20 22:00,2,1,1
10/31/20 23:00,6,4,2
1/1/21 0:00,5,1,4
1/1/21 1:00,4,1,3
1/1/21 2:00,3,3,0
1/1/21 3:00,3,3,0
1/1/21 4:00,1,0,1
1/1/21 5:00,1,1,0
1/1/21 6:00,3,1,2
1/1/21 7:00,0,0,0
1/1/21 8:00,3,3,0
1/1/21 9:00,12,9,3
1/1/21 10:00,11,6,5
1/1/21 11:00,27,15,12
1/1/21 12:00,21,5,16
11/1/20 0:00,3,1,2
11/1/20 1:00,5,3,2
11/1/20 2:00,1,0,1
11/1/20 3:00,1,1,0
11/1/20 4:00,1,0,1
11/1/20 5:00,5,4,1
11/1/20 6:00,9,6,3
11/1/20 7:00,13,7,6
11/1/20 8:00,34,10,24
11/1/20 9:00,41,18,23
11/1/20 10:00,77,54,23
11/1/20 11:00,99,56,43
11/1/20 12:00,98,44,54
11/1/20 13:00,108,50,58
11/1/20 14:00,95,49,46
11/1/20 15:00,86,45,41
11/1/20 16:00,68,30,38
11/1/20 17:00,36,15,21
11/1/20 18:00,17,8,9
11/1/20 19:00,9,2,7
11/1/20 20:00,4,0,4
11/1/20 21:00,5,2,3
11/1/20 22:00,3,1,2
11/1/20 23:00,1,1,0
11/2/20 0:00,1,0,1
11/2/20 1:00,3,1,2
11/2/20 2:00,3,2,1
11/2/20 3:00,2,2,0
11/2/20 4:00,0,0,0
11/2/20 5:00,29,25,4
11/2/20 6:00,69,67,2
11/2/20 7:00,73,63,10
11/2/20 8:00,71,62,9
11/2/20 9:00,33,21,12
11/2/20 10:00,42,30,12
11/2/20 11:00,43,26,17
11/2/20 12:00,41,25,16
11/2/20 13:00,59,23,36
11/2/20 14:00,80,31,49
11/2/20 15:00,83,20,63
11/2/20 16:00,118,37,81
11/2/20 17:00,104,20,84
11/2/20 18:00,32,6,26
11/2/20 19:00,29,8,21
11/2/20 20:00,16,3,13
11/2/20 21:00,5,1,4
11/2/20 22:00,2,1,1
11/2/20 23:00,2,1,1
11/3/20 0:00,1,0,1
11/3/20 1:00,6,0,6
11/3/20 2:00,0,0,0
11/3/20 3:00,2,1,1
11/3/20 4:00,5,4,1
11/3/20 5:00,25,20,5
11/3/20 6:00,47,40,7
11/3/20 7:00,45,40,5
11/3/20 8:00,38,33,5
11/3/20 9:00,22,17,5
11/3/20 10:00,9,5,4
11/3/20 11:00,8,4,4
11/3/20 12:00,13,9,4
11/3/20 13:00,14,8,6
11/3/20 14:00,8,2,6
11/3/20 15:00,40,8,32
11/3/20 16:00,52,13,39
11/3/20 17:00,55,8,47
11/3/20 18:00,21,1,20
11/3/20 19:00,10,1,9
11/3/20 20:00,9,1,8
11/3/20 21:00,6,3,3
11/3/20 22:00,2,0,2
11/3/20 23:00,3,2,1
11/4/20 0:00,0,0,0
11/4/20 1:00,1,0,1
11/4/20 2:00,3,1,2
11/4/20 3:00,4,2,2
11/4/20 4:00,3,2,1
11/4/20 5:00,17,15,2
11/4/20 6:00,49,45,4
11/4/20 7:00,31,27,4
11/4/20 8:00,43,39,4
11/4/20 9:00,26,16,10
11/4/20 10:00,13,9,4
11/4/20 11:00,25,19,6
11/4/20 12:00,21,14,7
11/4/20 13:00,27,14,13
11/4/20 14:00,32,16,16
11/4/20 15:00,44,18,26
11/4/20 16:00,57,10,47
11/4/20 17:00,57,9,48
11/4/20 18:00,27,2,25
11/4/20 19:00,10,1,9
11/4/20 20:00,13,3,10
11/4/20 21:00,3,0,3
11/4/20 22:00,1,0,1
11/4/20 23:00,5,0,5
11/5/20 0:00,2,1,1
11/5/20 1:00,0,0,0
11/5/20 2:00,0,0,0
11/5/20 3:00,5,2,3
11/5/20 4:00,5,2,3
11/5/20 5:00,23,16,7
11/5/20 6:00,46,42,4
11/5/20 7:00,54,46,8
11/5/20 8:00,36,32,4
11/5/20 9:00,30,23,7
11/5/20 10:00,21,14,7
11/5/20 11:00,16,9,7
11/5/20 12:00,9,5,4
11/5/20 13:00,14,9,5
11/5/20 14:00,30,11,19
11/5/20 15:00,37,6,31
11/5/20 16:00,60,14,46
11/5/20 17:00,63,13,50
11/5/20 18:00,29,7,22
11/5/20 19:00,25,5,20
11/5/20 20:00,13,4,9
11/5/20 21:00,7,2,5
11/5/20 22:00,13,4,9
11/5/20 23:00,1,1,0
11/6/20 0:00,4,0,4
11/6/20 1:00,0,0,0
11/6/20 2:00,5,2,3
11/6/20 3:00,4,3,1
11/6/20 4:00,6,5,1
11/6/20 5:00,25,19,6
11/6/20 6:00,54,45,9
11/6/20 7:00,40,33,7
11/6/20 8:00,72,64,8
11/6/20 9:00,36,25,11
11/6/20 10:00,25,14,11
11/6/20 11:00,27,18,9
11/6/20 12:00,25,13,12
11/6/20 13:00,44,22,22
11/6/20 14:00,59,27,32
11/6/20 15:00,73,34,39
11/6/20 16:00,77,15,62
11/6/20 17:00,69,11,58
11/6/20 18:00,40,15,25
11/6/20 19:00,18,4,14
11/6/20 20:00,13,3,10
11/6/20 21:00,3,0,3
11/6/20 22:00,9,2,7
11/6/20 23:00,7,3,4
11/7/20 0:00,5,0,5
11/7/20 1:00,1,1,0
11/7/20 2:00,1,1,0
11/7/20 3:00,3,2,1
11/7/20 4:00,6,3,3
11/7/20 5:00,5,4,1
11/7/20 6:00,11,5,6
11/7/20 7:00,12,7,5
11/7/20 8:00,23,13,10
11/7/20 9:00,36,26,10
11/7/20 10:00,32,10,22
11/7/20 11:00,55,23,32
11/7/20 12:00,63,27,36
11/7/20 13:00,44,13,31
11/7/20 14:00,62,35,27
11/7/20 15:00,50,34,16
11/7/20 16:00,25,10,15
11/7/20 17:00,14,5,9
11/7/20 18:00,13,6,7
11/7/20 19:00,7,4,3
11/7/20 20:00,13,3,10
11/7/20 21:00,6,3,3
11/7/20 22:00,5,0,5
11/7/20 23:00,4,2,2
11/8/20 0:00,2,1,1
11/8/20 1:00,4,2,2
11/8/20 2:00,1,0,1
11/8/20 3:00,2,2,0
11/8/20 4:00,1,0,1
11/8/20 5:00,3,2,1
11/8/20 6:00,4,1,3
11/8/20 7:00,20,14,6
11/8/20 8:00,27,10,17
11/8/20 9:00,24,14,10
11/8/20 10:00,37,24,13
11/8/20 11:00,51,27,24
11/8/20 12:00,66,33,33
11/8/20 13:00,68,34,34
11/8/20 14:00,88,39,49
11/8/20 15:00,71,31,40
11/8/20 16:00,46,25,21
11/8/20 17:00,28,14,14
11/8/20 18:00,8,6,2
11/8/20 19:00,6,2,4
11/8/20 20:00,9,2,7
11/8/20 21:00,3,1,2
11/8/20 22:00,1,1,0
11/8/20 23:00,0,0,0
11/9/20 0:00,1,1,0
11/9/20 1:00,2,1,1
11/9/20 2:00,2,2,0
11/9/20 3:00,2,2,0
11/9/20 4:00,1,1,0
11/9/20 5:00,19,14,5
11/9/20 6:00,50,43,7
11/9/20 7:00,46,43,3
11/9/20 8:00,55,46,9
11/9/20 9:00,29,23,6
11/9/20 10:00,22,19,3
11/9/20 11:00,19,15,4
11/9/20 12:00,27,15,12
11/9/20 13:00,22,10,12
11/9/20 14:00,40,18,22
11/9/20 15:00,55,10,45
11/9/20 16:00,57,10,47
11/9/20 17:00,67,14,53
11/9/20 18:00,32,5,27
11/9/20 19:00,9,2,7
11/9/20 20:00,8,1,7
11/9/20 21:00,7,3,4
11/9/20 22:00,1,0,1
11/9/20 23:00,6,1,5
11/10/20 0:00,2,0,2
11/10/20 1:00,3,0,3
11/10/20 2:00,2,2,0
11/10/20 3:00,1,1,0
11/10/20 4:00,5,2,3
11/10/20 5:00,21,17,4
11/10/20 6:00,40,28,12
11/10/20 7:00,53,51,2
11/10/20 8:00,44,35,9
11/10/20 9:00,29,21,8
11/10/20 10:00,26,16,10
11/10/20 11:00,13,6,7
11/10/20 12:00,14,3,11
11/10/20 13:00,15,9,6
11/10/20 14:00,26,11,15
11/10/20 15:00,50,17,33
11/10/20 16:00,46,5,41
11/10/20 17:00,66,10,56
11/10/20 18:00,36,12,24
11/10/20 19:00,19,5,14
11/10/20 20:00,14,3,11
11/10/20 21:00,6,1,5
11/10/20 22:00,0,0,0
11/10/20 23:00,5,2,3
11/11/20 0:00,2,0,2
11/11/20 1:00,4,2,2
11/11/20 2:00,2,2,0
11/11/20 3:00,1,0,1
11/11/20 4:00,3,3,0
11/11/20 5:00,13,10,3
11/11/20 6:00,41,38,3
11/11/20 7:00,47,40,7
11/11/20 8:00,35,29,6
11/11/20 9:00,34,25,9
11/11/20 10:00,27,16,11
11/11/20 11:00,38,21,17
11/11/20 12:00,37,18,19
11/11/20 13:00,49,33,16
11/11/20 14:00,67,33,34
11/11/20 15:00,78,29,49
11/11/20 16:00,79,19,60
11/11/20 17:00,54,11,43
11/11/20 18:00,36,10,26
11/11/20 19:00,14,4,10
11/11/20 20:00,11,4,7
11/11/20 21:00,5,1,4
11/11/20 22:00,9,1,8
11/11/20 23:00,3,0,3
11/12/20 0:00,1,0,1
11/12/20 1:00,0,0,0
11/12/20 2:00,5,3,2
11/12/20 3:00,3,2,1
11/12/20 4:00,4,3,1
11/12/20 5:00,28,24,4
11/12/20 6:00,46,39,7
11/12/20 7:00,48,42,6
11/12/20 8:00,44,36,8
11/12/20 9:00,39,29,10
11/12/20 10:00,21,13,8
11/12/20 11:00,22,15,7
11/12/20 12:00,28,13,15
11/12/20 13:00,26,12,14
11/12/20 14:00,32,13,19
11/12/20 15:00,32,8,24
11/12/20 16:00,51,10,41
11/12/20 17:00,51,7,44
11/12/20 18:00,36,3,33
11/12/20 19:00,18,5,13
11/12/20 20:00,8,2,6
11/12/20 21:00,8,2,6
11/12/20 22:00,4,2,2
11/12/20 23:00,0,0,0
11/13/20 0:00,3,0,3
11/13/20 1:00,3,2,1
11/13/20 2:00,3,1,2
11/13/20 3:00,2,1,1
11/13/20 4:00,3,3,0
11/13/20 5:00,18,13,5
11/13/20 6:00,17,16,1
11/13/20 7:00,28,22,6
11/13/20 8:00,35,31,4
11/13/20 9:00,29,18,11
11/13/20 10:00,19,13,6
11/13/20 11:00,14,10,4
11/13/20 12:00,19,11,8
11/13/20 13:00,21,8,13
11/13/20 14:00,44,18,26
11/13/20 15:00,53,23,30
11/13/20 16:00,46,16,30
11/13/20 17:00,49,9,40
11/13/20 18:00,24,7,17
11/13/20 19:00,9,5,4
11/13/20 20:00,12,0,12
11/13/20 21:00,9,1,8
11/13/20 22:00,7,3,4
11/13/20 23:00,3,2,1
11/14/20 0:00,2,1,1
11/14/20 1:00,3,1,2
11/14/20 2:00,6,4,2
11/14/20 3:00,3,2,1
11/14/20 4:00,3,2,1
11/14/20 5:00,3,3,0
11/14/20 6:00,9,7,2
11/14/20 7:00,5,4,1
11/14/20 8:00,20,8,12
11/14/20 9:00,32,21,11
11/14/20 10:00,49,24,25
11/14/20 11:00,38,21,17
11/14/20 12:00,40,16,24
11/14/20 13:00,28,15,13
11/14/20 14:00,20,4,16
11/14/20 15:00,20,12,8
11/14/20 16:00,16,6,10
11/14/20 17:00,6,3,3
11/14/20 18:00,13,5,8
11/14/20 19:00,9,3,6
11/14/20 20:00,4,0,4
11/14/20 21:00,1,0,1
11/14/20 22:00,3,2,1
11/14/20 23:00,3,1,2
11/15/20 0:00,2,1,1
11/15/20 1:00,1,0,1
11/15/20 2:00,2,0,2
11/15/20 3:00,3,2,1
11/15/20 4:00,0,0,0
11/15/20 5:00,2,2,0
11/15/20 6:00,10,4,6
11/15/20 7:00,10,7,3
11/15/20 8:00,14,8,6
11/15/20 9:00,13,8,5
11/15/20 10:00,47,25,22
11/15/20 11:00,23,15,8
11/15/20 12:00,33,17,16
11/15/20 13:00,36,11,25
11/15/20 14:00,28,18,10
11/15/20 15:00,33,17,16
11/15/20 16:00,40,20,20
11/15/20 17:00,16,2,14
11/15/20 18:00,13,6,7
11/15/20 19:00,7,2,5
11/15/20 20:00,8,3,5
11/15/20 21:00,3,1,2
11/15/20 22:00,1,1,0
11/15/20 23:00,0,0,0
11/16/20 0:00,0,0,0
11/16/20 1:00,2,1,1
11/16/20 2:00,2,2,0
11/16/20 3:00,2,1,1
11/16/20 4:00,1,1,0
11/16/20 5:00,23,18,5
11/16/20 6:00,40,37,3
11/16/20 7:00,39,35,4
11/16/20 8:00,37,34,3
11/16/20 9:00,25,20,5
11/16/20 10:00,11,8,3
11/16/20 11:00,12,7,5
11/16/20 12:00,8,5,3
11/16/20 13:00,14,7,7
11/16/20 14:00,13,6,7
11/16/20 15:00,28,8,20
11/16/20 16:00,43,3,40
11/16/20 17:00,41,6,35
11/16/20 18:00,28,1,27
11/16/20 19:00,15,3,12
11/16/20 20:00,12,4,8
11/16/20 21:00,6,1,5
11/16/20 22:00,5,0,5
11/16/20 23:00,3,2,1
11/17/20 0:00,5,1,4
11/17/20 1:00,1,0,1
11/17/20 2:00,3,1,2
11/17/20 3:00,3,1,2
11/17/20 4:00,4,2,2
11/17/20 5:00,26,17,9
11/17/20 6:00,39,36,3
11/17/20 7:00,39,35,4
11/17/20 8:00,53,47,6
11/17/20 9:00,26,17,9
11/17/20 10:00,18,12,6
11/17/20 11:00,9,4,5
11/17/20 12:00,10,6,4
11/17/20 13:00,7,3,4
11/17/20 14:00,26,9,17
11/17/20 15:00,44,15,29
11/17/20 16:00,42,8,34
11/17/20 17:00,49,10,39
11/17/20 18:00,26,5,21
11/17/20 19:00,19,2,17
11/17/20 20:00,5,2,3
11/17/20 21:00,4,0,4
11/17/20 22:00,2,2,0
11/17/20 23:00,4,0,4
11/18/20 0:00,1,0,1
11/18/20 1:00,2,2,0
11/18/20 2:00,0,0,0
11/18/20 3:00,2,1,1
11/18/20 4:00,1,1,0
11/18/20 5:00,26,18,8
11/18/20 6:00,39,31,8
11/18/20 7:00,27,25,2
11/18/20 8:00,38,33,5
11/18/20 9:00,22,19,3
11/18/20 10:00,14,6,8
11/18/20 11:00,15,11,4
11/18/20 12:00,19,8,11
11/18/20 13:00,12,5,7
11/18/20 14:00,14,4,10
11/18/20 15:00,31,8,23
11/18/20 16:00,37,7,30
11/18/20 17:00,50,10,40
11/18/20 18:00,24,5,19
11/18/20 19:00,16,1,15
11/18/20 20:00,9,5,4
11/18/20 21:00,7,1,6
11/18/20 22:00,2,2,0
11/18/20 23:00,2,0,2
11/19/20 0:00,3,1,2
11/19/20 1:00,3,1,2
11/19/20 2:00,4,2,2
11/19/20 3:00,3,2,1
11/19/20 4:00,5,5,0
11/19/20 5:00,26,23,3
11/19/20 6:00,34,30,4
11/19/20 7:00,48,43,5
11/19/20 8:00,40,33,7
11/19/20 9:00,42,29,13
11/19/20 10:00,25,18,7
11/19/20 11:00,25,9,16
11/19/20 12:00,19,11,8
11/19/20 13:00,21,11,10
11/19/20 14:00,28,11,17
11/19/20 15:00,47,16,31
11/19/20 16:00,63,14,49
11/19/20 17:00,65,11,54
11/19/20 18:00,31,7,24
11/19/20 19:00,14,6,8
11/19/20 20:00,9,5,4
11/19/20 21:00,5,1,4
11/19/20 22:00,1,0,1
11/19/20 23:00,3,1,2
11/20/20 0:00,5,0,5
11/20/20 1:00,2,1,1
11/20/20 2:00,3,2,1
11/20/20 3:00,3,1,2
11/20/20 4:00,3,3,0
11/20/20 5:00,23,21,2
11/20/20 6:00,35,30,5
11/20/20 7:00,45,39,6
11/20/20 8:00,48,40,8
11/20/20 9:00,32,22,10
11/20/20 10:00,16,9,7
11/20/20 11:00,32,25,7
11/20/20 12:00,24,7,17
11/20/20 13:00,30,18,12
11/20/20 14:00,36,13,23
11/20/20 15:00,46,15,31
11/20/20 16:00,51,4,47
11/20/20 17:00,70,18,52
11/20/20 18:00,32,7,25
11/20/20 19:00,17,4,13
11/20/20 20:00,6,1,5
11/20/20 21:00,10,7,3
11/20/20 22:00,5,2,3
11/20/20 23:00,2,1,1
11/21/20 0:00,6,2,4
11/21/20 1:00,0,0,0
11/21/20 2:00,0,0,0
11/21/20 3:00,4,2,2
11/21/20 4:00,3,2,1
11/21/20 5:00,10,7,3
11/21/20 6:00,2,1,1
11/21/20 7:00,19,8,11
11/21/20 8:00,36,22,14
11/21/20 9:00,60,34,26
11/21/20 10:00,81,47,34
11/21/20 11:00,98,59,39
11/21/20 12:00,126,49,77
11/21/20 13:00,148,62,86
11/21/20 14:00,127,51,76
11/21/20 15:00,133,69,64
11/21/20 16:00,73,42,31
11/21/20 17:00,32,20,12
11/21/20 18:00,15,4,11
11/21/20 19:00,5,1,4
11/21/20 20:00,10,1,9
11/21/20 21:00,4,0,4
11/21/20 22:00,5,3,2
11/21/20 23:00,5,0,5
11/22/20 0:00,5,1,4
11/22/20 1:00,0,0,0
11/22/20 2:00,0,0,0
11/22/20 3:00,0,0,0
11/22/20 4:00,1,1,0
11/22/20 5:00,4,3,1
11/22/20 6:00,7,4,3
11/22/20 7:00,13,7,6
11/22/20 8:00,16,10,6
11/22/20 9:00,18,13,5
11/22/20 10:00,43,16,27
11/22/20 11:00,39,18,21
11/22/20 12:00,46,18,28
11/22/20 13:00,32,19,13
11/22/20 14:00,26,13,13
11/22/20 15:00,13,4,9
11/22/20 16:00,4,2,2
11/22/20 17:00,10,4,6
11/22/20 18:00,4,2,2
11/22/20 19:00,3,1,2
11/22/20 20:00,4,0,4
11/22/20 21:00,3,1,2
11/22/20 22:00,4,0,4
11/22/20 23:00,0,0,0
11/23/20 0:00,1,1,0
11/23/20 1:00,3,1,2
11/23/20 2:00,1,1,0
11/23/20 3:00,1,1,0
11/23/20 4:00,6,3,3
11/23/20 5:00,15,14,1
11/23/20 6:00,35,31,4
11/23/20 7:00,37,33,4
11/23/20 8:00,41,37,4
11/23/20 9:00,19,17,2
11/23/20 10:00,10,7,3
11/23/20 11:00,9,8,1
11/23/20 12:00,16,8,8
11/23/20 13:00,16,9,7
11/23/20 14:00,25,9,16
11/23/20 15:00,39,8,31
11/23/20 16:00,49,12,37
11/23/20 17:00,52,11,41
11/23/20 18:00,33,1,32
11/23/20 19:00,12,2,10
11/23/20 20:00,12,4,8
11/23/20 21:00,2,1,1
11/23/20 22:00,7,2,5
11/23/20 23:00,6,1,5
11/24/20 0:00,6,4,2
11/24/20 1:00,2,2,0
11/24/20 2:00,2,2,0
11/24/20 3:00,1,0,1
11/24/20 4:00,4,3,1
11/24/20 5:00,18,16,2
11/24/20 6:00,40,36,4
11/24/20 7:00,44,41,3
11/24/20 8:00,47,39,8
11/24/20 9:00,29,20,9
11/24/20 10:00,9,6,3
11/24/20 11:00,11,6,5
11/24/20 12:00,14,8,6
11/24/20 13:00,4,3,1
11/24/20 14:00,23,7,16
11/24/20 15:00,28,8,20
11/24/20 16:00,37,2,35
11/24/20 17:00,57,16,41
11/24/20 18:00,30,7,23
11/24/20 19:00,15,1,14
11/24/20 20:00,5,3,2
11/24/20 21:00,2,2,0
11/24/20 22:00,6,4,2
11/24/20 23:00,2,0,2
11/25/20 0:00,2,1,1
11/25/20 1:00,2,0,2
11/25/20 2:00,3,2,1
11/25/20 3:00,2,0,2
11/25/20 4:00,6,4,2
11/25/20 5:00,17,11,6
11/25/20 6:00,39,35,4
11/25/20 7:00,29,25,4
11/25/20 8:00,32,23,9
11/25/20 9:00,27,17,10
11/25/20 10:00,30,22,8
11/25/20 11:00,15,4,11
11/25/20 12:00,17,9,8
11/25/20 13:00,43,21,22
11/25/20 14:00,49,25,24
11/25/20 15:00,66,19,47
11/25/20 16:00,44,10,34
11/25/20 17:00,31,8,23
11/25/20 18:00,22,8,14
11/25/20 19:00,16,3,13
11/25/20 20:00,11,3,8
11/25/20 21:00,4,0,4
11/25/20 22:00,0,0,0
11/25/20 23:00,5,0,5
11/26/20 0:00,8,5,3
11/26/20 1:00,0,0,0
11/26/20 2:00,1,1,0
11/26/20 3:00,2,1,1
11/26/20 4:00,1,0,1
11/26/20 5:00,6,3,3
11/26/20 6:00,3,1,2
11/26/20 7:00,7,6,1
11/26/20 8:00,3,2,1
11/26/20 9:00,21,12,9
11/26/20 10:00,17,12,5
11/26/20 11:00,23,9,14
11/26/20 12:00,37,14,23
11/26/20 13:00,27,15,12
11/26/20 14:00,24,13,11
11/26/20 15:00,20,9,11
11/26/20 16:00,13,7,6
11/26/20 17:00,4,3,1
11/26/20 18:00,5,1,4
11/26/20 19:00,4,3,1
11/26/20 20:00,8,4,4
11/26/20 21:00,7,4,3
11/26/20 22:00,3,1,2
11/26/20 23:00,5,1,4
11/27/20 0:00,3,2,1
11/27/20 1:00,2,1,1
11/27/20 2:00,3,2,1
11/27/20 3:00,1,0,1
11/27/20 4:00,4,4,0
11/27/20 5:00,6,3,3
11/27/20 6:00,17,16,1
11/27/20 7:00,18,12,6
11/27/20 8:00,24,17,7
11/27/20 9:00,36,18,18
11/27/20 10:00,54,32,22
11/27/20 11:00,82,44,38
11/27/20 12:00,84,39,45
11/27/20 13:00,92,49,43
11/27/20 14:00,97,43,54
11/27/20 15:00,94,42,52
11/27/20 16:00,49,17,32
11/27/20 17:00,27,15,12
11/27/20 18:00,19,4,15
11/27/20 19:00,9,5,4
11/27/20 20:00,4,1,3
11/27/20 21:00,7,3,4
11/27/20 22:00,5,2,3
11/27/20 23:00,4,1,3
11/28/20 0:00,5,0,5
11/28/20 1:00,1,0,1
11/28/20 2:00,4,3,1
11/28/20 3:00,3,2,1
11/28/20 4:00,2,2,0
11/28/20 5:00,8,6,2
11/28/20 6:00,6,4,2
11/28/20 7:00,7,6,1
11/28/20 8:00,17,9,8
11/28/20 9:00,17,9,8
11/28/20 10:00,20,16,4
11/28/20 11:00,31,17,14
11/28/20 12:00,23,13,10
11/28/20 13:00,32,18,14
11/28/20 14:00,32,16,16
11/28/20 15:00,37,19,18
11/28/20 16:00,33,9,24
11/28/20 17:00,25,15,10
11/28/20 18:00,14,7,7
11/28/20 19:00,6,1,5
11/28/20 20:00,12,3,9
11/28/20 21:00,8,3,5
11/28/20 22:00,6,4,2
11/28/20 23:00,10,7,3
11/29/20 0:00,0,0,0
11/29/20 1:00,3,3,0
11/29/20 2:00,3,1,2
11/29/20 3:00,2,2,0
11/29/20 4:00,1,1,0
11/29/20 5:00,3,2,1
11/29/20 6:00,7,5,2
11/29/20 7:00,10,7,3
11/29/20 8:00,19,13,6
11/29/20 9:00,20,11,9
11/29/20 10:00,34,17,17
11/29/20 11:00,54,25,29
11/29/20 12:00,52,27,25
11/29/20 13:00,77,43,34
11/29/20 14:00,89,44,45
11/29/20 15:00,70,33,37
11/29/20 16:00,46,23,23
11/29/20 17:00,18,9,9
11/29/20 18:00,11,4,7
11/29/20 19:00,4,1,3
11/29/20 20:00,5,0,5
11/29/20 21:00,3,3,0
11/29/20 22:00,4,1,3
11/29/20 23:00,1,1,0
11/30/20 0:00,3,2,1
11/30/20 1:00,1,0,1
11/30/20 2:00,1,0,1
11/30/20 3:00,2,2,0
11/30/20 4:00,3,3,0
11/30/20 5:00,20,17,3
11/30/20 6:00,29,27,2
11/30/20 7:00,36,32,4
11/30/20 8:00,29,27,2
11/30/20 9:00,10,10,0
11/30/20 10:00,24,18,6
11/30/20 11:00,28,17,11
11/30/20 12:00,28,18,10
11/30/20 13:00,42,24,18
11/30/20 14:00,52,18,34
11/30/20 15:00,55,18,37
11/30/20 16:00,63,15,48
11/30/20 17:00,60,16,44
11/30/20 18:00,24,1,23
11/30/20 19:00,9,1,8
11/30/20 20:00,11,3,8
11/30/20 21:00,1,1,0
11/30/20 22:00,3,0,3
11/30/20 23:00,4,2,2
1/1/21 13:00,26,11,15
1/1/21 14:00,20,14,6
1/1/21 15:00,5,2,3
1/1/21 16:00,5,2,3
1/1/21 17:00,10,2,8
1/1/21 18:00,3,1,2
1/1/21 19:00,1,0,1
1/1/21 20:00,2,1,1
1/1/21 21:00,4,2,2
1/1/21 22:00,1,1,0
1/1/21 23:00,2,1,1
1/2/21 0:00,1,0,1
1/2/21 1:00,0,0,0
1/2/21 2:00,0,0,0
1/2/21 3:00,1,0,1
1/2/21 4:00,1,1,0
1/2/21 5:00,4,4,0
1/2/21 6:00,6,4,2
1/2/21 7:00,3,2,1
1/2/21 8:00,2,1,1
1/2/21 9:00,7,6,1
1/2/21 10:00,5,4,1
1/2/21 11:00,4,2,2
1/2/21 12:00,5,2,3
1/2/21 13:00,4,2,2
1/2/21 14:00,4,1,3
1/2/21 15:00,3,1,2
1/2/21 16:00,5,0,5
1/2/21 17:00,5,2,3
1/2/21 18:00,3,1,2
1/2/21 19:00,3,1,2
1/2/21 20:00,3,2,1
1/2/21 21:00,1,0,1
1/2/21 22:00,1,0,1
1/2/21 23:00,0,0,0
1/3/21 0:00,1,0,1
1/3/21 1:00,0,0,0
1/3/21 2:00,0,0,0
1/3/21 3:00,1,0,1
1/3/21 4:00,4,2,2
1/3/21 5:00,3,2,1
1/3/21 6:00,6,5,1
1/3/21 7:00,8,7,1
1/3/21 8:00,5,3,2
1/3/21 9:00,6,5,1
1/3/21 10:00,8,3,5
1/3/21 11:00,15,10,5
1/3/21 12:00,18,9,9
1/3/21 13:00,23,10,13
1/3/21 14:00,36,19,17
1/3/21 15:00,33,15,18
1/3/21 16:00,22,7,15
1/3/21 17:00,11,3,8
1/3/21 18:00,4,0,4
1/3/21 19:00,6,2,4
1/3/21 20:00,3,1,2
12/1/20 0:00,3,1,2
12/1/20 1:00,1,0,1
12/1/20 2:00,4,2,2
12/1/20 3:00,4,2,2
12/1/20 4:00,4,4,0
12/1/20 5:00,26,18,8
12/1/20 6:00,53,44,9
12/1/20 7:00,55,46,9
12/1/20 8:00,51,45,6
12/1/20 9:00,34,29,5
12/1/20 10:00,23,13,10
12/1/20 11:00,28,17,11
12/1/20 12:00,20,8,12
12/1/20 13:00,36,19,17
12/1/20 14:00,75,31,44
12/1/20 15:00,67,22,45
12/1/20 16:00,76,21,55
12/1/20 17:00,75,13,62
12/1/20 18:00,40,9,31
12/1/20 19:00,20,7,13
12/1/20 20:00,6,1,5
12/1/20 21:00,6,4,2
12/1/20 22:00,3,1,2
12/1/20 23:00,9,2,7
12/2/20 0:00,2,0,2
12/2/20 1:00,2,0,2
12/2/20 2:00,5,2,3
12/2/20 3:00,2,2,0
12/2/20 4:00,6,5,1
12/2/20 5:00,28,20,8
12/2/20 6:00,50,45,5
12/2/20 7:00,54,49,5
12/2/20 8:00,53,46,7
12/2/20 9:00,28,23,5
12/2/20 10:00,42,27,15
12/2/20 11:00,43,19,24
12/2/20 12:00,36,24,12
12/2/20 13:00,61,30,31
12/2/20 14:00,67,26,41
12/2/20 15:00,84,27,57
12/2/20 16:00,94,31,63
12/2/20 17:00,79,14,65
12/2/20 18:00,31,7,24
12/2/20 19:00,19,3,16
12/2/20 20:00,12,2,10
12/2/20 21:00,6,2,4
12/2/20 22:00,1,0,1
12/2/20 23:00,5,2,3
12/3/20 0:00,3,2,1
12/3/20 1:00,1,1,0
12/3/20 2:00,2,1,1
12/3/20 3:00,1,0,1
12/3/20 4:00,6,5,1
12/3/20 5:00,27,19,8
12/3/20 6:00,46,40,6
12/3/20 7:00,47,44,3
12/3/20 8:00,58,48,10
12/3/20 9:00,42,29,13
12/3/20 10:00,32,22,10
12/3/20 11:00,32,18,14
12/3/20 12:00,28,13,15
12/3/20 13:00,37,18,19
12/3/20 14:00,32,11,21
12/3/20 15:00,51,14,37
12/3/20 16:00,66,12,54
12/3/20 17:00,66,18,48
12/3/20 18:00,39,6,33
12/3/20 19:00,17,5,12
12/3/20 20:00,15,3,12
12/3/20 21:00,4,2,2
12/3/20 22:00,4,2,2
12/3/20 23:00,2,1,1
12/4/20 0:00,7,0,7
12/4/20 1:00,3,3,0
12/4/20 2:00,4,1,3
12/4/20 3:00,0,0,0
12/4/20 4:00,6,5,1
12/4/20 5:00,28,21,7
12/4/20 6:00,38,33,5
12/4/20 7:00,43,36,7
12/4/20 8:00,54,41,13
12/4/20 9:00,41,28,13
12/4/20 10:00,38,23,15
12/4/20 11:00,41,26,15
12/4/20 12:00,41,24,17
12/4/20 13:00,49,21,28
12/4/20 14:00,73,32,41
12/4/20 15:00,100,36,64
12/4/20 16:00,68,15,53
12/4/20 17:00,60,12,48
12/4/20 18:00,37,8,29
12/4/20 19:00,19,6,13
12/4/20 20:00,16,3,13
12/4/20 21:00,10,4,6
12/4/20 22:00,3,1,2
12/4/20 23:00,3,1,2
12/5/20 0:00,5,1,4
12/5/20 1:00,1,1,0
12/5/20 2:00,4,2,2
12/5/20 3:00,1,1,0
12/5/20 4:00,4,2,2
12/5/20 5:00,6,5,1
12/5/20 6:00,11,5,6
12/5/20 7:00,8,5,3
12/5/20 8:00,27,13,14
12/5/20 9:00,55,25,30
12/5/20 10:00,64,31,33
12/5/20 11:00,91,49,42
12/5/20 12:00,106,57,49
12/5/20 13:00,130,52,78
12/5/20 14:00,120,64,56
12/5/20 15:00,114,57,57
12/5/20 16:00,52,26,26
12/5/20 17:00,24,10,14
12/5/20 18:00,19,6,13
12/5/20 19:00,7,3,4
12/5/20 20:00,4,2,2
12/5/20 21:00,5,1,4
12/5/20 22:00,6,1,5
12/5/20 23:00,2,0,2
12/6/20 0:00,3,3,0
12/6/20 1:00,2,0,2
12/6/20 2:00,4,2,2
12/6/20 3:00,0,0,0
12/6/20 4:00,2,2,0
12/6/20 5:00,3,2,1
12/6/20 6:00,5,2,3
12/6/20 7:00,6,3,3
12/6/20 8:00,13,8,5
12/6/20 9:00,16,9,7
12/6/20 10:00,41,16,25
12/6/20 11:00,68,29,39
12/6/20 12:00,74,45,29
12/6/20 13:00,85,42,43
12/6/20 14:00,78,45,33
12/6/20 15:00,66,24,42
12/6/20 16:00,38,19,19
12/6/20 17:00,20,10,10
12/6/20 18:00,8,2,6
12/6/20 19:00,5,1,4
12/6/20 20:00,5,1,4
12/6/20 21:00,4,2,2
12/6/20 22:00,0,0,0
12/6/20 23:00,4,2,2
12/7/20 0:00,5,3,2
12/7/20 1:00,1,1,0
12/7/20 2:00,1,0,1
12/7/20 3:00,3,1,2
12/7/20 4:00,5,5,0
12/7/20 5:00,24,20,4
12/7/20 6:00,38,33,5
12/7/20 7:00,58,51,7
12/7/20 8:00,53,45,8
12/7/20 9:00,30,17,13
12/7/20 10:00,22,16,6
12/7/20 11:00,24,14,10
12/7/20 12:00,25,11,14
12/7/20 13:00,34,14,20
12/7/20 14:00,29,12,17
12/7/20 15:00,53,20,33
12/7/20 16:00,64,10,54
12/7/20 17:00,55,10,45
12/7/20 18:00,46,7,39
12/7/20 19:00,12,2,10
12/7/20 20:00,5,1,4
12/7/20 21:00,3,1,2
12/7/20 22:00,3,1,2
12/7/20 23:00,3,2,1
12/8/20 0:00,3,0,3
12/8/20 1:00,3,2,1
12/8/20 2:00,1,0,1
12/8/20 3:00,2,1,1
12/8/20 4:00,2,2,0
12/8/20 5:00,22,17,5
12/8/20 6:00,48,42,6
12/8/20 7:00,42,39,3
12/8/20 8:00,51,43,8
12/8/20 9:00,21,16,5
12/8/20 10:00,13,11,2
12/8/20 11:00,16,7,9
12/8/20 12:00,17,9,8
12/8/20 13:00,13,3,10
12/8/20 14:00,28,8,20
12/8/20 15:00,27,10,17
12/8/20 16:00,36,9,27
12/8/20 17:00,54,11,43
12/8/20 18:00,18,0,18
12/8/20 19:00,12,2,10
12/8/20 20:00,7,1,6
12/8/20 21:00,5,1,4
12/8/20 22:00,3,1,2
12/8/20 23:00,4,2,2
12/9/20 0:00,3,1,2
12/9/20 1:00,1,1,0
12/9/20 2:00,0,0,0
12/9/20 3:00,1,0,1
12/9/20 4:00,3,2,1
12/9/20 5:00,21,13,8
12/9/20 6:00,46,41,5
12/9/20 7:00,41,37,4
12/9/20 8:00,44,37,7
12/9/20 9:00,27,21,6
12/9/20 10:00,23,16,7
12/9/20 11:00,19,13,6
12/9/20 12:00,24,14,10
12/9/20 13:00,24,8,16
12/9/20 14:00,40,19,21
12/9/20 15:00,48,18,30
12/9/20 16:00,63,16,47
12/9/20 17:00,60,9,51
12/9/20 18:00,35,4,31
12/9/20 19:00,19,6,13
12/9/20 20:00,6,3,3
12/9/20 21:00,4,1,3
12/9/20 22:00,5,0,5
12/9/20 23:00,6,3,3
12/10/20 0:00,3,0,3
12/10/20 1:00,3,2,1
12/10/20 2:00,2,2,0
12/10/20 3:00,3,3,0
12/10/20 4:00,5,3,2
12/10/20 5:00,26,18,8
12/10/20 6:00,44,41,3
12/10/20 7:00,49,43,6
12/10/20 8:00,60,50,10
12/10/20 9:00,28,20,8
12/10/20 10:00,26,21,5
12/10/20 11:00,32,17,15
12/10/20 12:00,21,12,9
12/10/20 13:00,24,6,18
12/10/20 14:00,34,13,21
12/10/20 15:00,51,21,30
12/10/20 16:00,60,12,48
12/10/20 17:00,68,19,49
12/10/20 18:00,34,3,31
12/10/20 19:00,17,1,16
12/10/20 20:00,3,0,3
12/10/20 21:00,4,2,2
12/10/20 22:00,5,4,1
12/10/20 23:00,1,1,0
12/11/20 0:00,2,0,2
12/11/20 1:00,1,1,0
12/11/20 2:00,4,0,4
12/11/20 3:00,1,0,1
12/11/20 4:00,6,4,2
12/11/20 5:00,23,17,6
12/11/20 6:00,36,31,5
12/11/20 7:00,34,24,10
12/11/20 8:00,43,33,10
12/11/20 9:00,28,20,8
12/11/20 10:00,33,26,7
12/11/20 11:00,27,17,10
12/11/20 12:00,24,13,11
12/11/20 13:00,29,14,15
12/11/20 14:00,49,20,29
12/11/20 15:00,49,16,33
12/11/20 16:00,59,15,44
12/11/20 17:00,54,10,44
12/11/20 18:00,39,11,28
12/11/20 19:00,18,3,15
12/11/20 20:00,10,2,8
12/11/20 21:00,10,4,6
12/11/20 22:00,5,2,3
12/11/20 23:00,2,1,1
12/12/20 0:00,2,0,2
12/12/20 1:00,3,2,1
12/12/20 2:00,3,2,1
12/12/20 3:00,1,1,0
12/12/20 4:00,1,1,0
12/12/20 5:00,5,3,2
12/12/20 6:00,14,11,3
12/12/20 7:00,16,10,6
12/12/20 8:00,23,14,9
12/12/20 9:00,36,16,20
12/12/20 10:00,42,21,21
12/12/20 11:00,87,51,36
12/12/20 12:00,77,43,34
12/12/20 13:00,117,61,56
12/12/20 14:00,121,58,63
12/12/20 15:00,84,42,42
12/12/20 16:00,38,19,19
12/12/20 17:00,15,8,7
12/12/20 18:00,14,7,7
12/12/20 19:00,13,4,9
12/12/20 20:00,14,6,8
12/12/20 21:00,3,1,2
12/12/20 22:00,1,0,1
12/12/20 23:00,3,2,1
12/13/20 0:00,3,1,2
12/13/20 1:00,1,0,1
12/13/20 2:00,0,0,0
12/13/20 3:00,0,0,0
12/13/20 4:00,0,0,0
12/13/20 5:00,2,2,0
12/13/20 6:00,5,4,1
12/13/20 7:00,1,0,1
12/13/20 8:00,5,3,2
12/13/20 9:00,4,3,1
12/13/20 10:00,12,9,3
12/13/20 11:00,7,5,2
12/13/20 12:00,7,4,3
12/13/20 13:00,16,7,9
12/13/20 14:00,25,12,13
12/13/20 15:00,25,13,12
12/13/20 16:00,15,9,6
12/13/20 17:00,9,5,4
12/13/20 18:00,7,1,6
12/13/20 19:00,6,3,3
12/13/20 20:00,5,2,3
12/13/20 21:00,3,2,1
12/13/20 22:00,4,0,4
12/13/20 23:00,2,1,1
12/14/20 0:00,1,1,0
12/14/20 1:00,2,0,2
12/14/20 2:00,0,0,0
12/14/20 3:00,4,1,3
12/14/20 4:00,6,6,0
12/14/20 5:00,22,16,6
12/14/20 6:00,34,32,2
12/14/20 7:00,40,35,5
12/14/20 8:00,34,31,3
12/14/20 9:00,31,27,4
12/14/20 10:00,18,13,5
12/14/20 11:00,26,15,11
12/14/20 12:00,14,10,4
12/14/20 13:00,21,10,11
12/14/20 14:00,34,16,18
12/14/20 15:00,46,10,36
12/14/20 16:00,54,10,44
12/14/20 17:00,57,8,49
12/14/20 18:00,22,5,17
12/14/20 19:00,17,4,13
12/14/20 20:00,14,2,12
12/14/20 21:00,2,2,0
12/14/20 22:00,2,0,2
12/14/20 23:00,5,2,3
12/15/20 0:00,7,5,2
12/15/20 1:00,0,0,0
12/15/20 2:00,3,1,2
12/15/20 3:00,0,0,0
12/15/20 4:00,4,3,1
12/15/20 5:00,17,13,4
12/15/20 6:00,33,30,3
12/15/20 7:00,24,19,5
12/15/20 8:00,42,34,8
12/15/20 9:00,18,13,5
12/15/20 10:00,10,9,1
12/15/20 11:00,13,9,4
12/15/20 12:00,14,6,8
12/15/20 13:00,16,8,8
12/15/20 14:00,23,9,14
12/15/20 15:00,21,4,17
12/15/20 16:00,39,8,31
12/15/20 17:00,39,6,33
12/15/20 18:00,33,8,25
12/15/20 19:00,14,4,10
12/15/20 20:00,3,0,3
12/15/20 21:00,3,1,2
12/15/20 22:00,3,2,1
12/15/20 23:00,2,0,2
12/16/20 0:00,3,2,1
12/16/20 1:00,1,0,1
12/16/20 2:00,4,2,2
12/16/20 3:00,1,0,1
12/16/20 4:00,5,5,0
12/16/20 5:00,21,15,6
12/16/20 6:00,38,32,6
12/16/20 7:00,38,35,3
12/16/20 8:00,36,31,5
12/16/20 9:00,29,21,8
12/16/20 10:00,12,10,2
12/16/20 11:00,12,4,8
12/16/20 12:00,12,7,5
12/16/20 13:00,15,6,9
12/16/20 14:00,21,9,12
12/16/20 15:00,30,9,21
12/16/20 16:00,24,2,22
12/16/20 17:00,46,9,37
12/16/20 18:00,20,2,18
12/16/20 19:00,15,4,11
12/16/20 20:00,9,2,7
12/16/20 21:00,5,1,4
12/16/20 22:00,2,1,1
12/16/20 23:00,1,0,1
12/17/20 0:00,8,5,3
12/17/20 1:00,1,0,1
12/17/20 2:00,1,1,0
12/17/20 3:00,1,0,1
12/17/20 4:00,3,2,1
12/17/20 5:00,20,14,6
12/17/20 6:00,39,36,3
12/17/20 7:00,32,27,5
12/17/20 8:00,34,29,5
12/17/20 9:00,30,24,6
12/17/20 10:00,21,12,9
12/17/20 11:00,27,15,12
12/17/20 12:00,29,19,10
12/17/20 13:00,33,17,16
12/17/20 14:00,58,29,29
12/17/20 15:00,67,16,51
12/17/20 16:00,66,19,47
12/17/20 17:00,59,14,45
12/17/20 18:00,31,5,26
12/17/20 19:00,14,7,7
12/17/20 20:00,6,3,3
12/17/20 21:00,5,1,4
12/17/20 22:00,3,2,1
12/17/20 23:00,3,2,1
12/18/20 0:00,6,2,4
12/18/20 1:00,1,1,0
12/18/20 2:00,2,2,0
12/18/20 3:00,0,0,0
12/18/20 4:00,8,6,2
12/18/20 5:00,14,11,3
12/18/20 6:00,29,23,6
12/18/20 7:00,22,18,4
12/18/20 8:00,35,29,6
12/18/20 9:00,23,16,7
12/18/20 10:00,13,8,5
12/18/20 11:00,10,5,5
12/18/20 12:00,10,3,7
12/18/20 13:00,19,9,10
12/18/20 14:00,26,12,14
12/18/20 15:00,28,8,20
12/18/20 16:00,28,7,21
12/18/20 17:00,29,2,27
12/18/20 18:00,22,4,18
12/18/20 19:00,10,3,7
12/18/20 20:00,4,1,3
12/18/20 21:00,5,1,4
12/18/20 22:00,2,0,2
12/18/20 23:00,3,3,0
12/19/20 0:00,2,1,1
12/19/20 1:00,0,0,0
12/19/20 2:00,4,0,4
12/19/20 3:00,0,0,0
12/19/20 4:00,3,3,0
12/19/20 5:00,6,5,1
12/19/20 6:00,3,1,2
12/19/20 7:00,7,5,2
12/19/20 8:00,13,11,2
12/19/20 9:00,28,14,14
12/19/20 10:00,35,21,14
12/19/20 11:00,44,22,22
12/19/20 12:00,40,20,20
12/19/20 13:00,24,8,16
12/19/20 14:00,18,7,11
12/19/20 15:00,7,2,5
12/19/20 16:00,7,1,6
12/19/20 17:00,7,2,5
12/19/20 18:00,2,0,2
12/19/20 19:00,5,2,3
12/19/20 20:00,5,1,4
12/19/20 21:00,2,0,2
12/19/20 22:00,3,1,2
12/19/20 23:00,1,0,1
12/20/20 0:00,3,2,1
12/20/20 1:00,0,0,0
12/20/20 2:00,1,0,1
12/20/20 3:00,0,0,0
12/20/20 4:00,1,1,0
12/20/20 5:00,1,1,0
12/20/20 6:00,3,1,2
12/20/20 7:00,10,5,5
12/20/20 8:00,15,11,4
12/20/20 9:00,23,14,9
12/20/20 10:00,17,5,12
12/20/20 11:00,26,5,21
12/20/20 12:00,53,25,28
12/20/20 13:00,44,19,25
12/20/20 14:00,37,16,21
12/20/20 15:00,43,25,18
12/20/20 16:00,21,6,15
12/20/20 17:00,14,7,7
12/20/20 18:00,7,2,5
12/20/20 19:00,5,3,2
12/20/20 20:00,7,2,5
12/20/20 21:00,3,2,1
12/20/20 22:00,2,2,0
12/20/20 23:00,0,0,0
12/21/20 0:00,0,0,0
12/21/20 1:00,2,0,2
12/21/20 2:00,1,1,0
12/21/20 3:00,2,1,1
12/21/20 4:00,3,3,0
12/21/20 5:00,9,8,1
12/21/20 6:00,18,14,4
12/21/20 7:00,17,17,0
12/21/20 8:00,12,9,3
12/21/20 9:00,6,6,0
12/21/20 10:00,8,8,0
12/21/20 11:00,6,4,2
12/21/20 12:00,9,3,6
12/21/20 13:00,6,4,2
12/21/20 14:00,7,4,3
12/21/20 15:00,10,1,9
12/21/20 16:00,9,3,6
12/21/20 17:00,33,5,28
12/21/20 18:00,11,1,10
12/21/20 19:00,4,0,4
12/21/20 20:00,3,0,3
12/21/20 21:00,4,2,2
12/21/20 22:00,3,0,3
12/21/20 23:00,1,0,1
12/22/20 0:00,1,0,1
12/22/20 1:00,0,0,0
12/22/20 2:00,1,1,0
12/22/20 3:00,2,2,0
12/22/20 4:00,2,1,1
12/22/20 5:00,12,8,4
12/22/20 6:00,19,16,3
12/22/20 7:00,17,14,3
12/22/20 8:00,21,19,2
12/22/20 9:00,29,23,6
12/22/20 10:00,24,16,8
12/22/20 11:00,32,24,8
12/22/20 12:00,35,16,19
12/22/20 13:00,44,24,20
12/22/20 14:00,61,30,31
12/22/20 15:00,52,20,32
12/22/20 16:00,39,9,30
12/22/20 17:00,29,8,21
12/22/20 18:00,22,3,19
12/22/20 19:00,15,3,12
12/22/20 20:00,3,0,3
12/22/20 21:00,5,1,4
12/22/20 22:00,2,0,2
12/22/20 23:00,2,0,2
12/23/20 0:00,4,3,1
12/23/20 1:00,6,2,4
12/23/20 2:00,1,1,0
12/23/20 3:00,1,1,0
12/23/20 4:00,4,3,1
12/23/20 5:00,11,9,2
12/23/20 6:00,18,15,3
12/23/20 7:00,13,13,0
12/23/20 8:00,25,17,8
12/23/20 9:00,17,15,2
12/23/20 10:00,20,13,7
12/23/20 11:00,25,20,5
12/23/20 12:00,35,16,19
12/23/20 13:00,43,18,25
12/23/20 14:00,47,26,21
12/23/20 15:00,55,18,37
12/23/20 16:00,39,9,30
12/23/20 17:00,27,8,19
12/23/20 18:00,21,6,15
12/23/20 19:00,11,2,9
12/23/20 20:00,8,2,6
12/23/20 21:00,6,1,5
12/23/20 22:00,4,1,3
12/23/20 23:00,4,2,2
12/24/20 0:00,2,1,1
12/24/20 1:00,0,0,0
12/24/20 2:00,3,1,2
12/24/20 3:00,2,1,1
12/24/20 4:00,0,0,0
12/24/20 5:00,11,8,3
12/24/20 6:00,10,9,1
12/24/20 7:00,12,12,0
12/24/20 8:00,15,11,4
12/24/20 9:00,16,12,4
12/24/20 10:00,14,10,4
12/24/20 11:00,40,20,20
12/24/20 12:00,56,31,25
12/24/20 13:00,67,26,41
12/24/20 14:00,49,22,27
12/24/20 15:00,48,18,30
12/24/20 16:00,22,10,12
12/24/20 17:00,18,7,11
12/24/20 18:00,6,3,3
12/24/20 19:00,8,0,8
12/24/20 20:00,3,2,1
12/24/20 21:00,3,1,2
12/24/20 22:00,1,0,1
12/24/20 23:00,2,0,2
12/25/20 0:00,0,0,0
12/25/20 1:00,1,1,0
12/25/20 2:00,2,1,1
12/25/20 3:00,2,2,0
12/25/20 4:00,0,0,0
12/25/20 5:00,2,1,1
12/25/20 6:00,2,1,1
12/25/20 7:00,4,2,2
12/25/20 8:00,1,0,1
12/25/20 9:00,8,2,6
12/25/20 10:00,8,5,3
12/25/20 11:00,12,7,5
12/25/20 12:00,14,8,6
12/25/20 13:00,16,9,7
12/25/20 14:00,11,8,3
12/25/20 15:00,10,2,8
12/25/20 16:00,2,2,0
12/25/20 17:00,5,2,3
12/25/20 18:00,1,1,0
12/25/20 19:00,1,0,1
12/25/20 20:00,0,0,0
12/25/20 21:00,3,0,3
12/25/20 22:00,2,0,2
12/25/20 23:00,1,0,1
12/26/20 0:00,0,0,0
12/26/20 1:00,1,0,1
12/26/20 2:00,1,0,1
12/26/20 3:00,0,0,0
12/26/20 4:00,2,2,0
12/26/20 5:00,3,2,1
12/26/20 6:00,2,1,1
12/26/20 7:00,2,1,1
12/26/20 8:00,8,3,5
12/26/20 9:00,12,8,4
12/26/20 10:00,14,9,5
12/26/20 11:00,14,9,5
12/26/20 12:00,19,10,9
12/26/20 13:00,26,14,12
12/26/20 14:00,39,17,22
12/26/20 15:00,35,10,25
12/26/20 16:00,22,10,12
12/26/20 17:00,14,6,8
12/26/20 18:00,8,4,4
12/26/20 19:00,1,0,1
12/26/20 20:00,5,0,5
12/26/20 21:00,4,2,2
12/26/20 22:00,2,1,1
12/26/20 23:00,0,0,0
12/27/20 0:00,1,1,0
12/27/20 1:00,1,1,0
12/27/20 2:00,1,0,1
12/27/20 3:00,2,2,0
12/27/20 4:00,2,1,1
12/27/20 5:00,3,2,1
12/27/20 6:00,4,4,0
12/27/20 7:00,6,4,2
12/27/20 8:00,4,2,2
12/27/20 9:00,15,10,5
12/27/20 10:00,8,5,3
12/27/20 11:00,19,14,5
12/27/20 12:00,24,14,10
12/27/20 13:00,32,18,14
12/27/20 14:00,64,31,33
12/27/20 15:00,38,15,23
12/27/20 16:00,22,10,12
12/27/20 17:00,10,5,5
12/27/20 18:00,11,6,5
12/27/20 19:00,3,0,3
12/27/20 20:00,8,2,6
12/27/20 21:00,5,4,1
12/27/20 22:00,3,1,2
12/27/20 23:00,4,2,2
12/28/20 0:00,0,0,0
12/28/20 1:00,3,2,1
12/28/20 2:00,1,1,0
12/28/20 3:00,1,0,1
12/28/20 4:00,4,3,1
12/28/20 5:00,15,14,1
12/28/20 6:00,15,14,1
12/28/20 7:00,22,17,5
12/28/20 8:00,24,18,6
12/28/20 9:00,20,15,5
12/28/20 10:00,31,22,9
12/28/20 11:00,38,21,17
12/28/20 12:00,55,32,23
12/28/20 13:00,78,34,44
12/28/20 14:00,100,55,45
12/28/20 15:00,98,30,68
12/28/20 16:00,49,24,25
12/28/20 17:00,39,8,31
12/28/20 18:00,16,7,9
12/28/20 19:00,12,1,11
12/28/20 20:00,6,3,3
12/28/20 21:00,7,2,5
12/28/20 22:00,0,0,0
12/28/20 23:00,4,3,1
12/29/20 0:00,3,0,3
12/29/20 1:00,1,1,0
12/29/20 2:00,2,1,1
12/29/20 3:00,1,0,1
12/29/20 4:00,3,2,1
12/29/20 5:00,18,15,3
12/29/20 6:00,23,17,6
12/29/20 7:00,24,20,4
12/29/20 8:00,31,27,4
12/29/20 9:00,21,14,7
12/29/20 10:00,21,13,8
12/29/20 11:00,36,20,16
12/29/20 12:00,19,11,8
12/29/20 13:00,33,21,12
12/29/20 14:00,37,10,27
12/29/20 15:00,51,14,37
12/29/20 16:00,49,10,39
12/29/20 17:00,28,8,20
12/29/20 18:00,16,6,10
12/29/20 19:00,7,2,5
12/29/20 20:00,3,0,3
12/29/20 21:00,4,1,3
12/29/20 22:00,1,1,0
12/29/20 23:00,2,0,2
12/30/20 0:00,2,1,1
12/30/20 1:00,2,2,0
12/30/20 2:00,0,0,0
12/30/20 3:00,0,0,0
12/30/20 4:00,2,2,0
12/30/20 5:00,13,10,3
12/30/20 6:00,21,16,5
12/30/20 7:00,8,7,1
12/30/20 8:00,19,15,4
12/30/20 9:00,9,7,2
12/30/20 10:00,10,6,4
12/30/20 11:00,7,7,0
12/30/20 12:00,16,10,6
12/30/20 13:00,9,5,4
12/30/20 14:00,15,7,8
12/30/20 15:00,23,6,17
12/30/20 16:00,19,5,14
12/30/20 17:00,22,5,17
12/30/20 18:00,19,4,15
12/30/20 19:00,7,3,4
12/30/20 20:00,2,0,2
12/30/20 21:00,2,0,2
12/30/20 22:00,1,1,0
12/30/20 23:00,6,3,3
12/31/20 0:00,3,2,1
12/31/20 1:00,1,0,1
12/31/20 2:00,1,1,0
12/31/20 3:00,1,1,0
12/31/20 4:00,1,1,0
12/31/20 5:00,10,8,2
12/31/20 6:00,16,14,2
12/31/20 7:00,21,16,5
12/31/20 8:00,16,13,3
12/31/20 9:00,21,17,4
12/31/20 10:00,20,17,3
12/31/20 11:00,33,20,13
12/31/20 12:00,36,20,16
12/31/20 13:00,55,15,40
12/31/20 14:00,45,14,31
12/31/20 15:00,58,25,33
12/31/20 16:00,34,9,25
12/31/20 17:00,21,6,15
12/31/20 18:00,14,2,12
12/31/20 19:00,8,3,5
12/31/20 20:00,1,0,1
12/31/20 21:00,9,5,4
12/31/20 22:00,2,0,2
12/31/20 23:00,1,1,0
1/3/21 21:00,3,1,2
1/3/21 22:00,3,1,2
1/3/21 23:00,2,0,2
1/4/21 0:00,0,0,0
1/4/21 1:00,1,0,1
1/4/21 2:00,1,0,1
1/4/21 3:00,2,2,0
1/4/21 4:00,4,3,1
1/4/21 5:00,20,18,2
1/4/21 6:00,27,25,2
1/4/21 7:00,28,22,6
1/4/21 8:00,32,29,3
1/4/21 9:00,13,11,2
1/4/21 10:00,11,7,4
1/4/21 11:00,8,7,1
1/4/21 12:00,5,2,3
1/4/21 13:00,4,1,3
1/4/21 14:00,18,8,10
1/4/21 15:00,21,5,16
1/4/21 16:00,35,5,30
1/4/21 17:00,39,6,33
1/4/21 18:00,20,3,17
1/4/21 19:00,9,2,7
1/4/21 20:00,8,1,7
1/4/21 21:00,3,0,3
1/4/21 22:00,6,2,4
1/4/21 23:00,10,2,8
1/5/21 0:00,8,5,3
1/5/21 1:00,1,1,0
1/5/21 2:00,1,1,0
1/5/21 3:00,0,0,0
1/5/21 4:00,3,2,1
1/5/21 5:00,24,21,3
1/5/21 6:00,38,32,6
1/5/21 7:00,40,37,3
1/5/21 8:00,41,34,7
1/5/21 9:00,33,25,8
1/5/21 10:00,14,8,6
1/5/21 11:00,13,10,3
1/5/21 12:00,17,7,10
1/5/21 13:00,13,6,7
1/5/21 14:00,14,3,11
1/5/21 15:00,26,9,17
1/5/21 16:00,36,5,31
1/5/21 17:00,37,6,31
1/5/21 18:00,19,0,19
1/5/21 19:00,7,1,6
1/5/21 20:00,5,1,4
1/5/21 21:00,7,1,6
1/5/21 22:00,3,0,3
1/5/21 23:00,5,2,3
1/6/21 0:00,2,0,2
1/6/21 1:00,0,0,0
1/6/21 2:00,0,0,0
1/6/21 3:00,0,0,0
1/6/21 4:00,2,2,0
1/6/21 5:00,14,11,3
1/6/21 6:00,45,40,5
1/6/21 7:00,40,31,9
1/6/21 8:00,35,33,2
1/6/21 9:00,22,18,4
1/6/21 10:00,15,8,7
1/6/21 11:00,26,14,12
1/6/21 12:00,26,19,7
1/6/21 13:00,27,14,13
1/6/21 14:00,32,14,18
1/6/21 15:00,52,18,34
1/6/21 16:00,56,14,42
1/6/21 17:00,68,14,54
1/6/21 18:00,34,9,25
1/6/21 19:00,17,6,11
1/6/21 20:00,14,5,9
1/6/21 21:00,6,2,4
1/6/21 22:00,4,1,3
1/6/21 23:00,3,0,3
1/7/21 0:00,4,1,3
1/7/21 1:00,0,0,0
1/7/21 2:00,3,3,0
1/7/21 3:00,1,1,0
1/7/21 4:00,2,2,0
1/7/21 5:00,16,11,5
1/7/21 6:00,43,38,5
1/7/21 7:00,54,42,12
1/7/21 8:00,53,46,7
1/7/21 9:00,32,23,9
1/7/21 10:00,21,17,4
1/7/21 11:00,32,22,10
1/7/21 12:00,36,23,13
1/7/21 13:00,34,14,20
1/7/21 14:00,42,17,25
1/7/21 15:00,65,16,49
1/7/21 16:00,63,17,46
1/7/21 17:00,64,18,46
1/7/21 18:00,29,3,26
1/7/21 19:00,17,6,11
1/7/21 20:00,7,4,3
1/7/21 21:00,7,1,6
1/7/21 22:00,7,4,3
1/7/21 23:00,3,0,3
1/8/21 0:00,4,1,3
1/8/21 1:00,0,0,0
1/8/21 2:00,1,1,0
1/8/21 3:00,3,1,2
1/8/21 4:00,2,2,0
1/8/21 5:00,20,15,5
1/8/21 6:00,26,22,4
1/8/21 7:00,27,20,7
1/8/21 8:00,26,23,3
1/8/21 9:00,20,14,6
1/8/21 10:00,15,12,3
1/8/21 11:00,13,6,7
1/8/21 12:00,18,13,5
1/8/21 13:00,10,6,4
1/8/21 14:00,16,8,8
1/8/21 15:00,26,5,21
1/8/21 16:00,30,5,25
1/8/21 17:00,30,4,26
1/8/21 18:00,23,4,19
1/8/21 19:00,9,2,7
1/8/21 20:00,5,1,4
1/8/21 21:00,2,1,1
1/8/21 22:00,2,0,2
1/8/21 23:00,0,0,0
1/9/21 0:00,4,1,3
1/9/21 1:00,1,0,1
1/9/21 2:00,3,2,1
1/9/21 3:00,2,2,0
1/9/21 4:00,1,1,0
1/9/21 5:00,5,2,3
1/9/21 6:00,3,2,1
1/9/21 7:00,8,5,3
1/9/21 8:00,16,9,7
1/9/21 9:00,33,17,16
1/9/21 10:00,32,20,12
1/9/21 11:00,45,19,26
1/9/21 12:00,46,22,24
1/9/21 13:00,82,38,44
1/9/21 14:00,67,31,36
1/9/21 15:00,56,28,28
1/9/21 16:00,31,19,12
1/9/21 17:00,23,12,11
1/9/21 18:00,13,5,8
1/9/21 19:00,10,4,6
1/9/21 20:00,3,1,2
1/9/21 21:00,4,1,3
1/9/21 22:00,7,4,3
1/9/21 23:00,3,2,1
1/10/21 0:00,2,2,0
1/10/21 1:00,0,0,0
1/10/21 2:00,0,0,0
1/10/21 3:00,2,1,1
1/10/21 4:00,1,1,0
1/10/21 5:00,1,0,1
1/10/21 6:00,4,2,2
1/10/21 7:00,6,3,3
1/10/21 8:00,11,5,6
1/10/21 9:00,22,10,12
1/10/21 10:00,28,17,11
1/10/21 11:00,47,19,28
1/10/21 12:00,52,23,29
1/10/21 13:00,71,41,30
1/10/21 14:00,65,31,34
1/10/21 15:00,46,23,23
1/10/21 16:00,33,12,21
1/10/21 17:00,12,8,4
1/10/21 18:00,10,0,10
1/10/21 19:00,5,3,2
1/10/21 20:00,6,2,4
1/10/21 21:00,4,2,2
1/10/21 22:00,2,1,1
1/10/21 23:00,2,1,1
1/11/21 0:00,0,0,0
1/11/21 1:00,2,1,1
1/11/21 2:00,2,1,1
1/11/21 3:00,3,1,2
1/11/21 4:00,4,3,1
1/11/21 5:00,22,17,5
1/11/21 6:00,37,35,2
1/11/21 7:00,24,22,2
1/11/21 8:00,34,30,4
1/11/21 9:00,15,11,4
1/11/21 10:00,9,7,2
1/11/21 11:00,10,5,5
1/11/21 12:00,5,3,2
1/11/21 13:00,9,5,4
1/11/21 14:00,10,2,8
1/11/21 15:00,20,5,15
1/11/21 16:00,42,2,40
1/11/21 17:00,37,11,26
1/11/21 18:00,18,2,16
1/11/21 19:00,7,0,7
1/11/21 20:00,8,2,6
1/11/21 21:00,3,1,2
1/11/21 22:00,3,1,2
1/11/21 23:00,2,0,2
1/12/21 0:00,5,1,4
1/12/21 1:00,0,0,0
1/12/21 2:00,2,2,0
1/12/21 3:00,0,0,0
1/12/21 4:00,3,2,1
1/12/21 5:00,17,14,3
1/12/21 6:00,31,30,1
1/12/21 7:00,21,21,0
1/12/21 8:00,23,22,1
1/12/21 9:00,9,7,2
1/12/21 10:00,16,9,7
1/12/21 11:00,9,4,5
1/12/21 12:00,13,10,3
1/12/21 13:00,11,4,7
1/12/21 14:00,17,8,9
1/12/21 15:00,26,6,20
1/12/21 16:00,33,7,26
1/12/21 17:00,29,6,23
1/12/21 18:00,21,2,19
1/12/21 19:00,5,0,5
1/12/21 20:00,6,1,5
1/12/21 21:00,4,2,2
1/12/21 22:00,4,2,2
1/12/21 23:00,2,0,2
1/13/21 0:00,2,0,2
1/13/21 1:00,0,0,0
1/13/21 2:00,2,1,1
1/13/21 3:00,0,0,0
1/13/21 4:00,3,3,0
1/13/21 5:00,15,11,4
1/13/21 6:00,40,37,3
1/13/21 7:00,18,13,5
1/13/21 8:00,42,39,3
1/13/21 9:00,35,25,10
1/13/21 10:00,27,19,8
1/13/21 11:00,42,24,18
1/13/21 12:00,46,23,23
1/13/21 13:00,57,34,23
1/13/21 14:00,64,29,35
1/13/21 15:00,70,30,40
1/13/21 16:00,72,18,54
1/13/21 17:00,55,10,45
1/13/21 18:00,41,7,34
1/13/21 19:00,20,8,12
1/13/21 20:00,6,2,4
1/13/21 21:00,8,1,7
1/13/21 22:00,6,2,4
1/13/21 23:00,8,4,4
1/14/21 0:00,4,2,2
1/14/21 1:00,4,3,1
1/14/21 2:00,4,4,0
1/14/21 3:00,0,0,0
1/14/21 4:00,8,4,4
1/14/21 5:00,27,20,7
1/14/21 6:00,39,35,4
1/14/21 7:00,49,38,11
1/14/21 8:00,42,34,8
1/14/21 9:00,34,31,3
1/14/21 10:00,27,19,8
1/14/21 11:00,31,21,10
1/14/21 12:00,35,14,21
1/14/21 13:00,44,21,23
1/14/21 14:00,75,31,44
1/14/21 15:00,63,21,42
1/14/21 16:00,77,18,59
1/14/21 17:00,70,13,57
1/14/21 18:00,37,5,32
1/14/21 19:00,13,4,9
1/14/21 20:00,9,2,7
1/14/21 21:00,8,3,5
1/14/21 22:00,1,0,1
1/14/21 23:00,2,0,2
1/15/21 0:00,1,0,1
1/15/21 1:00,0,0,0
1/15/21 2:00,6,4,2
1/15/21 3:00,1,0,1
1/15/21 4:00,4,4,0
1/15/21 5:00,19,15,4
1/15/21 6:00,29,26,3
1/15/21 7:00,38,32,6
1/15/21 8:00,39,33,6
1/15/21 9:00,25,22,3
1/15/21 10:00,22,10,12
1/15/21 11:00,23,14,9
1/15/21 12:00,27,16,11
1/15/21 13:00,45,20,25
1/15/21 14:00,53,25,28
1/15/21 15:00,46,16,30
1/15/21 16:00,67,20,47
1/15/21 17:00,54,14,40
1/15/21 18:00,30,7,23
1/15/21 19:00,15,2,13
1/15/21 20:00,6,1,5
1/15/21 21:00,7,0,7
1/15/21 22:00,4,0,4
1/15/21 23:00,3,1,2
1/16/21 0:00,3,1,2
1/16/21 1:00,1,1,0
1/16/21 2:00,3,3,0
1/16/21 3:00,1,1,0
1/16/21 4:00,4,2,2
1/16/21 5:00,6,6,0
1/16/21 6:00,7,4,3
1/16/21 7:00,11,8,3
1/16/21 8:00,19,11,8
1/16/21 9:00,35,18,17
1/16/21 10:00,56,28,28
1/16/21 11:00,58,40,18
1/16/21 12:00,75,38,37
1/16/21 13:00,60,30,30
1/16/21 14:00,78,33,45
1/16/21 15:00,57,27,30
1/16/21 16:00,44,22,22
1/16/21 17:00,24,7,17
1/16/21 18:00,19,8,11
1/16/21 19:00,7,2,5
1/16/21 20:00,5,1,4
1/16/21 21:00,4,2,2
1/16/21 22:00,3,1,2
1/16/21 23:00,4,0,4
1/17/21 0:00,3,1,2
1/17/21 1:00,1,0,1
1/17/21 2:00,1,1,0
1/17/21 3:00,1,1,0
1/17/21 4:00,2,0,2
1/17/21 5:00,5,4,1
1/17/21 6:00,7,4,3
1/17/21 7:00,7,5,2
1/17/21 8:00,10,7,3
1/17/21 9:00,28,15,13
1/17/21 10:00,49,30,19
1/17/21 11:00,51,25,26
1/17/21 12:00,51,16,35
1/17/21 13:00,83,38,45
1/17/21 14:00,59,34,25
1/17/21 15:00,42,21,21
1/17/21 16:00,32,12,20
1/17/21 17:00,19,7,12
1/17/21 18:00,6,4,2
1/17/21 19:00,5,2,3
1/17/21 20:00,6,1,5
1/17/21 21:00,4,3,1
1/17/21 22:00,3,0,3
1/17/21 23:00,1,0,1
1/18/21 0:00,1,1,0
1/18/21 1:00,3,2,1
1/18/21 2:00,2,2,0
1/18/21 3:00,1,0,1
1/18/21 4:00,2,2,0
1/18/21 5:00,7,4,3
1/18/21 6:00,24,21,3
1/18/21 7:00,16,15,1
1/18/21 8:00,30,27,3
1/18/21 9:00,26,17,9
1/18/21 10:00,37,18,19
1/18/21 11:00,53,41,12
1/18/21 12:00,70,33,37
1/18/21 13:00,85,36,49
1/18/21 14:00,85,34,51
1/18/21 15:00,77,40,37
1/18/21 16:00,71,30,41
1/18/21 17:00,34,6,28
1/18/21 18:00,19,3,16
1/18/21 19:00,15,4,11
1/18/21 20:00,4,1,3
1/18/21 21:00,5,1,4
1/18/21 22:00,2,0,2
1/18/21 23:00,4,1,3
1/19/21 0:00,3,1,2
1/19/21 1:00,1,0,1
1/19/21 2:00,2,2,0
1/19/21 3:00,1,1,0
1/19/21 4:00,1,1,0
1/19/21 5:00,27,22,5
1/19/21 6:00,40,36,4
1/19/21 7:00,48,42,6
1/19/21 8:00,37,31,6
1/19/21 9:00,23,14,9
1/19/21 10:00,29,18,11
1/19/21 11:00,18,16,2
1/19/21 12:00,12,5,7
1/19/21 13:00,30,15,15
1/19/21 14:00,37,15,22
1/19/21 15:00,54,14,40
1/19/21 16:00,52,6,46
1/19/21 17:00,56,14,42
1/19/21 18:00,33,4,29
1/19/21 19:00,10,5,5
1/19/21 20:00,9,3,6
1/19/21 21:00,6,2,4
1/19/21 22:00,4,1,3
1/19/21 23:00,5,2,3
1/20/21 0:00,5,2,3
1/20/21 1:00,6,5,1
1/20/21 2:00,3,2,1
1/20/21 3:00,0,0,0
1/20/21 4:00,2,1,1
1/20/21 5:00,22,16,6
1/20/21 6:00,43,40,3
1/20/21 7:00,35,31,4
1/20/21 8:00,35,30,5
1/20/21 9:00,40,29,11
1/20/21 10:00,23,17,6
1/20/21 11:00,17,8,9
1/20/21 12:00,23,11,12
1/20/21 13:00,21,13,8
1/20/21 14:00,36,18,18
1/20/21 15:00,46,14,32
1/20/21 16:00,60,14,46
1/20/21 17:00,68,14,54
1/20/21 18:00,32,7,25
1/20/21 19:00,20,1,19
1/20/21 20:00,6,3,3
1/20/21 21:00,2,0,2
1/20/21 22:00,4,1,3
1/20/21 23:00,5,1,4
1/21/21 0:00,1,0,1
1/21/21 1:00,1,0,1
1/21/21 2:00,2,2,0
1/21/21 3:00,3,1,2
1/21/21 4:00,4,4,0
1/21/21 5:00,18,11,7
1/21/21 6:00,32,26,6
1/21/21 7:00,36,31,5
1/21/21 8:00,38,35,3
1/21/21 9:00,24,19,5
1/21/21 10:00,18,11,7
1/21/21 11:00,17,10,7
1/21/21 12:00,19,13,6
1/21/21 13:00,15,5,10
1/21/21 14:00,32,11,21
1/21/21 15:00,38,13,25
1/21/21 16:00,45,9,36
1/21/21 17:00,45,10,35
1/21/21 18:00,29,7,22
1/21/21 19:00,16,4,12
1/21/21 20:00,8,1,7
1/21/21 21:00,6,1,5
1/21/21 22:00,2,0,2
1/21/21 23:00,3,1,2
1/22/21 0:00,2,0,2
1/22/21 1:00,4,0,4
1/22/21 2:00,2,2,0
1/22/21 3:00,1,1,0
1/22/21 4:00,5,4,1
1/22/21 5:00,18,13,5
1/22/21 6:00,36,30,6
1/22/21 7:00,39,34,5
1/22/21 8:00,47,37,10
1/22/21 9:00,30,23,7
1/22/21 10:00,41,26,15
1/22/21 11:00,36,25,11
1/22/21 12:00,37,21,16
1/22/21 13:00,40,19,21
1/22/21 14:00,58,24,34
1/22/21 15:00,66,17,49
1/22/21 16:00,86,20,66
1/22/21 17:00,44,12,32
1/22/21 18:00,32,11,21
1/22/21 19:00,15,6,9
1/22/21 20:00,7,0,7
1/22/21 21:00,3,0,3
1/22/21 22:00,6,3,3
1/22/21 23:00,6,2,4
1/23/21 0:00,4,2,2
1/23/21 1:00,1,1,0
1/23/21 2:00,2,1,1
1/23/21 3:00,1,0,1
1/23/21 4:00,1,1,0
1/23/21 5:00,6,6,0
1/23/21 6:00,6,4,2
1/23/21 7:00,4,2,2
1/23/21 8:00,12,6,6
1/23/21 9:00,30,10,20
1/23/21 10:00,57,28,29
1/23/21 11:00,44,19,25
1/23/21 12:00,77,43,34
1/23/21 13:00,107,38,69
1/23/21 14:00,109,61,48
1/23/21 15:00,104,58,46
1/23/21 16:00,71,32,39
1/23/21 17:00,49,26,23
1/23/21 18:00,18,8,10
1/23/21 19:00,7,3,4
1/23/21 20:00,7,3,4
1/23/21 21:00,3,0,3
1/23/21 22:00,3,0,3
1/23/21 23:00,1,0,1
1/24/21 0:00,0,0,0
1/24/21 1:00,1,0,1
1/24/21 2:00,1,1,0
1/24/21 3:00,0,0,0
1/24/21 4:00,2,2,0
1/24/21 5:00,3,2,1
1/24/21 6:00,4,2,2
1/24/21 7:00,5,5,0
1/24/21 8:00,6,1,5
1/24/21 9:00,4,2,2
1/24/21 10:00,3,2,1
1/24/21 11:00,8,2,6
1/24/21 12:00,4,2,2
1/24/21 13:00,9,4,5
1/24/21 14:00,9,5,4
1/24/21 15:00,13,6,7
1/24/21 16:00,12,8,4
1/24/21 17:00,5,0,5
1/24/21 18:00,7,4,3
1/24/21 19:00,1,0,1
1/24/21 20:00,1,0,1
1/24/21 21:00,4,0,4
1/24/21 22:00,2,1,1
1/24/21 23:00,1,0,1
1/25/21 0:00,1,0,1
1/25/21 1:00,1,1,0
1/25/21 2:00,3,3,0
1/25/21 3:00,0,0,0
1/25/21 4:00,5,3,2
1/25/21 5:00,15,11,4
1/25/21 6:00,37,35,2
1/25/21 7:00,44,38,6
1/25/21 8:00,36,33,3
1/25/21 9:00,30,24,6
1/25/21 10:00,22,16,6
1/25/21 11:00,20,11,9
1/25/21 12:00,24,15,9
1/25/21 13:00,25,8,17
1/25/21 14:00,39,16,23
1/25/21 15:00,43,13,30
1/25/21 16:00,43,7,36
1/25/21 17:00,68,8,60
1/25/21 18:00,28,5,23
1/25/21 19:00,7,1,6
1/25/21 20:00,9,2,7
1/25/21 21:00,6,1,5
1/25/21 22:00,3,1,2
1/25/21 23:00,5,1,4
1/26/21 0:00,2,1,1
1/26/21 1:00,0,0,0
1/26/21 2:00,0,0,0
1/26/21 3:00,2,2,0
1/26/21 4:00,2,1,1
1/26/21 5:00,25,18,7
1/26/21 6:00,34,31,3
1/26/21 7:00,40,36,4
1/26/21 8:00,55,45,10
1/26/21 9:00,22,14,8
1/26/21 10:00,28,19,9
1/26/21 11:00,22,11,11
1/26/21 12:00,22,12,10
1/26/21 13:00,19,7,12
1/26/21 14:00,46,14,32
1/26/21 15:00,40,13,27
1/26/21 16:00,59,14,45
1/26/21 17:00,50,9,41
1/26/21 18:00,29,7,22
1/26/21 19:00,21,6,15
1/26/21 20:00,6,2,4
1/26/21 21:00,7,1,6
1/26/21 22:00,2,1,1
1/26/21 23:00,1,0,1
1/27/21 0:00,2,1,1
1/27/21 1:00,1,1,0
1/27/21 2:00,3,3,0
1/27/21 3:00,3,2,1
1/27/21 4:00,2,1,1
1/27/21 5:00,21,18,3
1/27/21 6:00,29,25,4
1/27/21 7:00,35,31,4
1/27/21 8:00,26,19,7
1/27/21 9:00,22,16,6
1/27/21 10:00,15,12,3
1/27/21 11:00,27,16,11
1/27/21 12:00,14,8,6
1/27/21 13:00,28,19,9
1/27/21 14:00,41,16,25
1/27/21 15:00,44,17,27
1/27/21 16:00,55,20,35
1/27/21 17:00,59,9,50
1/27/21 18:00,44,8,36
1/27/21 19:00,12,5,7
1/27/21 20:00,3,0,3
1/27/21 21:00,4,2,2
1/27/21 22:00,4,3,1
1/27/21 23:00,2,0,2
1/28/21 0:00,1,0,1
1/28/21 1:00,4,2,2
1/28/21 2:00,5,3,2
1/28/21 3:00,1,1,0
1/28/21 4:00,9,6,3
1/28/21 5:00,19,15,4
1/28/21 6:00,37,30,7
1/28/21 7:00,32,32,0
1/28/21 8:00,33,29,4
1/28/21 9:00,18,11,7
1/28/21 10:00,8,6,2
1/28/21 11:00,11,5,6
1/28/21 12:00,12,7,5
1/28/21 13:00,18,9,9
1/28/21 14:00,29,13,16
1/28/21 15:00,40,14,26
1/28/21 16:00,50,14,36
1/28/21 17:00,47,7,40
1/28/21 18:00,31,7,24
1/28/21 19:00,13,5,8
1/28/21 20:00,6,2,4
1/28/21 21:00,5,3,2
1/28/21 22:00,9,0,9
1/28/21 23:00,6,4,2
1/29/21 0:00,4,1,3
1/29/21 1:00,1,0,1
1/29/21 2:00,4,4,0
1/29/21 3:00,1,1,0
1/29/21 4:00,5,4,1
1/29/21 5:00,23,18,5
1/29/21 6:00,28,25,3
1/29/21 7:00,41,35,6
1/29/21 8:00,36,31,5
1/29/21 9:00,31,22,9
1/29/21 10:00,19,12,7
1/29/21 11:00,22,15,7
1/29/21 12:00,25,15,10
1/29/21 13:00,23,13,10
1/29/21 14:00,43,10,33
1/29/21 15:00,60,16,44
1/29/21 16:00,58,21,37
1/29/21 17:00,80,21,59
1/29/21 18:00,29,11,18
1/29/21 19:00,15,5,10
1/29/21 20:00,7,1,6
1/29/21 21:00,1,0,1
1/29/21 22:00,4,0,4
1/29/21 23:00,6,3,3
1/30/21 0:00,5,2,3
1/30/21 1:00,0,0,0
1/30/21 2:00,2,0,2
1/30/21 3:00,1,1,0
1/30/21 4:00,2,1,1
1/30/21 5:00,6,4,2
1/30/21 6:00,3,2,1
1/30/21 7:00,8,4,4
1/30/21 8:00,12,7,5
1/30/21 9:00,18,12,6
1/30/21 10:00,18,12,6
1/30/21 11:00,23,7,16
1/30/21 12:00,39,19,20
1/30/21 13:00,36,23,13
1/30/21 14:00,33,12,21
1/30/21 15:00,28,9,19
1/30/21 16:00,13,6,7
1/30/21 17:00,14,4,10
1/30/21 18:00,8,3,5
1/30/21 19:00,4,2,2
1/30/21 20:00,3,1,2
1/30/21 21:00,1,0,1
1/30/21 22:00,1,1,0
1/30/21 23:00,1,0,1
1/31/21 0:00,0,0,0
1/31/21 1:00,2,0,2
1/31/21 2:00,1,0,1
1/31/21 3:00,0,0,0
1/31/21 4:00,2,1,1
1/31/21 5:00,4,3,1
1/31/21 6:00,6,3,3
1/31/21 7:00,4,1,3
1/31/21 8:00,9,4,5
1/31/21 9:00,10,7,3
1/31/21 10:00,18,12,6
1/31/21 11:00,15,3,12
1/31/21 12:00,18,8,10
1/31/21 13:00,18,10,8
1/31/21 14:00,13,5,8
1/31/21 15:00,7,6,1
1/31/21 16:00,10,2,8
1/31/21 17:00,9,2,7
1/31/21 18:00,1,1,0
1/31/21 19:00,4,0,4
1/31/21 20:00,3,3,0
1/31/21 21:00,3,3,0
1/31/21 22:00,2,1,1
1/31/21 23:00,1,0,1
5/1/21 0:00,4,1,3
5/1/21 1:00,1,1,0
5/1/21 2:00,1,0,1
5/1/21 3:00,1,1,0
5/1/21 4:00,1,1,0
5/1/21 5:00,3,3,0
5/1/21 6:00,10,6,4
5/1/21 7:00,10,7,3
5/1/21 8:00,23,16,7
5/1/21 9:00,40,21,19
5/1/21 10:00,46,26,20
5/1/21 11:00,47,17,30
5/1/21 12:00,61,23,38
5/1/21 13:00,59,33,26
5/1/21 14:00,77,37,40
5/1/21 15:00,53,23,30
5/1/21 16:00,41,22,19
5/1/21 17:00,37,17,20
5/1/21 18:00,17,9,8
5/1/21 19:00,13,4,9
5/1/21 20:00,12,2,10
5/1/21 21:00,13,8,5
5/1/21 22:00,8,2,6
5/1/21 23:00,2,0,2
5/2/21 0:00,4,3,1
5/2/21 1:00,4,0,4
5/2/21 2:00,4,3,1
5/2/21 3:00,2,1,1
5/2/21 4:00,2,2,0
5/2/21 5:00,6,3,3
5/2/21 6:00,14,6,8
5/2/21 7:00,15,13,2
5/2/21 8:00,32,21,11
5/2/21 9:00,38,19,19
5/2/21 10:00,81,43,38
5/2/21 11:00,86,31,55
2/1/21 0:00,1,1,0
2/1/21 1:00,4,2,2
2/1/21 2:00,0,0,0
2/1/21 3:00,0,0,0
2/1/21 4:00,2,1,1
2/1/21 5:00,13,11,2
2/1/21 6:00,30,24,6
2/1/21 7:00,29,25,4
2/1/21 8:00,33,31,2
2/1/21 9:00,20,16,4
2/1/21 10:00,11,9,2
2/1/21 11:00,11,5,6
2/1/21 12:00,8,5,3
2/1/21 13:00,7,4,3
2/1/21 14:00,17,4,13
2/1/21 15:00,25,6,19
2/1/21 16:00,37,9,28
2/1/21 17:00,32,4,28
2/1/21 18:00,28,3,25
2/1/21 19:00,7,1,6
2/1/21 20:00,7,1,6
2/1/21 21:00,3,0,3
2/1/21 22:00,2,0,2
2/1/21 23:00,4,0,4
2/2/21 0:00,3,0,3
2/2/21 1:00,1,1,0
2/2/21 2:00,3,1,2
2/2/21 3:00,3,3,0
2/2/21 4:00,2,2,0
2/2/21 5:00,21,16,5
2/2/21 6:00,34,26,8
2/2/21 7:00,35,30,5
2/2/21 8:00,31,25,6
2/2/21 9:00,20,13,7
2/2/21 10:00,11,7,4
2/2/21 11:00,11,5,6
2/2/21 12:00,15,11,4
2/2/21 13:00,15,8,7
2/2/21 14:00,22,7,15
2/2/21 15:00,23,11,12
2/2/21 16:00,29,9,20
2/2/21 17:00,48,9,39
2/2/21 18:00,28,5,23
2/2/21 19:00,9,2,7
2/2/21 20:00,10,2,8
2/2/21 21:00,6,0,6
2/2/21 22:00,3,0,3
2/2/21 23:00,3,0,3
2/3/21 0:00,4,1,3
2/3/21 1:00,3,2,1
2/3/21 2:00,2,0,2
2/3/21 3:00,1,1,0
2/3/21 4:00,3,3,0
2/3/21 5:00,25,20,5
2/3/21 6:00,37,34,3
2/3/21 7:00,37,32,5
2/3/21 8:00,49,41,8
2/3/21 9:00,25,20,5
2/3/21 10:00,24,16,8
2/3/21 11:00,32,15,17
2/3/21 12:00,34,20,14
2/3/21 13:00,35,17,18
2/3/21 14:00,57,29,28
2/3/21 15:00,69,24,45
2/3/21 16:00,84,31,53
2/3/21 17:00,66,9,57
2/3/21 18:00,24,1,23
2/3/21 19:00,16,4,12
2/3/21 20:00,11,3,8
2/3/21 21:00,3,1,2
2/3/21 22:00,5,2,3
2/3/21 23:00,4,1,3
2/4/21 0:00,3,1,2
2/4/21 1:00,0,0,0
2/4/21 2:00,2,1,1
2/4/21 3:00,3,3,0
2/4/21 4:00,3,2,1
2/4/21 5:00,27,19,8
2/4/21 6:00,45,36,9
2/4/21 7:00,46,38,8
2/4/21 8:00,42,35,7
2/4/21 9:00,26,20,6
2/4/21 10:00,12,7,5
2/4/21 11:00,11,7,4
2/4/21 12:00,12,11,1
2/4/21 13:00,19,5,14
2/4/21 14:00,29,6,23
2/4/21 15:00,31,10,21
2/4/21 16:00,43,6,37
2/4/21 17:00,51,12,39
2/4/21 18:00,27,5,22
2/4/21 19:00,15,3,12
2/4/21 20:00,10,4,6
2/4/21 21:00,7,0,7
2/4/21 22:00,2,0,2
2/4/21 23:00,3,1,2
2/5/21 0:00,4,0,4
2/5/21 1:00,5,3,2
2/5/21 2:00,1,0,1
2/5/21 3:00,5,4,1
2/5/21 4:00,4,3,1
2/5/21 5:00,18,12,6
2/5/21 6:00,28,25,3
2/5/21 7:00,43,37,6
2/5/21 8:00,44,33,11
2/5/21 9:00,29,21,8
2/5/21 10:00,32,19,13
2/5/21 11:00,19,11,8
2/5/21 12:00,22,15,7
2/5/21 13:00,15,8,7
2/5/21 14:00,45,20,25
2/5/21 15:00,49,22,27
2/5/21 16:00,52,8,44
2/5/21 17:00,62,14,48
2/5/21 18:00,43,11,32
2/5/21 19:00,16,4,12
2/5/21 20:00,16,1,15
2/5/21 21:00,4,1,3
2/5/21 22:00,10,7,3
2/5/21 23:00,7,2,5
2/6/21 0:00,3,2,1
2/6/21 1:00,2,1,1
2/6/21 2:00,3,3,0
2/6/21 3:00,2,1,1
2/6/21 4:00,1,0,1
2/6/21 5:00,8,8,0
2/6/21 6:00,4,3,1
2/6/21 7:00,6,1,5
2/6/21 8:00,24,11,13
2/6/21 9:00,30,18,12
2/6/21 10:00,24,10,14
2/6/21 11:00,32,15,17
2/6/21 12:00,34,17,17
2/6/21 13:00,42,23,19
2/6/21 14:00,51,22,29
2/6/21 15:00,29,17,12
2/6/21 16:00,43,17,26
2/6/21 17:00,16,6,10
2/6/21 18:00,9,3,6
2/6/21 19:00,11,5,6
2/6/21 20:00,15,5,10
2/6/21 21:00,5,0,5
2/6/21 22:00,2,2,0
2/6/21 23:00,4,1,3
2/7/21 0:00,7,7,0
2/7/21 1:00,1,1,0
2/7/21 2:00,2,1,1
2/7/21 3:00,1,0,1
2/7/21 4:00,1,1,0
2/7/21 5:00,4,3,1
2/7/21 6:00,9,5,4
2/7/21 7:00,13,8,5
2/7/21 8:00,13,7,6
2/7/21 9:00,47,28,19
2/7/21 10:00,59,33,26
2/7/21 11:00,73,38,35
2/7/21 12:00,90,35,55
2/7/21 13:00,115,56,59
2/7/21 14:00,68,37,31
2/7/21 15:00,36,21,15
2/7/21 16:00,19,10,9
2/7/21 17:00,18,5,13
2/7/21 18:00,13,7,6
2/7/21 19:00,4,1,3
2/7/21 20:00,3,2,1
2/7/21 21:00,5,2,3
2/7/21 22:00,4,3,1
2/7/21 23:00,0,0,0
2/8/21 0:00,2,1,1
2/8/21 1:00,0,0,0
2/8/21 2:00,1,0,1
2/8/21 3:00,1,1,0
2/8/21 4:00,3,2,1
2/8/21 5:00,28,23,5
2/8/21 6:00,26,23,3
2/8/21 7:00,29,24,5
2/8/21 8:00,42,37,5
2/8/21 9:00,29,21,8
2/8/21 10:00,8,7,1
2/8/21 11:00,14,7,7
2/8/21 12:00,16,8,8
2/8/21 13:00,17,10,7
2/8/21 14:00,32,9,23
2/8/21 15:00,43,9,34
2/8/21 16:00,41,15,26
2/8/21 17:00,56,10,46
2/8/21 18:00,27,5,22
2/8/21 19:00,6,2,4
2/8/21 20:00,7,2,5
2/8/21 21:00,6,1,5
2/8/21 22:00,4,1,3
2/8/21 23:00,4,0,4
2/9/21 0:00,1,0,1
2/9/21 1:00,2,1,1
2/9/21 2:00,1,0,1
2/9/21 3:00,1,1,0
2/9/21 4:00,0,0,0
2/9/21 5:00,22,18,4
2/9/21 6:00,36,32,4
2/9/21 7:00,28,25,3
2/9/21 8:00,42,33,9
2/9/21 9:00,27,19,8
2/9/21 10:00,31,19,12
2/9/21 11:00,23,16,7
2/9/21 12:00,29,19,10
2/9/21 13:00,32,17,15
2/9/21 14:00,38,15,23
2/9/21 15:00,53,19,34
2/9/21 16:00,66,19,47
2/9/21 17:00,70,16,54
2/9/21 18:00,33,6,27
2/9/21 19:00,10,3,7
2/9/21 20:00,11,4,7
2/9/21 21:00,6,2,4
2/9/21 22:00,4,0,4
2/9/21 23:00,4,2,2
2/10/21 0:00,2,1,1
2/10/21 1:00,1,0,1
2/10/21 2:00,2,2,0
2/10/21 3:00,1,1,0
2/10/21 4:00,3,3,0
2/10/21 5:00,16,9,7
2/10/21 6:00,35,33,2
2/10/21 7:00,21,18,3
2/10/21 8:00,34,30,4
2/10/21 9:00,20,14,6
2/10/21 10:00,10,6,4
2/10/21 11:00,16,11,5
2/10/21 12:00,19,11,8
2/10/21 13:00,26,17,9
2/10/21 14:00,36,17,19
2/10/21 15:00,41,13,28
2/10/21 16:00,46,13,33
2/10/21 17:00,47,10,37
2/10/21 18:00,28,5,23
2/10/21 19:00,10,2,8
2/10/21 20:00,8,5,3
2/10/21 21:00,8,1,7
2/10/21 22:00,2,0,2
2/10/21 23:00,6,2,4
2/11/21 0:00,3,1,2
2/11/21 1:00,1,1,0
2/11/21 2:00,3,2,1
2/11/21 3:00,5,1,4
2/11/21 4:00,2,2,0
2/11/21 5:00,15,10,5
2/11/21 6:00,30,27,3
2/11/21 7:00,29,22,7
2/11/21 8:00,23,20,3
2/11/21 9:00,18,11,7
2/11/21 10:00,10,6,4
2/11/21 11:00,13,8,5
2/11/21 12:00,12,5,7
2/11/21 13:00,10,4,6
2/11/21 14:00,27,11,16
2/11/21 15:00,30,13,17
2/11/21 16:00,23,8,15
2/11/21 17:00,31,8,23
2/11/21 18:00,11,7,4
2/11/21 19:00,9,2,7
2/11/21 20:00,10,3,7
2/11/21 21:00,1,0,1
2/11/21 22:00,3,0,3
2/11/21 23:00,3,1,2
2/12/21 0:00,2,0,2
2/12/21 1:00,1,0,1
2/12/21 2:00,0,0,0
2/12/21 3:00,1,0,1
2/12/21 4:00,3,2,1
2/12/21 5:00,5,4,1
2/12/21 6:00,10,8,2
2/12/21 7:00,3,2,1
2/12/21 8:00,13,12,1
2/12/21 9:00,14,10,4
2/12/21 10:00,8,7,1
2/12/21 11:00,12,6,6
2/12/21 12:00,5,3,2
2/12/21 13:00,20,9,11
2/12/21 14:00,18,6,12
2/12/21 15:00,16,4,12
2/12/21 16:00,17,6,11
2/12/21 17:00,20,4,16
2/12/21 18:00,10,4,6
2/12/21 19:00,3,0,3
2/12/21 20:00,3,1,2
2/12/21 21:00,2,0,2
2/12/21 22:00,1,0,1
2/12/21 23:00,1,0,1
2/13/21 0:00,2,0,2
2/13/21 1:00,3,2,1
2/13/21 2:00,0,0,0
2/13/21 3:00,1,0,1
2/13/21 4:00,2,1,1
2/13/21 5:00,5,3,2
2/13/21 6:00,3,2,1
2/13/21 7:00,0,0,0
2/13/21 8:00,0,0,0
2/13/21 9:00,2,2,0
2/13/21 10:00,11,6,5
2/13/21 11:00,12,8,4
2/13/21 12:00,2,1,1
2/13/21 13:00,1,1,0
2/13/21 14:00,2,0,2
2/13/21 15:00,4,3,1
2/13/21 16:00,0,0,0
2/13/21 17:00,1,0,1
2/13/21 18:00,0,0,0
2/13/21 19:00,0,0,0
2/13/21 20:00,1,0,1
2/13/21 21:00,0,0,0
2/13/21 22:00,0,0,0
2/13/21 23:00,0,0,0
2/14/21 0:00,0,0,0
2/14/21 1:00,0,0,0
2/14/21 2:00,0,0,0
2/14/21 3:00,1,0,1
2/14/21 4:00,2,1,1
2/14/21 5:00,4,1,3
2/14/21 6:00,0,0,0
2/14/21 7:00,0,0,0
2/14/21 8:00,20,8,12
2/14/21 9:00,0,0,0
2/14/21 10:00,0,0,0
2/14/21 11:00,1,0,1
2/14/21 12:00,4,3,1
2/14/21 13:00,4,2,2
2/14/21 14:00,2,2,0
2/14/21 15:00,1,1,0
2/14/21 16:00,1,1,0
2/14/21 17:00,0,0,0
2/14/21 18:00,1,0,1
2/14/21 19:00,0,0,0
2/14/21 20:00,1,0,1
2/14/21 21:00,0,0,0
2/14/21 22:00,0,0,0
2/14/21 23:00,1,1,0
2/15/21 0:00,3,1,2
2/15/21 1:00,1,0,1
2/15/21 2:00,0,0,0
2/15/21 3:00,3,1,2
2/15/21 4:00,0,0,0
2/15/21 5:00,0,0,0
2/15/21 6:00,7,6,1
2/15/21 7:00,3,2,1
2/15/21 8:00,6,6,0
2/15/21 9:00,1,1,0
2/15/21 10:00,4,4,0
2/15/21 11:00,2,1,1
2/15/21 12:00,5,2,3
2/15/21 13:00,7,3,4
2/15/21 14:00,4,2,2
2/15/21 15:00,9,1,8
2/15/21 16:00,7,4,3
2/15/21 17:00,8,0,8
2/15/21 18:00,1,0,1
2/15/21 19:00,3,1,2
2/15/21 20:00,0,0,0
2/15/21 21:00,4,4,0
2/15/21 22:00,2,1,1
2/15/21 23:00,0,0,0
2/16/21 0:00,2,0,2
2/16/21 1:00,1,0,1
2/16/21 2:00,3,1,2
2/16/21 3:00,1,1,0
2/16/21 4:00,1,0,1
2/16/21 5:00,8,5,3
2/16/21 6:00,14,13,1
2/16/21 7:00,10,10,0
2/16/21 8:00,20,17,3
2/16/21 9:00,11,9,2
2/16/21 10:00,8,6,2
2/16/21 11:00,16,9,7
2/16/21 12:00,5,4,1
2/16/21 13:00,12,9,3
2/16/21 14:00,18,8,10
2/16/21 15:00,27,7,20
2/16/21 16:00,25,12,13
2/16/21 17:00,35,11,24
2/16/21 18:00,14,2,12
2/16/21 19:00,10,5,5
2/16/21 20:00,3,0,3
2/16/21 21:00,6,0,6
2/16/21 22:00,1,0,1
2/16/21 23:00,2,1,1
2/17/21 0:00,3,2,1
2/17/21 1:00,1,0,1
2/17/21 2:00,3,0,3
2/17/21 3:00,0,0,0
2/17/21 4:00,3,3,0
2/17/21 5:00,17,11,6
2/17/21 6:00,21,20,1
2/17/21 7:00,29,24,5
2/17/21 8:00,39,31,8
2/17/21 9:00,23,19,4
2/17/21 10:00,13,9,4
2/17/21 11:00,16,11,5
2/17/21 12:00,24,13,11
2/17/21 13:00,27,11,16
2/17/21 14:00,38,19,19
2/17/21 15:00,57,22,35
2/17/21 16:00,70,28,42
2/17/21 17:00,60,14,46
2/17/21 18:00,22,4,18
2/17/21 19:00,21,5,16
2/17/21 20:00,7,1,6
2/17/21 21:00,5,2,3
2/17/21 22:00,2,0,2
2/17/21 23:00,4,2,2
2/18/21 0:00,2,0,2
2/18/21 1:00,1,0,1
2/18/21 2:00,7,3,4
2/18/21 3:00,0,0,0
2/18/21 4:00,1,1,0
2/18/21 5:00,15,9,6
2/18/21 6:00,27,26,1
2/18/21 7:00,35,28,7
2/18/21 8:00,30,25,5
2/18/21 9:00,29,24,5
2/18/21 10:00,13,9,4
2/18/21 11:00,9,5,4
2/18/21 12:00,16,5,11
2/18/21 13:00,10,5,5
2/18/21 14:00,16,4,12
2/18/21 15:00,20,8,12
2/18/21 16:00,30,9,21
2/18/21 17:00,49,7,42
2/18/21 18:00,18,1,17
2/18/21 19:00,14,6,8
2/18/21 20:00,7,0,7
2/18/21 21:00,4,1,3
2/18/21 22:00,2,1,1
2/18/21 23:00,2,0,2
2/19/21 0:00,2,0,2
2/19/21 1:00,0,0,0
2/19/21 2:00,4,1,3
2/19/21 3:00,1,0,1
2/19/21 4:00,1,1,0
2/19/21 5:00,19,15,4
2/19/21 6:00,21,18,3
2/19/21 7:00,26,18,8
2/19/21 8:00,33,28,5
2/19/21 9:00,24,18,6
2/19/21 10:00,23,12,11
2/19/21 11:00,22,14,8
2/19/21 12:00,13,9,4
2/19/21 13:00,15,8,7
2/19/21 14:00,36,13,23
2/19/21 15:00,26,11,15
2/19/21 16:00,36,10,26
2/19/21 17:00,26,3,23
2/19/21 18:00,19,3,16
2/19/21 19:00,8,2,6
2/19/21 20:00,4,0,4
2/19/21 21:00,3,0,3
2/19/21 22:00,1,1,0
2/19/21 23:00,2,0,2
2/20/21 0:00,7,5,2
2/20/21 1:00,3,3,0
2/20/21 2:00,1,0,1
2/20/21 3:00,3,1,2
2/20/21 4:00,1,1,0
2/20/21 5:00,6,4,2
2/20/21 6:00,3,2,1
2/20/21 7:00,10,6,4
2/20/21 8:00,20,11,9
2/20/21 9:00,26,17,9
2/20/21 10:00,40,21,19
2/20/21 11:00,79,39,40
2/20/21 12:00,59,28,31
2/20/21 13:00,96,45,51
2/20/21 14:00,90,48,42
2/20/21 15:00,81,36,45
2/20/21 16:00,41,23,18
2/20/21 17:00,34,19,15
2/20/21 18:00,16,10,6
2/20/21 19:00,16,6,10
2/20/21 20:00,4,0,4
2/20/21 21:00,6,1,5
2/20/21 22:00,9,7,2
2/20/21 23:00,2,0,2
2/21/21 0:00,1,1,0
2/21/21 1:00,1,0,1
2/21/21 2:00,3,3,0
2/21/21 3:00,4,1,3
2/21/21 4:00,2,2,0
2/21/21 5:00,5,4,1
2/21/21 6:00,3,1,2
2/21/21 7:00,4,2,2
2/21/21 8:00,3,2,1
2/21/21 9:00,13,12,1
2/21/21 10:00,28,14,14
2/21/21 11:00,17,9,8
2/21/21 12:00,28,12,16
2/21/21 13:00,35,16,19
2/21/21 14:00,29,20,9
2/21/21 15:00,35,17,18
2/21/21 16:00,23,11,12
2/21/21 17:00,13,2,11
2/21/21 18:00,8,4,4
2/21/21 19:00,7,2,5
2/21/21 20:00,2,0,2
2/21/21 21:00,2,0,2
2/21/21 22:00,0,0,0
2/21/21 23:00,1,1,0
2/22/21 0:00,1,0,1
2/22/21 1:00,1,0,1
2/22/21 2:00,0,0,0
2/22/21 3:00,2,2,0
2/22/21 4:00,3,3,0
2/22/21 5:00,21,16,5
2/22/21 6:00,26,24,2
2/22/21 7:00,36,31,5
2/22/21 8:00,32,30,2
2/22/21 9:00,24,19,5
2/22/21 10:00,5,3,2
2/22/21 11:00,2,1,1
2/22/21 12:00,5,3,2
2/22/21 13:00,9,4,5
2/22/21 14:00,14,6,8
2/22/21 15:00,29,9,20
2/22/21 16:00,42,7,35
2/22/21 17:00,52,12,40
2/22/21 18:00,31,6,25
2/22/21 19:00,10,3,7
2/22/21 20:00,12,4,8
2/22/21 21:00,10,5,5
2/22/21 22:00,6,0,6
2/22/21 23:00,1,0,1
2/23/21 0:00,2,0,2
2/23/21 1:00,4,4,0
2/23/21 2:00,0,0,0
2/23/21 3:00,2,2,0
2/23/21 4:00,1,1,0
2/23/21 5:00,26,16,10
2/23/21 6:00,41,35,6
2/23/21 7:00,42,37,5
2/23/21 8:00,44,39,5
2/23/21 9:00,36,25,11
2/23/21 10:00,22,15,7
2/23/21 11:00,24,9,15
2/23/21 12:00,33,17,16
2/23/21 13:00,32,15,17
2/23/21 14:00,29,12,17
2/23/21 15:00,40,17,23
2/23/21 16:00,48,12,36
2/23/21 17:00,59,13,46
2/23/21 18:00,31,9,22
2/23/21 19:00,19,6,13
2/23/21 20:00,11,1,10
2/23/21 21:00,4,1,3
2/23/21 22:00,1,0,1
2/23/21 23:00,2,0,2
2/24/21 0:00,2,0,2
2/24/21 1:00,1,1,0
2/24/21 2:00,1,1,0
2/24/21 3:00,1,1,0
2/24/21 4:00,5,3,2
2/24/21 5:00,21,13,8
2/24/21 6:00,39,38,1
2/24/21 7:00,30,28,2
2/24/21 8:00,57,46,11
2/24/21 9:00,29,19,10
2/24/21 10:00,23,15,8
2/24/21 11:00,22,11,11
2/24/21 12:00,24,18,6
2/24/21 13:00,25,8,17
2/24/21 14:00,42,19,23
2/24/21 15:00,66,26,40
2/24/21 16:00,58,18,40
2/24/21 17:00,71,17,54
2/24/21 18:00,40,9,31
2/24/21 19:00,19,5,14
2/24/21 20:00,12,3,9
2/24/21 21:00,7,2,5
2/24/21 22:00,4,1,3
2/24/21 23:00,3,0,3
2/25/21 0:00,1,1,0
2/25/21 1:00,3,0,3
2/25/21 2:00,2,1,1
2/25/21 3:00,0,0,0
2/25/21 4:00,1,1,0
2/25/21 5:00,13,10,3
2/25/21 6:00,31,28,3
2/25/21 7:00,45,38,7
2/25/21 8:00,48,42,6
2/25/21 9:00,26,16,10
2/25/21 10:00,15,8,7
2/25/21 11:00,19,12,7
2/25/21 12:00,14,9,5
2/25/21 13:00,18,6,12
2/25/21 14:00,23,8,15
2/25/21 15:00,46,17,29
2/25/21 16:00,43,10,33
2/25/21 17:00,57,14,43
2/25/21 18:00,32,7,25
2/25/21 19:00,12,3,9
2/25/21 20:00,8,3,5
2/25/21 21:00,6,0,6
2/25/21 22:00,4,2,2
2/25/21 23:00,1,0,1
2/26/21 0:00,2,0,2
2/26/21 1:00,2,1,1
2/26/21 2:00,2,2,0
2/26/21 3:00,1,0,1
2/26/21 4:00,5,5,0
2/26/21 5:00,21,16,5
2/26/21 6:00,37,34,3
2/26/21 7:00,45,38,7
2/26/21 8:00,39,37,2
2/26/21 9:00,27,19,8
2/26/21 10:00,33,18,15
2/26/21 11:00,33,22,11
2/26/21 12:00,35,20,15
2/26/21 13:00,40,27,13
2/26/21 14:00,45,18,27
2/26/21 15:00,51,12,39
2/26/21 16:00,55,16,39
2/26/21 17:00,71,21,50
2/26/21 18:00,37,10,27
2/26/21 19:00,20,4,16
2/26/21 20:00,9,0,9
2/26/21 21:00,7,3,4
2/26/21 22:00,4,1,3
2/26/21 23:00,6,1,5
2/27/21 0:00,3,1,2
2/27/21 1:00,1,1,0
2/27/21 2:00,4,3,1
2/27/21 3:00,1,1,0
2/27/21 4:00,2,1,1
2/27/21 5:00,6,3,3
2/27/21 6:00,6,4,2
2/27/21 7:00,12,8,4
2/27/21 8:00,30,17,13
2/27/21 9:00,38,21,17
2/27/21 10:00,52,33,19
2/27/21 11:00,68,29,39
2/27/21 12:00,84,43,41
2/27/21 13:00,77,42,35
2/27/21 14:00,151,50,101
2/27/21 15:00,92,52,40
2/27/21 16:00,91,56,35
2/27/21 17:00,66,37,29
2/27/21 18:00,23,12,11
2/27/21 19:00,9,0,9
2/27/21 20:00,10,3,7
2/27/21 21:00,4,2,2
2/27/21 22:00,3,3,0
2/27/21 23:00,6,4,2
2/28/21 0:00,2,1,1
2/28/21 1:00,2,0,2
2/28/21 2:00,1,1,0
2/28/21 3:00,4,1,3
2/28/21 4:00,0,0,0
2/28/21 5:00,2,1,1
2/28/21 6:00,6,3,3
2/28/21 7:00,7,5,2
2/28/21 8:00,13,6,7
2/28/21 9:00,23,16,7
2/28/21 10:00,44,29,15
2/28/21 11:00,56,19,37
2/28/21 12:00,66,26,40
2/28/21 13:00,62,42,20
2/28/21 14:00,68,40,28
2/28/21 15:00,44,16,28
2/28/21 16:00,47,19,28
2/28/21 17:00,30,11,19
2/28/21 18:00,13,3,10
2/28/21 19:00,6,2,4
2/28/21 20:00,3,0,3
2/28/21 21:00,1,0,1
2/28/21 22:00,3,1,2
2/28/21 23:00,3,2,1
5/2/21 12:00,87,43,44
5/2/21 13:00,116,62,54
5/2/21 14:00,115,59,56
5/2/21 15:00,101,50,51
5/2/21 16:00,103,48,55
5/2/21 17:00,76,37,39
5/2/21 18:00,57,22,35
3/1/21 0:00,0,0,0
3/1/21 1:00,4,2,2
3/1/21 2:00,3,2,1
3/1/21 3:00,3,1,2
3/1/21 4:00,4,4,0
3/1/21 5:00,23,17,6
3/1/21 6:00,42,39,3
3/1/21 7:00,59,55,4
3/1/21 8:00,52,46,6
3/1/21 9:00,31,23,8
3/1/21 10:00,20,12,8
3/1/21 11:00,22,13,9
3/1/21 12:00,27,14,13
3/1/21 13:00,30,18,12
3/1/21 14:00,62,23,39
3/1/21 15:00,69,21,48
3/1/21 16:00,85,22,63
3/1/21 17:00,82,17,65
3/1/21 18:00,44,8,36
3/1/21 19:00,11,3,8
3/1/21 20:00,12,4,8
3/1/21 21:00,4,2,2
3/1/21 22:00,0,0,0
3/1/21 23:00,4,1,3
3/2/21 0:00,2,1,1
3/2/21 1:00,2,2,0
3/2/21 2:00,4,0,4
3/2/21 3:00,3,2,1
3/2/21 4:00,4,4,0
3/2/21 5:00,25,19,6
3/2/21 6:00,48,43,5
3/2/21 7:00,50,44,6
3/2/21 8:00,44,38,6
3/2/21 9:00,31,22,9
3/2/21 10:00,15,14,1
3/2/21 11:00,27,16,11
3/2/21 12:00,13,10,3
3/2/21 13:00,17,6,11
3/2/21 14:00,36,13,23
3/2/21 15:00,35,10,25
3/2/21 16:00,75,16,59
3/2/21 17:00,80,17,63
3/2/21 18:00,43,13,30
3/2/21 19:00,12,3,9
3/2/21 20:00,9,3,6
3/2/21 21:00,4,0,4
3/2/21 22:00,9,5,4
3/2/21 23:00,4,0,4
3/3/21 0:00,2,0,2
3/3/21 1:00,1,1,0
3/3/21 2:00,3,2,1
3/3/21 3:00,6,3,3
3/3/21 4:00,3,3,0
3/3/21 5:00,21,14,7
3/3/21 6:00,53,47,6
3/3/21 7:00,51,45,6
3/3/21 8:00,48,43,5
3/3/21 9:00,40,29,11
3/3/21 10:00,26,20,6
3/3/21 11:00,48,23,25
3/3/21 12:00,49,26,23
3/3/21 13:00,61,33,28
3/3/21 14:00,82,37,45
3/3/21 15:00,101,35,66
3/3/21 16:00,108,38,70
3/3/21 17:00,108,30,78
3/3/21 18:00,48,8,40
3/3/21 19:00,24,9,15
3/3/21 20:00,9,2,7
3/3/21 21:00,8,2,6
3/3/21 22:00,5,1,4
3/3/21 23:00,4,1,3
3/4/21 0:00,2,0,2
3/4/21 1:00,2,0,2
3/4/21 2:00,3,3,0
3/4/21 3:00,4,3,1
3/4/21 4:00,3,2,1
3/4/21 5:00,26,21,5
3/4/21 6:00,39,30,9
3/4/21 7:00,48,42,6
3/4/21 8:00,47,42,5
3/4/21 9:00,32,21,11
3/4/21 10:00,19,12,7
3/4/21 11:00,24,16,8
3/4/21 12:00,27,14,13
3/4/21 13:00,26,12,14
3/4/21 14:00,26,9,17
3/4/21 15:00,31,8,23
3/4/21 16:00,38,8,30
3/4/21 17:00,55,7,48
3/4/21 18:00,28,7,21
3/4/21 19:00,19,3,16
3/4/21 20:00,4,1,3
3/4/21 21:00,7,0,7
3/4/21 22:00,3,1,2
3/4/21 23:00,5,1,4
3/5/21 0:00,3,2,1
3/5/21 1:00,3,0,3
3/5/21 2:00,2,1,1
3/5/21 3:00,2,0,2
3/5/21 4:00,5,4,1
3/5/21 5:00,20,16,4
3/5/21 6:00,34,30,4
3/5/21 7:00,34,28,6
3/5/21 8:00,37,33,4
3/5/21 9:00,22,18,4
3/5/21 10:00,12,7,5
3/5/21 11:00,11,8,3
3/5/21 12:00,15,10,5
3/5/21 13:00,16,5,11
3/5/21 14:00,24,11,13
3/5/21 15:00,47,17,30
3/5/21 16:00,34,8,26
3/5/21 17:00,55,9,46
3/5/21 18:00,23,5,18
3/5/21 19:00,12,2,10
3/5/21 20:00,10,1,9
3/5/21 21:00,24,3,21
3/5/21 22:00,23,17,6
3/5/21 23:00,1,0,1
3/6/21 0:00,4,0,4
3/6/21 1:00,4,2,2
3/6/21 2:00,0,0,0
3/6/21 3:00,2,1,1
3/6/21 4:00,1,1,0
3/6/21 5:00,5,4,1
3/6/21 6:00,6,4,2
3/6/21 7:00,12,4,8
3/6/21 8:00,28,16,12
3/6/21 9:00,33,18,15
3/6/21 10:00,61,24,37
3/6/21 11:00,60,26,34
3/6/21 12:00,81,37,44
3/6/21 13:00,64,38,26
3/6/21 14:00,65,34,31
3/6/21 15:00,38,15,23
3/6/21 16:00,53,26,27
3/6/21 17:00,28,13,15
3/6/21 18:00,15,6,9
3/6/21 19:00,10,4,6
3/6/21 20:00,9,1,8
3/6/21 21:00,9,2,7
3/6/21 22:00,3,3,0
3/6/21 23:00,1,1,0
3/7/21 0:00,1,0,1
3/7/21 1:00,0,0,0
3/7/21 2:00,1,1,0
3/7/21 3:00,1,0,1
3/7/21 4:00,0,0,0
3/7/21 5:00,4,4,0
3/7/21 6:00,6,3,3
3/7/21 7:00,8,6,2
3/7/21 8:00,14,7,7
3/7/21 9:00,6,4,2
3/7/21 10:00,19,12,7
3/7/21 11:00,22,11,11
3/7/21 12:00,15,6,9
3/7/21 13:00,14,10,4
3/7/21 14:00,20,11,9
3/7/21 15:00,25,14,11
3/7/21 16:00,18,5,13
3/7/21 17:00,12,4,8
3/7/21 18:00,9,3,6
3/7/21 19:00,2,2,0
3/7/21 20:00,4,0,4
3/7/21 21:00,6,2,4
3/7/21 22:00,2,0,2
3/7/21 23:00,2,0,2
3/8/21 0:00,0,0,0
3/8/21 1:00,4,1,3
3/8/21 2:00,0,0,0
3/8/21 3:00,2,1,1
3/8/21 4:00,3,3,0
3/8/21 5:00,36,26,10
3/8/21 6:00,44,40,4
3/8/21 7:00,41,35,6
3/8/21 8:00,46,39,7
3/8/21 9:00,40,35,5
3/8/21 10:00,20,16,4
3/8/21 11:00,39,16,23
3/8/21 12:00,37,24,13
3/8/21 13:00,32,13,19
3/8/21 14:00,52,18,34
3/8/21 15:00,46,15,31
3/8/21 16:00,65,15,50
3/8/21 17:00,79,17,62
3/8/21 18:00,29,8,21
3/8/21 19:00,21,3,18
3/8/21 20:00,4,0,4
3/8/21 21:00,4,2,2
3/8/21 22:00,8,2,6
3/8/21 23:00,2,0,2
3/9/21 0:00,2,1,1
3/9/21 1:00,1,1,0
3/9/21 2:00,0,0,0
3/9/21 3:00,2,0,2
3/9/21 4:00,6,5,1
3/9/21 5:00,25,19,6
3/9/21 6:00,45,41,4
3/9/21 7:00,55,49,6
3/9/21 8:00,50,40,10
3/9/21 9:00,31,21,10
3/9/21 10:00,21,12,9
3/9/21 11:00,24,16,8
3/9/21 12:00,26,14,12
3/9/21 13:00,34,20,14
3/9/21 14:00,38,11,27
3/9/21 15:00,68,20,48
3/9/21 16:00,72,16,56
3/9/21 17:00,84,24,60
3/9/21 18:00,49,8,41
3/9/21 19:00,13,6,7
3/9/21 20:00,7,1,6
3/9/21 21:00,9,1,8
3/9/21 22:00,4,0,4
3/9/21 23:00,5,2,3
3/10/21 0:00,2,1,1
3/10/21 1:00,2,0,2
3/10/21 2:00,4,3,1
3/10/21 3:00,1,0,1
3/10/21 4:00,5,4,1
3/10/21 5:00,24,17,7
3/10/21 6:00,56,49,7
3/10/21 7:00,61,58,3
3/10/21 8:00,56,49,7
3/10/21 9:00,32,23,9
3/10/21 10:00,34,22,12
3/10/21 11:00,36,16,20
3/10/21 12:00,31,23,8
3/10/21 13:00,45,21,24
3/10/21 14:00,57,24,33
3/10/21 15:00,81,32,49
3/10/21 16:00,82,17,65
3/10/21 17:00,104,27,77
3/10/21 18:00,79,29,50
3/10/21 19:00,27,5,22
3/10/21 20:00,12,1,11
3/10/21 21:00,13,6,7
3/10/21 22:00,2,1,1
3/10/21 23:00,4,0,4
3/11/21 0:00,5,2,3
3/11/21 1:00,1,0,1
3/11/21 2:00,4,4,0
3/11/21 3:00,2,1,1
3/11/21 4:00,4,4,0
3/11/21 5:00,26,21,5
3/11/21 6:00,61,57,4
3/11/21 7:00,64,53,11
3/11/21 8:00,61,54,7
3/11/21 9:00,41,29,12
3/11/21 10:00,33,20,13
3/11/21 11:00,28,19,9
3/11/21 12:00,52,25,27
3/11/21 13:00,50,32,18
3/11/21 14:00,46,18,28
3/11/21 15:00,85,32,53
3/11/21 16:00,101,21,80
3/11/21 17:00,112,35,77
3/11/21 18:00,55,13,42
3/11/21 19:00,28,8,20
3/11/21 20:00,15,5,10
3/11/21 21:00,8,3,5
3/11/21 22:00,3,0,3
3/11/21 23:00,1,1,0
3/12/21 0:00,5,1,4
3/12/21 1:00,2,1,1
3/12/21 2:00,2,2,0
3/12/21 3:00,3,1,2
3/12/21 4:00,5,5,0
3/12/21 5:00,28,22,6
3/12/21 6:00,51,46,5
3/12/21 7:00,69,58,11
3/12/21 8:00,56,36,20
3/12/21 9:00,43,28,15
3/12/21 10:00,46,31,15
3/12/21 11:00,29,17,12
3/12/21 12:00,47,28,19
3/12/21 13:00,49,25,24
3/12/21 14:00,77,36,41
3/12/21 15:00,93,31,62
3/12/21 16:00,102,32,70
3/12/21 17:00,101,23,78
3/12/21 18:00,70,14,56
3/12/21 19:00,27,6,21
3/12/21 20:00,22,11,11
3/12/21 21:00,10,5,5
3/12/21 22:00,3,0,3
3/12/21 23:00,3,0,3
3/13/21 0:00,4,2,2
3/13/21 1:00,3,1,2
3/13/21 2:00,2,1,1
3/13/21 3:00,3,0,3
3/13/21 4:00,2,1,1
3/13/21 5:00,6,6,0
3/13/21 6:00,8,5,3
3/13/21 7:00,15,9,6
3/13/21 8:00,43,19,24
3/13/21 9:00,63,28,35
3/13/21 10:00,86,51,35
3/13/21 11:00,117,81,36
3/13/21 12:00,132,70,62
3/13/21 13:00,138,58,80
3/13/21 14:00,168,97,71
3/13/21 15:00,139,67,72
3/13/21 16:00,128,69,59
3/13/21 17:00,84,44,40
3/13/21 18:00,53,25,28
3/13/21 19:00,33,14,19
3/13/21 20:00,16,8,8
3/13/21 21:00,9,3,6
3/13/21 22:00,8,0,8
3/13/21 23:00,6,4,2
3/14/21 0:00,3,1,2
3/14/21 1:00,3,0,3
3/14/21 2:00,,,
3/14/21 3:00,5,4,1
3/14/21 4:00,2,2,0
3/14/21 5:00,2,2,0
3/14/21 6:00,9,6,3
3/14/21 7:00,10,8,2
3/14/21 8:00,12,8,4
3/14/21 9:00,23,9,14
3/14/21 10:00,19,13,6
3/14/21 11:00,15,7,8
3/14/21 12:00,17,9,8
3/14/21 13:00,8,6,2
3/14/21 14:00,10,6,4
3/14/21 15:00,14,8,6
3/14/21 16:00,10,2,8
3/14/21 17:00,10,3,7
3/14/21 18:00,7,2,5
3/14/21 19:00,1,0,1
3/14/21 20:00,4,1,3
3/14/21 21:00,2,0,2
3/14/21 22:00,5,3,2
3/14/21 23:00,1,0,1
3/15/21 0:00,2,0,2
3/15/21 1:00,4,2,2
3/15/21 2:00,1,1,0
3/15/21 3:00,2,0,2
3/15/21 4:00,4,4,0
3/15/21 5:00,18,16,2
3/15/21 6:00,35,31,4
3/15/21 7:00,48,40,8
3/15/21 8:00,45,40,5
3/15/21 9:00,29,27,2
3/15/21 10:00,16,14,2
3/15/21 11:00,16,9,7
3/15/21 12:00,17,8,9
3/15/21 13:00,17,7,10
3/15/21 14:00,39,14,25
3/15/21 15:00,47,15,32
3/15/21 16:00,72,23,49
3/15/21 17:00,79,15,64
3/15/21 18:00,37,8,29
3/15/21 19:00,26,7,19
3/15/21 20:00,9,2,7
3/15/21 21:00,5,2,3
3/15/21 22:00,3,0,3
3/15/21 23:00,7,3,4
3/16/21 0:00,3,0,3
3/16/21 1:00,3,2,1
3/16/21 2:00,3,2,1
3/16/21 3:00,3,2,1
3/16/21 4:00,5,4,1
3/16/21 5:00,21,18,3
3/16/21 6:00,34,30,4
3/16/21 7:00,50,46,4
3/16/21 8:00,45,38,7
3/16/21 9:00,34,27,7
3/16/21 10:00,30,23,7
3/16/21 11:00,30,19,11
3/16/21 12:00,22,14,8
3/16/21 13:00,35,18,17
3/16/21 14:00,48,25,23
3/16/21 15:00,59,17,42
3/16/21 16:00,81,16,65
3/16/21 17:00,111,31,80
3/16/21 18:00,70,17,53
3/16/21 19:00,20,10,10
3/16/21 20:00,9,3,6
3/16/21 21:00,7,1,6
3/16/21 22:00,2,1,1
3/16/21 23:00,5,2,3
3/17/21 0:00,4,2,2
3/17/21 1:00,3,2,1
3/17/21 2:00,4,2,2
3/17/21 3:00,0,0,0
3/17/21 4:00,4,3,1
3/17/21 5:00,23,18,5
3/17/21 6:00,42,39,3
3/17/21 7:00,49,45,4
3/17/21 8:00,63,53,10
3/17/21 9:00,37,30,7
3/17/21 10:00,26,19,7
3/17/21 11:00,35,16,19
3/17/21 12:00,37,30,7
3/17/21 13:00,39,21,18
3/17/21 14:00,62,26,36
3/17/21 15:00,85,26,59
3/17/21 16:00,103,31,72
3/17/21 17:00,97,28,69
3/17/21 18:00,74,18,56
3/17/21 19:00,42,14,28
3/17/21 20:00,10,5,5
3/17/21 21:00,12,4,8
3/17/21 22:00,9,4,5
3/17/21 23:00,2,0,2
3/18/21 0:00,5,3,2
3/18/21 1:00,2,1,1
3/18/21 2:00,2,2,0
3/18/21 3:00,0,0,0
3/18/21 4:00,3,2,1
3/18/21 5:00,19,15,4
3/18/21 6:00,34,30,4
3/18/21 7:00,49,42,7
3/18/21 8:00,41,36,5
3/18/21 9:00,28,21,7
3/18/21 10:00,15,11,4
3/18/21 11:00,16,9,7
3/18/21 12:00,17,10,7
3/18/21 13:00,11,4,7
3/18/21 14:00,25,12,13
3/18/21 15:00,45,17,28
3/18/21 16:00,40,5,35
3/18/21 17:00,52,5,47
3/18/21 18:00,32,3,29
3/18/21 19:00,13,4,9
3/18/21 20:00,12,3,9
3/18/21 21:00,6,2,4
3/18/21 22:00,5,0,5
3/18/21 23:00,3,2,1
3/19/21 0:00,2,1,1
3/19/21 1:00,2,0,2
3/19/21 2:00,2,1,1
3/19/21 3:00,2,1,1
3/19/21 4:00,4,3,1
3/19/21 5:00,23,20,3
3/19/21 6:00,27,26,1
3/19/21 7:00,37,30,7
3/19/21 8:00,36,30,6
3/19/21 9:00,31,19,12
3/19/21 10:00,28,20,8
3/19/21 11:00,23,10,13
3/19/21 12:00,29,13,16
3/19/21 13:00,22,11,11
3/19/21 14:00,43,19,24
3/19/21 15:00,39,13,26
3/19/21 16:00,47,9,38
3/19/21 17:00,46,10,36
3/19/21 18:00,33,7,26
3/19/21 19:00,29,7,22
3/19/21 20:00,11,3,8
3/19/21 21:00,4,2,2
3/19/21 22:00,6,3,3
3/19/21 23:00,6,4,2
3/20/21 0:00,2,0,2
3/20/21 1:00,1,1,0
3/20/21 2:00,1,1,0
3/20/21 3:00,0,0,0
3/20/21 4:00,4,3,1
3/20/21 5:00,4,4,0
3/20/21 6:00,5,4,1
3/20/21 7:00,7,4,3
3/20/21 8:00,15,8,7
3/20/21 9:00,19,14,5
3/20/21 10:00,31,11,20
3/20/21 11:00,24,13,11
3/20/21 12:00,45,28,17
3/20/21 13:00,37,22,15
3/20/21 14:00,43,17,26
3/20/21 15:00,46,26,20
3/20/21 16:00,48,22,26
3/20/21 17:00,24,9,15
3/20/21 18:00,15,6,9
3/20/21 19:00,8,4,4
3/20/21 20:00,8,1,7
3/20/21 21:00,8,4,4
3/20/21 22:00,7,3,4
3/20/21 23:00,4,3,1
3/21/21 0:00,4,0,4
3/21/21 1:00,1,0,1
3/21/21 2:00,0,0,0
3/21/21 3:00,1,0,1
3/21/21 4:00,3,2,1
3/21/21 5:00,2,1,1
3/21/21 6:00,6,4,2
3/21/21 7:00,10,8,2
3/21/21 8:00,10,8,2
3/21/21 9:00,17,13,4
3/21/21 10:00,28,13,15
3/21/21 11:00,19,9,10
3/21/21 12:00,11,9,2
3/21/21 13:00,14,3,11
3/21/21 14:00,20,11,9
3/21/21 15:00,14,5,9
3/21/21 16:00,28,17,11
3/21/21 17:00,13,4,9
3/21/21 18:00,14,4,10
3/21/21 19:00,4,0,4
3/21/21 20:00,4,2,2
3/21/21 21:00,1,0,1
3/21/21 22:00,1,1,0
3/21/21 23:00,0,0,0
3/22/21 0:00,1,0,1
3/22/21 1:00,1,0,1
3/22/21 2:00,0,0,0
3/22/21 3:00,1,0,1
3/22/21 4:00,3,3,0
3/22/21 5:00,19,16,3
3/22/21 6:00,28,26,2
3/22/21 7:00,31,26,5
3/22/21 8:00,31,24,7
3/22/21 9:00,15,11,4
3/22/21 10:00,13,10,3
3/22/21 11:00,11,5,6
3/22/21 12:00,14,7,7
3/22/21 13:00,20,9,11
3/22/21 14:00,27,9,18
3/22/21 15:00,38,14,24
3/22/21 16:00,52,15,37
3/22/21 17:00,64,14,50
3/22/21 18:00,53,18,35
3/22/21 19:00,18,7,11
3/22/21 20:00,13,2,11
3/22/21 21:00,5,3,2
3/22/21 22:00,3,0,3
3/22/21 23:00,5,3,2
3/23/21 0:00,1,0,1
3/23/21 1:00,2,1,1
3/23/21 2:00,2,2,0
3/23/21 3:00,2,1,1
3/23/21 4:00,4,4,0
3/23/21 5:00,26,22,4
3/23/21 6:00,55,45,10
3/23/21 7:00,48,45,3
3/23/21 8:00,54,44,10
3/23/21 9:00,47,31,16
3/23/21 10:00,21,16,5
3/23/21 11:00,44,24,20
3/23/21 12:00,39,19,20
3/23/21 13:00,56,31,25
3/23/21 14:00,68,30,38
3/23/21 15:00,65,26,39
3/23/21 16:00,79,20,59
3/23/21 17:00,98,22,76
3/23/21 18:00,72,19,53
3/23/21 19:00,38,14,24
3/23/21 20:00,12,1,11
3/23/21 21:00,6,1,5
3/23/21 22:00,4,2,2
3/23/21 23:00,3,2,1
3/24/21 0:00,4,1,3
3/24/21 1:00,3,2,1
3/24/21 2:00,3,2,1
3/24/21 3:00,2,0,2
3/24/21 4:00,3,2,1
3/24/21 5:00,24,18,6
3/24/21 6:00,32,29,3
3/24/21 7:00,34,32,2
3/24/21 8:00,52,44,8
3/24/21 9:00,20,14,6
3/24/21 10:00,13,7,6
3/24/21 11:00,11,6,5
3/24/21 12:00,16,5,11
3/24/21 13:00,22,14,8
3/24/21 14:00,18,9,9
3/24/21 15:00,35,8,27
3/24/21 16:00,34,7,27
3/24/21 17:00,55,7,48
3/24/21 18:00,28,5,23
3/24/21 19:00,11,2,9
3/24/21 20:00,11,5,6
3/24/21 21:00,5,0,5
3/24/21 22:00,1,0,1
3/24/21 23:00,3,0,3
3/25/21 0:00,3,1,2
3/25/21 1:00,0,0,0
3/25/21 2:00,0,0,0
3/25/21 3:00,1,0,1
3/25/21 4:00,0,0,0
3/25/21 5:00,18,15,3
3/25/21 6:00,34,28,6
3/25/21 7:00,44,39,5
3/25/21 8:00,46,41,5
3/25/21 9:00,24,19,5
3/25/21 10:00,16,13,3
3/25/21 11:00,10,6,4
3/25/21 12:00,17,11,6
3/25/21 13:00,36,16,20
3/25/21 14:00,40,19,21
3/25/21 15:00,58,21,37
3/25/21 16:00,65,19,46
3/25/21 17:00,97,38,59
3/25/21 18:00,62,15,47
3/25/21 19:00,35,18,17
3/25/21 20:00,22,9,13
3/25/21 21:00,10,1,9
3/25/21 22:00,5,2,3
3/25/21 23:00,3,0,3
3/26/21 0:00,1,0,1
3/26/21 1:00,4,1,3
3/26/21 2:00,5,3,2
3/26/21 3:00,3,2,1
3/26/21 4:00,4,4,0
3/26/21 5:00,21,17,4
3/26/21 6:00,37,31,6
3/26/21 7:00,66,54,12
3/26/21 8:00,53,44,9
3/26/21 9:00,34,20,14
3/26/21 10:00,28,16,12
3/26/21 11:00,29,14,15
3/26/21 12:00,29,16,13
3/26/21 13:00,33,19,14
3/26/21 14:00,47,27,20
3/26/21 15:00,38,16,22
3/26/21 16:00,71,18,53
3/26/21 17:00,91,26,65
3/26/21 18:00,67,20,47
3/26/21 19:00,42,12,30
3/26/21 20:00,22,9,13
3/26/21 21:00,11,2,9
3/26/21 22:00,7,1,6
3/26/21 23:00,4,2,2
3/27/21 0:00,5,2,3
3/27/21 1:00,3,1,2
3/27/21 2:00,1,0,1
3/27/21 3:00,1,0,1
3/27/21 4:00,3,1,2
3/27/21 5:00,6,4,2
3/27/21 6:00,17,9,8
3/27/21 7:00,12,6,6
3/27/21 8:00,37,24,13
3/27/21 9:00,34,19,15
3/27/21 10:00,58,32,26
3/27/21 11:00,79,37,42
3/27/21 12:00,70,29,41
3/27/21 13:00,85,54,31
3/27/21 14:00,81,39,42
3/27/21 15:00,100,42,58
3/27/21 16:00,71,29,42
3/27/21 17:00,55,28,27
3/27/21 18:00,42,18,24
3/27/21 19:00,18,5,13
3/27/21 20:00,14,8,6
3/27/21 21:00,9,6,3
3/27/21 22:00,3,1,2
3/27/21 23:00,3,2,1
3/28/21 0:00,2,0,2
3/28/21 1:00,4,0,4
3/28/21 2:00,3,1,2
3/28/21 3:00,3,0,3
3/28/21 4:00,5,3,2
3/28/21 5:00,6,5,1
3/28/21 6:00,4,2,2
3/28/21 7:00,9,5,4
3/28/21 8:00,6,3,3
3/28/21 9:00,15,8,7
3/28/21 10:00,13,5,8
3/28/21 11:00,13,9,4
3/28/21 12:00,6,4,2
3/28/21 13:00,10,6,4
3/28/21 14:00,2,2,0
3/28/21 15:00,6,1,5
3/28/21 16:00,9,2,7
3/28/21 17:00,13,9,4
3/28/21 18:00,13,6,7
3/28/21 19:00,5,3,2
3/28/21 20:00,6,1,5
3/28/21 21:00,6,2,4
3/28/21 22:00,3,2,1
3/28/21 23:00,0,0,0
3/29/21 0:00,1,1,0
3/29/21 1:00,1,0,1
3/29/21 2:00,2,1,1
3/29/21 3:00,0,0,0
3/29/21 4:00,2,2,0
3/29/21 5:00,21,17,4
3/29/21 6:00,42,35,7
3/29/21 7:00,55,48,7
3/29/21 8:00,55,47,8
3/29/21 9:00,54,36,18
3/29/21 10:00,26,18,8
3/29/21 11:00,14,8,6
3/29/21 12:00,16,11,5
3/29/21 13:00,28,11,17
3/29/21 14:00,38,17,21
3/29/21 15:00,54,19,35
3/29/21 16:00,79,19,60
3/29/21 17:00,87,17,70
3/29/21 18:00,67,16,51
3/29/21 19:00,24,5,19
3/29/21 20:00,5,2,3
3/29/21 21:00,7,6,1
3/29/21 22:00,11,7,4
3/29/21 23:00,1,0,1
3/30/21 0:00,2,1,1
3/30/21 1:00,0,0,0
3/30/21 2:00,8,1,7
3/30/21 3:00,2,0,2
3/30/21 4:00,3,3,0
3/30/21 5:00,22,19,3
3/30/21 6:00,43,38,5
3/30/21 7:00,56,54,2
3/30/21 8:00,51,44,7
3/30/21 9:00,36,28,8
3/30/21 10:00,36,25,11
3/30/21 11:00,29,19,10
3/30/21 12:00,32,15,17
3/30/21 13:00,45,26,19
3/30/21 14:00,63,29,34
3/30/21 15:00,82,31,51
3/30/21 16:00,71,16,55
3/30/21 17:00,124,31,93
3/30/21 18:00,87,24,63
3/30/21 19:00,51,23,28
3/30/21 20:00,16,5,11
3/30/21 21:00,11,2,9
3/30/21 22:00,4,0,4
3/30/21 23:00,2,1,1
3/31/21 0:00,3,1,2
3/31/21 1:00,0,0,0
3/31/21 2:00,6,3,3
3/31/21 3:00,1,0,1
3/31/21 4:00,3,3,0
3/31/21 5:00,17,14,3
3/31/21 6:00,43,37,6
3/31/21 7:00,68,57,11
3/31/21 8:00,63,52,11
3/31/21 9:00,32,23,9
3/31/21 10:00,40,30,10
3/31/21 11:00,37,21,16
3/31/21 12:00,37,21,16
3/31/21 13:00,48,27,21
3/31/21 14:00,52,24,28
3/31/21 15:00,85,35,50
3/31/21 16:00,124,44,80
3/31/21 17:00,137,28,109
3/31/21 18:00,79,26,53
3/31/21 19:00,39,22,17
3/31/21 20:00,16,4,12
3/31/21 21:00,14,3,11
3/31/21 22:00,10,4,6
3/31/21 23:00,6,2,4
5/2/21 19:00,23,14,9
5/2/21 20:00,16,5,11
5/2/21 21:00,7,6,1
5/2/21 22:00,4,1,3
5/2/21 23:00,5,1,4
5/3/21 0:00,3,2,1
5/3/21 1:00,4,2,2
5/3/21 2:00,3,0,3
5/3/21 3:00,1,0,1
5/3/21 4:00,3,3,0
5/3/21 5:00,30,21,9
5/3/21 6:00,60,52,8
5/3/21 7:00,64,58,6
5/3/21 8:00,50,42,8
5/3/21 9:00,38,27,11
5/3/21 10:00,22,13,9
5/3/21 11:00,30,20,10
5/3/21 12:00,19,10,9
5/3/21 13:00,24,10,14
5/3/21 14:00,31,9,22
5/3/21 15:00,43,15,28
5/3/21 16:00,56,9,47
5/3/21 17:00,72,10,62
5/3/21 18:00,34,4,30
5/3/21 19:00,11,5,6
5/3/21 20:00,8,2,6
5/3/21 21:00,9,4,5
5/3/21 22:00,6,2,4
5/3/21 23:00,2,2,0
5/4/21 0:00,6,3,3
5/4/21 1:00,1,0,1
5/4/21 2:00,0,0,0
4/1/21 0:00,6,5,1
4/1/21 1:00,0,0,0
4/1/21 2:00,4,3,1
4/1/21 3:00,2,1,1
4/1/21 4:00,4,4,0
4/1/21 5:00,20,16,4
4/1/21 6:00,46,37,9
4/1/21 7:00,58,49,9
4/1/21 8:00,58,49,9
4/1/21 9:00,39,31,8
4/1/21 10:00,30,21,9
4/1/21 11:00,25,13,12
4/1/21 12:00,30,19,11
4/1/21 13:00,31,19,12
4/1/21 14:00,39,16,23
4/1/21 15:00,78,22,56
4/1/21 16:00,86,28,58
4/1/21 17:00,117,32,85
4/1/21 18:00,77,23,54
4/1/21 19:00,42,14,28
4/1/21 20:00,22,12,10
4/1/21 21:00,14,5,9
4/1/21 22:00,7,1,6
4/1/21 23:00,3,1,2
4/2/21 0:00,0,0,0
4/2/21 1:00,2,1,1
4/2/21 2:00,4,2,2
4/2/21 3:00,2,1,1
4/2/21 4:00,5,3,2
4/2/21 5:00,21,19,2
4/2/21 6:00,38,34,4
4/2/21 7:00,59,41,18
4/2/21 8:00,62,50,12
4/2/21 9:00,37,29,8
4/2/21 10:00,30,18,12
4/2/21 11:00,35,25,10
4/2/21 12:00,45,21,24
4/2/21 13:00,35,17,18
4/2/21 14:00,52,25,27
4/2/21 15:00,82,32,50
4/2/21 16:00,84,27,57
4/2/21 17:00,100,22,78
4/2/21 18:00,55,14,41
4/2/21 19:00,27,5,22
4/2/21 20:00,24,11,13
4/2/21 21:00,5,1,4
4/2/21 22:00,5,0,5
4/2/21 23:00,7,5,2
4/3/21 0:00,4,1,3
4/3/21 1:00,0,0,0
4/3/21 2:00,3,0,3
4/3/21 3:00,4,3,1
4/3/21 4:00,1,1,0
4/3/21 5:00,7,4,3
4/3/21 6:00,9,7,2
4/3/21 7:00,17,12,5
4/3/21 8:00,36,22,14
4/3/21 9:00,47,29,18
4/3/21 10:00,57,35,22
4/3/21 11:00,86,37,49
4/3/21 12:00,85,42,43
4/3/21 13:00,113,53,60
4/3/21 14:00,75,41,34
4/3/21 15:00,79,40,39
4/3/21 16:00,84,42,42
4/3/21 17:00,51,23,28
4/3/21 18:00,56,28,28
4/3/21 19:00,31,5,26
4/3/21 20:00,22,13,9
4/3/21 21:00,14,8,6
4/3/21 22:00,2,0,2
4/3/21 23:00,5,4,1
4/4/21 0:00,1,0,1
4/4/21 1:00,0,0,0
4/4/21 2:00,0,0,0
4/4/21 3:00,2,0,2
4/4/21 4:00,1,1,0
4/4/21 5:00,1,1,0
4/4/21 6:00,6,2,4
4/4/21 7:00,6,6,0
4/4/21 8:00,10,6,4
4/4/21 9:00,9,6,3
4/4/21 10:00,26,11,15
4/4/21 11:00,24,13,11
4/4/21 12:00,27,17,10
4/4/21 13:00,49,26,23
4/4/21 14:00,37,17,20
4/4/21 15:00,30,17,13
4/4/21 16:00,22,8,14
4/4/21 17:00,7,4,3
4/4/21 18:00,16,4,12
4/4/21 19:00,9,3,6
4/4/21 20:00,4,2,2
4/4/21 21:00,4,4,0
4/4/21 22:00,3,1,2
4/4/21 23:00,4,1,3
4/5/21 0:00,2,2,0
4/5/21 1:00,1,0,1
4/5/21 2:00,0,0,0
4/5/21 3:00,1,1,0
4/5/21 4:00,4,4,0
4/5/21 5:00,28,21,7
4/5/21 6:00,44,36,8
4/5/21 7:00,67,61,6
4/5/21 8:00,59,51,8
4/5/21 9:00,32,28,4
4/5/21 10:00,30,16,14
4/5/21 11:00,22,16,6
4/5/21 12:00,28,16,12
4/5/21 13:00,36,23,13
4/5/21 14:00,51,21,30
4/5/21 15:00,64,31,33
4/5/21 16:00,115,31,84
4/5/21 17:00,134,47,87
4/5/21 18:00,82,19,63
4/5/21 19:00,45,19,26
4/5/21 20:00,20,8,12
4/5/21 21:00,9,4,5
4/5/21 22:00,6,1,5
4/5/21 23:00,3,0,3
4/6/21 0:00,2,2,0
4/6/21 1:00,0,0,0
4/6/21 2:00,2,1,1
4/6/21 3:00,1,0,1
4/6/21 4:00,2,2,0
4/6/21 5:00,25,21,4
4/6/21 6:00,65,53,12
4/6/21 7:00,63,56,7
4/6/21 8:00,57,47,10
4/6/21 9:00,44,31,13
4/6/21 10:00,41,29,12
4/6/21 11:00,37,25,12
4/6/21 12:00,28,16,12
4/6/21 13:00,39,17,22
4/6/21 14:00,50,22,28
4/6/21 15:00,56,19,37
4/6/21 16:00,117,29,88
4/6/21 17:00,138,30,108
4/6/21 18:00,85,31,54
4/6/21 19:00,45,23,22
4/6/21 20:00,18,6,12
4/6/21 21:00,12,0,12
4/6/21 22:00,6,0,6
4/6/21 23:00,6,1,5
4/7/21 0:00,7,4,3
4/7/21 1:00,1,1,0
4/7/21 2:00,4,1,3
4/7/21 3:00,2,0,2
4/7/21 4:00,1,1,0
4/7/21 5:00,16,13,3
4/7/21 6:00,49,42,7
4/7/21 7:00,46,40,6
4/7/21 8:00,48,42,6
4/7/21 9:00,22,17,5
4/7/21 10:00,22,14,8
4/7/21 11:00,13,8,5
4/7/21 12:00,23,9,14
4/7/21 13:00,20,8,12
4/7/21 14:00,27,12,15
4/7/21 15:00,37,12,25
4/7/21 16:00,58,12,46
4/7/21 17:00,61,14,47
4/7/21 18:00,42,9,33
4/7/21 19:00,24,7,17
4/7/21 20:00,11,3,8
4/7/21 21:00,8,3,5
4/7/21 22:00,2,0,2
4/7/21 23:00,0,0,0
4/8/21 0:00,1,1,0
4/8/21 1:00,2,0,2
4/8/21 2:00,1,1,0
4/8/21 3:00,0,0,0
4/8/21 4:00,2,1,1
4/8/21 5:00,14,9,5
4/8/21 6:00,43,39,4
4/8/21 7:00,59,51,8
4/8/21 8:00,58,46,12
4/8/21 9:00,39,30,9
4/8/21 10:00,22,16,6
4/8/21 11:00,26,17,9
4/8/21 12:00,32,19,13
4/8/21 13:00,33,17,16
4/8/21 14:00,45,27,18
4/8/21 15:00,65,23,42
4/8/21 16:00,88,29,59
4/8/21 17:00,119,34,85
4/8/21 18:00,70,20,50
4/8/21 19:00,48,16,32
4/8/21 20:00,19,6,13
4/8/21 21:00,9,3,6
4/8/21 22:00,10,1,9
4/8/21 23:00,5,3,2
4/9/21 0:00,1,0,1
4/9/21 1:00,0,0,0
4/9/21 2:00,3,2,1
4/9/21 3:00,2,0,2
4/9/21 4:00,2,2,0
4/9/21 5:00,18,15,3
4/9/21 6:00,33,32,1
4/9/21 7:00,57,49,8
4/9/21 8:00,56,46,10
4/9/21 9:00,35,30,5
4/9/21 10:00,25,14,11
4/9/21 11:00,15,8,7
4/9/21 12:00,32,23,9
4/9/21 13:00,34,16,18
4/9/21 14:00,46,21,25
4/9/21 15:00,42,13,29
4/9/21 16:00,66,15,51
4/9/21 17:00,67,15,52
4/9/21 18:00,41,9,32
4/9/21 19:00,18,4,14
4/9/21 20:00,6,1,5
4/9/21 21:00,10,2,8
4/9/21 22:00,5,0,5
4/9/21 23:00,2,1,1
4/10/21 0:00,1,0,1
4/10/21 1:00,1,0,1
4/10/21 2:00,2,2,0
4/10/21 3:00,1,1,0
4/10/21 4:00,2,0,2
4/10/21 5:00,6,4,2
4/10/21 6:00,6,6,0
4/10/21 7:00,5,3,2
4/10/21 8:00,15,5,10
4/10/21 9:00,34,19,15
4/10/21 10:00,47,26,21
4/10/21 11:00,59,34,25
4/10/21 12:00,58,27,31
4/10/21 13:00,66,32,34
4/10/21 14:00,82,39,43
4/10/21 15:00,73,35,38
4/10/21 16:00,74,37,37
4/10/21 17:00,57,29,28
4/10/21 18:00,25,11,14
4/10/21 19:00,12,5,7
4/10/21 20:00,9,3,6
4/10/21 21:00,5,1,4
4/10/21 22:00,3,2,1
4/10/21 23:00,1,0,1
4/11/21 0:00,4,0,4
4/11/21 1:00,7,5,2
4/11/21 2:00,5,0,5
4/11/21 3:00,1,0,1
4/11/21 4:00,3,3,0
4/11/21 5:00,1,1,0
4/11/21 6:00,6,1,5
4/11/21 7:00,17,14,3
4/11/21 8:00,23,14,9
4/11/21 9:00,26,14,12
4/11/21 10:00,63,46,17
4/11/21 11:00,95,31,64
4/11/21 12:00,81,25,56
4/11/21 13:00,120,74,46
4/11/21 14:00,89,47,42
4/11/21 15:00,69,37,32
4/11/21 16:00,83,50,33
4/11/21 17:00,60,20,40
4/11/21 18:00,37,19,18
4/11/21 19:00,22,12,10
4/11/21 20:00,15,11,4
4/11/21 21:00,14,6,8
4/11/21 22:00,4,2,2
4/11/21 23:00,3,0,3
4/12/21 0:00,0,0,0
4/12/21 1:00,3,1,2
4/12/21 2:00,0,0,0
4/12/21 3:00,1,1,0
4/12/21 4:00,7,6,1
4/12/21 5:00,17,14,3
4/12/21 6:00,40,39,1
4/12/21 7:00,55,49,6
4/12/21 8:00,54,45,9
4/12/21 9:00,45,26,19
4/12/21 10:00,30,20,10
4/12/21 11:00,21,12,9
4/12/21 12:00,39,14,25
4/12/21 13:00,39,20,19
4/12/21 14:00,40,22,18
4/12/21 15:00,49,16,33
4/12/21 16:00,85,19,66
4/12/21 17:00,95,29,66
4/12/21 18:00,50,12,38
4/12/21 19:00,28,14,14
4/12/21 20:00,12,3,9
4/12/21 21:00,5,2,3
4/12/21 22:00,5,0,5
4/12/21 23:00,0,0,0
4/13/21 0:00,2,1,1
4/13/21 1:00,1,0,1
4/13/21 2:00,0,0,0
4/13/21 3:00,0,0,0
4/13/21 4:00,3,3,0
4/13/21 5:00,30,25,5
4/13/21 6:00,50,45,5
4/13/21 7:00,54,43,11
4/13/21 8:00,66,51,15
4/13/21 9:00,44,31,13
4/13/21 10:00,35,22,13
4/13/21 11:00,43,23,20
4/13/21 12:00,39,15,24
4/13/21 13:00,42,19,23
4/13/21 14:00,51,28,23
4/13/21 15:00,62,27,35
4/13/21 16:00,94,28,66
4/13/21 17:00,113,34,79
4/13/21 18:00,96,30,66
4/13/21 19:00,40,15,25
4/13/21 20:00,17,6,11
4/13/21 21:00,10,4,6
4/13/21 22:00,5,1,4
4/13/21 23:00,4,2,2
4/14/21 0:00,1,0,1
4/14/21 1:00,2,1,1
4/14/21 2:00,4,3,1
4/14/21 3:00,5,1,4
4/14/21 4:00,3,3,0
4/14/21 5:00,29,22,7
4/14/21 6:00,56,49,7
4/14/21 7:00,57,52,5
4/14/21 8:00,64,54,10
4/14/21 9:00,28,23,5
4/14/21 10:00,24,18,6
4/14/21 11:00,35,14,21
4/14/21 12:00,26,20,6
4/14/21 13:00,56,27,29
4/14/21 14:00,59,26,33
4/14/21 15:00,59,17,42
4/14/21 16:00,90,28,62
4/14/21 17:00,134,33,101
4/14/21 18:00,73,17,56
4/14/21 19:00,49,18,31
4/14/21 20:00,18,6,12
4/14/21 21:00,8,3,5
4/14/21 22:00,2,0,2
4/14/21 23:00,4,2,2
4/15/21 0:00,4,1,3
4/15/21 1:00,0,0,0
4/15/21 2:00,3,2,1
4/15/21 3:00,1,0,1
4/15/21 4:00,4,4,0
4/15/21 5:00,29,24,5
4/15/21 6:00,57,49,8
4/15/21 7:00,62,54,8
4/15/21 8:00,78,64,14
4/15/21 9:00,38,29,9
4/15/21 10:00,44,26,18
4/15/21 11:00,56,37,19
4/15/21 12:00,38,23,15
4/15/21 13:00,55,28,27
4/15/21 14:00,78,38,40
4/15/21 15:00,63,20,43
4/15/21 16:00,96,36,60
4/15/21 17:00,169,43,126
4/15/21 18:00,100,40,60
4/15/21 19:00,78,16,62
4/15/21 20:00,32,13,19
4/15/21 21:00,21,5,16
4/15/21 22:00,14,10,4
4/15/21 23:00,9,7,2
4/16/21 0:00,6,3,3
4/16/21 1:00,1,1,0
4/16/21 2:00,4,1,3
4/16/21 3:00,1,1,0
4/16/21 4:00,4,3,1
4/16/21 5:00,28,22,6
4/16/21 6:00,47,41,6
4/16/21 7:00,61,53,8
4/16/21 8:00,59,47,12
4/16/21 9:00,48,28,20
4/16/21 10:00,45,25,20
4/16/21 11:00,54,26,28
4/16/21 12:00,55,27,28
4/16/21 13:00,56,26,30
4/16/21 14:00,88,40,48
4/16/21 15:00,82,23,59
4/16/21 16:00,114,39,75
4/16/21 17:00,93,34,59
4/16/21 18:00,66,27,39
4/16/21 19:00,37,10,27
4/16/21 20:00,26,11,15
4/16/21 21:00,19,7,12
4/16/21 22:00,9,2,7
4/16/21 23:00,4,1,3
4/17/21 0:00,3,0,3
4/17/21 1:00,1,0,1
4/17/21 2:00,1,0,1
4/17/21 3:00,2,2,0
4/17/21 4:00,1,1,0
4/17/21 5:00,5,3,2
4/17/21 6:00,13,11,2
4/17/21 7:00,20,12,8
4/17/21 8:00,54,29,25
4/17/21 9:00,52,24,28
4/17/21 10:00,81,49,32
4/17/21 11:00,84,41,43
4/17/21 12:00,95,44,51
4/17/21 13:00,136,62,74
4/17/21 14:00,104,48,56
4/17/21 15:00,129,64,65
4/17/21 16:00,106,53,53
4/17/21 17:00,62,29,33
4/17/21 18:00,65,40,25
4/17/21 19:00,48,24,24
4/17/21 20:00,28,6,22
4/17/21 21:00,20,9,11
4/17/21 22:00,16,8,8
4/17/21 23:00,5,2,3
4/18/21 0:00,3,2,1
4/18/21 1:00,4,0,4
4/18/21 2:00,0,0,0
4/18/21 3:00,1,0,1
4/18/21 4:00,2,2,0
4/18/21 5:00,5,3,2
4/18/21 6:00,10,7,3
4/18/21 7:00,16,13,3
4/18/21 8:00,25,12,13
4/18/21 9:00,65,32,33
4/18/21 10:00,100,38,62
4/18/21 11:00,93,45,48
4/18/21 12:00,145,89,56
4/18/21 13:00,109,54,55
4/18/21 14:00,134,58,76
4/18/21 15:00,105,47,58
4/18/21 16:00,119,58,61
4/18/21 17:00,72,42,30
4/18/21 18:00,67,40,27
4/18/21 19:00,34,20,14
4/18/21 20:00,22,15,7
4/18/21 21:00,10,4,6
4/18/21 22:00,2,1,1
4/18/21 23:00,2,2,0
4/19/21 0:00,4,4,0
4/19/21 1:00,2,1,1
4/19/21 2:00,3,2,1
4/19/21 3:00,0,0,0
4/19/21 4:00,4,4,0
4/19/21 5:00,33,26,7
4/19/21 6:00,59,52,7
4/19/21 7:00,75,68,7
4/19/21 8:00,69,54,15
4/19/21 9:00,46,37,9
4/19/21 10:00,32,17,15
4/19/21 11:00,30,19,11
4/19/21 12:00,39,20,19
4/19/21 13:00,30,11,19
4/19/21 14:00,39,16,23
4/19/21 15:00,68,27,41
4/19/21 16:00,102,31,71
4/19/21 17:00,134,31,103
4/19/21 18:00,84,25,59
4/19/21 19:00,37,13,24
4/19/21 20:00,16,6,10
4/19/21 21:00,10,4,6
4/19/21 22:00,9,1,8
4/19/21 23:00,2,0,2
4/20/21 0:00,1,0,1
4/20/21 1:00,0,0,0
4/20/21 2:00,1,0,1
4/20/21 3:00,1,1,0
4/20/21 4:00,6,5,1
4/20/21 5:00,36,29,7
4/20/21 6:00,75,67,8
4/20/21 7:00,84,67,17
4/20/21 8:00,82,62,20
4/20/21 9:00,41,29,12
4/20/21 10:00,45,28,17
4/20/21 11:00,31,15,16
4/20/21 12:00,40,24,16
4/20/21 13:00,50,21,29
4/20/21 14:00,53,21,32
4/20/21 15:00,81,33,48
4/20/21 16:00,118,39,79
4/20/21 17:00,147,35,112
4/20/21 18:00,111,32,79
4/20/21 19:00,60,24,36
4/20/21 20:00,26,13,13
4/20/21 21:00,11,6,5
4/20/21 22:00,4,1,3
4/20/21 23:00,6,3,3
4/21/21 0:00,1,1,0
4/21/21 1:00,1,1,0
4/21/21 2:00,1,1,0
4/21/21 3:00,2,1,1
4/21/21 4:00,5,3,2
4/21/21 5:00,33,24,9
4/21/21 6:00,69,62,7
4/21/21 7:00,79,71,8
4/21/21 8:00,57,47,10
4/21/21 9:00,42,34,8
4/21/21 10:00,38,21,17
4/21/21 11:00,35,22,13
4/21/21 12:00,37,19,18
4/21/21 13:00,57,33,24
4/21/21 14:00,77,38,39
4/21/21 15:00,73,33,40
4/21/21 16:00,132,48,84
4/21/21 17:00,157,43,114
4/21/21 18:00,81,18,63
4/21/21 19:00,57,13,44
4/21/21 20:00,32,12,20
4/21/21 21:00,14,4,10
4/21/21 22:00,12,2,10
4/21/21 23:00,8,4,4
4/22/21 0:00,5,3,2
4/22/21 1:00,0,0,0
4/22/21 2:00,3,1,2
4/22/21 3:00,3,1,2
4/22/21 4:00,4,4,0
4/22/21 5:00,32,25,7
4/22/21 6:00,57,46,11
4/22/21 7:00,81,66,15
4/22/21 8:00,68,57,11
4/22/21 9:00,43,31,12
4/22/21 10:00,25,19,6
4/22/21 11:00,26,15,11
4/22/21 12:00,28,16,12
4/22/21 13:00,40,24,16
4/22/21 14:00,44,15,29
4/22/21 15:00,62,28,34
4/22/21 16:00,117,41,76
4/22/21 17:00,132,29,103
4/22/21 18:00,75,23,52
4/22/21 19:00,58,18,40
4/22/21 20:00,25,13,12
4/22/21 21:00,9,3,6
4/22/21 22:00,10,2,8
4/22/21 23:00,12,3,9
4/23/21 0:00,3,2,1
4/23/21 1:00,4,4,0
4/23/21 2:00,2,1,1
4/23/21 3:00,1,0,1
4/23/21 4:00,3,3,0
4/23/21 5:00,35,24,11
4/23/21 6:00,51,44,7
4/23/21 7:00,70,56,14
4/23/21 8:00,57,45,12
4/23/21 9:00,35,26,9
4/23/21 10:00,36,18,18
4/23/21 11:00,31,22,9
4/23/21 12:00,39,14,25
4/23/21 13:00,40,22,18
4/23/21 14:00,52,23,29
4/23/21 15:00,94,42,52
4/23/21 16:00,92,29,63
4/23/21 17:00,117,34,83
4/23/21 18:00,68,18,50
4/23/21 19:00,34,12,22
4/23/21 20:00,25,9,16
4/23/21 21:00,11,7,4
4/23/21 22:00,13,6,7
4/23/21 23:00,3,2,1
4/24/21 0:00,3,0,3
4/24/21 1:00,0,0,0
4/24/21 2:00,0,0,0
4/24/21 3:00,3,1,2
4/24/21 4:00,2,1,1
4/24/21 5:00,3,3,0
4/24/21 6:00,5,3,2
4/24/21 7:00,5,3,2
4/24/21 8:00,10,5,5
4/24/21 9:00,17,10,7
4/24/21 10:00,10,3,7
4/24/21 11:00,23,13,10
4/24/21 12:00,12,8,4
4/24/21 13:00,26,14,12
4/24/21 14:00,15,8,7
4/24/21 15:00,15,9,6
4/24/21 16:00,16,4,12
4/24/21 17:00,12,3,9
4/24/21 18:00,9,6,3
4/24/21 19:00,15,7,8
4/24/21 20:00,6,4,2
4/24/21 21:00,2,0,2
4/24/21 22:00,4,0,4
4/24/21 23:00,1,0,1
4/25/21 0:00,,,
4/25/21 1:00,,,
4/25/21 2:00,,,
4/25/21 3:00,,,
4/25/21 4:00,,,
4/25/21 5:00,,,
4/25/21 6:00,,,
4/25/21 7:00,,,
4/25/21 8:00,,,
4/25/21 9:00,,,
4/25/21 10:00,,,
4/25/21 11:00,,,
4/25/21 12:00,,,
4/25/21 13:00,,,
4/25/21 14:00,,,
4/25/21 15:00,,,
4/25/21 16:00,,,
4/25/21 17:00,,,
4/25/21 18:00,,,
4/25/21 19:00,,,
4/25/21 20:00,,,
4/25/21 21:00,,,
4/25/21 22:00,,,
4/25/21 23:00,,,
4/26/21 0:00,,,
4/26/21 1:00,,,
4/26/21 2:00,,,
4/26/21 3:00,,,
4/26/21 4:00,,,
4/26/21 5:00,,,
4/26/21 6:00,,,
4/26/21 7:00,,,
4/26/21 8:00,,,
4/26/21 9:00,,,
4/26/21 10:00,,,
4/26/21 11:00,,,
4/26/21 12:00,,,
4/26/21 13:00,,,
4/26/21 14:00,,,
4/26/21 15:00,,,
4/26/21 16:00,,,
4/26/21 17:00,,,
4/26/21 18:00,,,
4/26/21 19:00,,,
4/26/21 20:00,,,
4/26/21 21:00,,,
4/26/21 22:00,,,
4/26/21 23:00,,,
4/27/21 0:00,,,
4/27/21 1:00,,,
4/27/21 2:00,,,
4/27/21 3:00,,,
4/27/21 4:00,,,
4/27/21 5:00,0,0,0
4/27/21 6:00,0,0,0
4/27/21 7:00,0,0,0
4/27/21 8:00,0,0,0
4/27/21 9:00,0,0,0
4/27/21 10:00,0,0,0
4/27/21 11:00,0,0,0
4/27/21 12:00,0,0,0
4/27/21 13:00,0,0,0
4/27/21 14:00,0,0,0
4/27/21 15:00,0,0,0
4/27/21 16:00,101,28,73
4/27/21 17:00,122,30,92
4/27/21 18:00,65,18,47
4/27/21 19:00,49,19,30
4/27/21 20:00,11,4,7
4/27/21 21:00,10,0,10
4/27/21 22:00,11,5,6
4/27/21 23:00,1,0,1
4/28/21 0:00,2,1,1
4/28/21 1:00,3,1,2
4/28/21 2:00,3,1,2
4/28/21 3:00,2,2,0
4/28/21 4:00,5,5,0
4/28/21 5:00,30,20,10
4/28/21 6:00,73,63,10
4/28/21 7:00,70,63,7
4/28/21 8:00,67,57,10
4/28/21 9:00,50,37,13
4/28/21 10:00,30,22,8
4/28/21 11:00,29,20,9
4/28/21 12:00,48,24,24
4/28/21 13:00,31,16,15
4/28/21 14:00,46,19,27
4/28/21 15:00,69,26,43
4/28/21 16:00,97,23,74
4/28/21 17:00,127,27,100
4/28/21 18:00,79,22,57
4/28/21 19:00,49,15,34
4/28/21 20:00,19,4,15
4/28/21 21:00,16,4,12
4/28/21 22:00,10,3,7
4/28/21 23:00,6,3,3
4/29/21 0:00,4,3,1
4/29/21 1:00,1,0,1
4/29/21 2:00,1,1,0
4/29/21 3:00,0,0,0
4/29/21 4:00,6,4,2
4/29/21 5:00,30,24,6
4/29/21 6:00,72,57,15
4/29/21 7:00,85,73,12
4/29/21 8:00,72,58,14
4/29/21 9:00,59,44,15
4/29/21 10:00,41,27,14
4/29/21 11:00,43,22,21
4/29/21 12:00,38,23,15
4/29/21 13:00,54,24,30
4/29/21 14:00,62,29,33
4/29/21 15:00,83,36,47
4/29/21 16:00,145,44,101
4/29/21 17:00,134,42,92
4/29/21 18:00,114,39,75
4/29/21 19:00,70,26,44
4/29/21 20:00,34,14,20
4/29/21 21:00,26,8,18
4/29/21 22:00,8,1,7
4/29/21 23:00,2,1,1
4/30/21 0:00,3,0,3
4/30/21 1:00,0,0,0
4/30/21 2:00,3,2,1
4/30/21 3:00,3,3,0
4/30/21 4:00,4,3,1
4/30/21 5:00,23,17,6
4/30/21 6:00,51,41,10
4/30/21 7:00,52,43,9
4/30/21 8:00,35,29,6
4/30/21 9:00,20,15,5
4/30/21 10:00,13,10,3
4/30/21 11:00,15,7,8
4/30/21 12:00,18,10,8
4/30/21 13:00,20,10,10
4/30/21 14:00,38,19,19
4/30/21 15:00,58,23,35
4/30/21 16:00,71,24,47
4/30/21 17:00,73,14,59
4/30/21 18:00,61,25,36
4/30/21 19:00,49,13,36
4/30/21 20:00,26,10,16
4/30/21 21:00,13,5,8
4/30/21 22:00,17,9,8
4/30/21 23:00,8,3,5
5/4/21 3:00,1,0,1
5/4/21 4:00,3,2,1
5/4/21 5:00,29,22,7
5/4/21 6:00,51,41,10
5/4/21 7:00,62,56,6
5/4/21 8:00,85,72,13
5/4/21 9:00,50,38,12
5/4/21 10:00,27,19,8
5/4/21 11:00,20,10,10
5/4/21 12:00,30,16,14
5/4/21 13:00,42,21,21
5/4/21 14:00,46,23,23
5/4/21 15:00,81,33,48
5/4/21 16:00,110,44,66
5/4/21 17:00,129,29,100
5/4/21 18:00,113,33,80
5/4/21 19:00,56,23,33
5/4/21 20:00,35,21,14
5/4/21 21:00,19,4,15
5/4/21 22:00,10,4,6
5/4/21 23:00,14,9,5
5/5/21 0:00,4,1,3
5/5/21 1:00,3,1,2
5/5/21 2:00,3,1,2
5/5/21 3:00,3,3,0
5/5/21 4:00,5,4,1
5/5/21 5:00,41,31,10
5/5/21 6:00,64,60,4
5/5/21 7:00,78,69,9
5/5/21 8:00,67,60,7
5/5/21 9:00,50,36,14
5/5/21 10:00,44,24,20
5/5/21 11:00,36,31,5
5/5/21 12:00,32,17,15
5/5/21 13:00,43,19,24
5/5/21 14:00,49,18,31
5/5/21 15:00,92,31,61
5/5/21 16:00,88,21,67
5/5/21 17:00,138,29,109
5/5/21 18:00,92,30,62
5/5/21 19:00,48,14,34
5/5/21 20:00,32,15,17
5/5/21 21:00,13,5,8
5/5/21 22:00,6,3,3
5/5/21 23:00,8,3,5
5/6/21 0:00,5,2,3
5/6/21 1:00,5,3,2
5/6/21 2:00,2,2,0
5/6/21 3:00,4,1,3
5/6/21 4:00,5,5,0
5/6/21 5:00,30,21,9
5/6/21 6:00,52,40,12
5/6/21 7:00,66,52,14
5/6/21 8:00,76,68,8
5/6/21 9:00,39,32,7
5/6/21 10:00,34,22,12
5/6/21 11:00,32,17,15
5/6/21 12:00,32,15,17
5/6/21 13:00,36,19,17
5/6/21 14:00,35,14,21
5/6/21 15:00,57,17,40
5/6/21 16:00,74,15,59
5/6/21 17:00,84,24,60
5/6/21 18:00,59,11,48
5/6/21 19:00,31,13,18
5/6/21 20:00,22,10,12
5/6/21 21:00,10,3,7
5/6/21 22:00,5,2,3
5/6/21 23:00,9,0,9
5/7/21 0:00,3,3,0
5/7/21 1:00,0,0,0
5/7/21 2:00,1,1,0
5/7/21 3:00,1,0,1
5/7/21 4:00,2,2,0
5/7/21 5:00,32,23,9
5/7/21 6:00,36,29,7
5/7/21 7:00,49,41,8
5/7/21 8:00,41,36,5
5/7/21 9:00,36,28,8
5/7/21 10:00,24,15,9
5/7/21 11:00,20,11,9
5/7/21 12:00,31,15,16
5/7/21 13:00,19,6,13
5/7/21 14:00,25,9,16
5/7/21 15:00,42,16,26
5/7/21 16:00,55,18,37
5/7/21 17:00,68,20,48
5/7/21 18:00,42,8,34
5/7/21 19:00,28,7,21
5/7/21 20:00,18,7,11
5/7/21 21:00,10,7,3
5/7/21 22:00,3,1,2
5/7/21 23:00,3,0,3
5/8/21 0:00,,,
5/8/21 1:00,,,
5/8/21 2:00,,,
5/8/21 3:00,,,
5/8/21 4:00,,,
5/8/21 5:00,,,
5/8/21 6:00,,,
5/8/21 7:00,,,
5/8/21 8:00,,,
5/8/21 9:00,,,
5/8/21 10:00,,,
5/8/21 11:00,,,
5/8/21 12:00,,,
5/8/21 13:00,,,
5/8/21 14:00,,,
5/8/21 15:00,,,
5/8/21 16:00,,,
5/8/21 17:00,,,
5/8/21 18:00,,,
5/8/21 19:00,,,
5/8/21 20:00,,,
5/8/21 21:00,,,
5/8/21 22:00,,,
5/8/21 23:00,,,
5/9/21 0:00,,,
5/9/21 1:00,,,
5/9/21 2:00,,,
5/9/21 3:00,,,
5/9/21 4:00,,,
5/9/21 5:00,,,
5/9/21 6:00,,,
5/9/21 7:00,,,
5/9/21 8:00,,,
5/9/21 9:00,,,
5/9/21 10:00,,,
5/9/21 11:00,,,
5/9/21 12:00,,,
5/9/21 13:00,,,
5/9/21 14:00,,,
5/9/21 15:00,,,
5/9/21 16:00,,,
5/9/21 17:00,,,
5/9/21 18:00,,,
5/9/21 19:00,,,
5/9/21 20:00,,,
5/9/21 21:00,,,
5/9/21 22:00,,,
5/9/21 23:00,,,
5/10/21 0:00,0,0,0
5/10/21 1:00,0,0,0
5/10/21 2:00,0,0,0
5/10/21 3:00,0,0,0
5/10/21 4:00,0,0,0
5/10/21 5:00,0,0,0
5/10/21 6:00,0,0,0
5/10/21 7:00,0,0,0
5/10/21 8:00,0,0,0
5/10/21 9:00,0,0,0
5/10/21 10:00,0,0,0
5/10/21 11:00,0,0,0
5/10/21 12:00,0,0,0
5/10/21 13:00,0,0,0
5/10/21 14:00,0,0,0
5/10/21 15:00,0,0,0
5/10/21 16:00,0,0,0
5/10/21 17:00,0,0,0
5/10/21 18:00,0,0,0
5/10/21 19:00,0,0,0
5/10/21 20:00,0,0,0
5/10/21 21:00,0,0,0
5/10/21 22:00,0,0,0
5/10/21 23:00,0,0,0
5/11/21 0:00,0,0,0
5/11/21 1:00,0,0,0
5/11/21 2:00,0,0,0
5/11/21 3:00,0,0,0
5/11/21 4:00,0,0,0
5/11/21 5:00,,,
5/11/21 6:00,,,
5/11/21 7:00,,,
5/11/21 8:00,,,
5/11/21 9:00,,,
5/11/21 10:00,,,
5/11/21 11:00,,,
5/11/21 12:00,,,
5/11/21 13:00,,,
5/11/21 14:00,,,
5/11/21 15:00,,,
5/11/21 16:00,,,
5/11/21 17:00,,,
5/11/21 18:00,,,
5/11/21 19:00,,,
5/11/21 20:00,,,
5/11/21 21:00,,,
5/11/21 22:00,,,
5/11/21 23:00,,,
5/12/21 0:00,,,
5/12/21 1:00,,,
5/12/21 2:00,,,
5/12/21 3:00,,,
5/12/21 4:00,,,
5/12/21 5:00,,,
5/12/21 6:00,,,
5/12/21 7:00,,,
5/12/21 8:00,,,
5/12/21 9:00,,,
5/12/21 10:00,,,
5/12/21 11:00,,,
5/12/21 12:00,,,
5/12/21 13:00,,,
5/12/21 14:00,,,
5/12/21 15:00,,,
5/12/21 16:00,,,
5/12/21 17:00,,,
5/12/21 18:00,,,
5/12/21 19:00,,,
5/12/21 20:00,,,
5/12/21 21:00,,,
5/12/21 22:00,,,
5/12/21 23:00,,,
5/13/21 0:00,,,
5/13/21 1:00,,,
5/13/21 2:00,,,
5/13/21 3:00,,,
5/13/21 4:00,,,
5/13/21 5:00,,,
5/13/21 6:00,,,
5/13/21 7:00,,,
5/13/21 8:00,,,
5/13/21 9:00,,,
5/13/21 10:00,,,
5/13/21 11:00,,,
5/13/21 12:00,,,
5/13/21 13:00,,,
5/13/21 14:00,,,
5/13/21 15:00,,,
5/13/21 16:00,,,
5/13/21 17:00,,,
5/13/21 18:00,,,
5/13/21 19:00,,,
5/13/21 20:00,,,
5/13/21 21:00,,,
5/13/21 22:00,,,
5/13/21 23:00,,,
5/14/21 0:00,,,
5/14/21 1:00,,,
5/14/21 2:00,,,
5/14/21 3:00,,,
5/14/21 4:00,,,
5/14/21 5:00,,,
5/14/21 6:00,,,
5/14/21 7:00,,,
5/14/21 8:00,,,
5/14/21 9:00,,,
5/14/21 10:00,,,
5/14/21 11:00,,,
5/14/21 12:00,,,
5/14/21 13:00,,,
5/14/21 14:00,,,
5/14/21 15:00,,,
5/14/21 16:00,,,
5/14/21 17:00,,,
5/14/21 18:00,,,
5/14/21 19:00,,,
5/14/21 20:00,,,
5/14/21 21:00,,,
5/14/21 22:00,,,
5/14/21 23:00,,,
5/15/21 0:00,,,
5/15/21 1:00,,,
5/15/21 2:00,,,
5/15/21 3:00,,,
5/15/21 4:00,,,
5/15/21 5:00,,,
5/15/21 6:00,,,
5/15/21 7:00,,,
5/15/21 8:00,,,
5/15/21 9:00,,,
5/15/21 10:00,,,
5/15/21 11:00,,,
5/15/21 12:00,,,
5/15/21 13:00,,,
5/15/21 14:00,,,
5/15/21 15:00,,,
5/15/21 16:00,,,
5/15/21 17:00,,,
5/15/21 18:00,,,
5/15/21 19:00,,,
5/15/21 20:00,,,
5/15/21 21:00,,,
5/15/21 22:00,,,
5/15/21 23:00,,,
5/16/21 0:00,,,
5/16/21 1:00,,,
5/16/21 2:00,,,
5/16/21 3:00,,,
5/16/21 4:00,,,
5/16/21 5:00,,,
5/16/21 6:00,,,
5/16/21 7:00,,,
5/16/21 8:00,,,
5/16/21 9:00,,,
5/16/21 10:00,,,
5/16/21 11:00,,,
5/16/21 12:00,,,
5/16/21 13:00,,,
5/16/21 14:00,,,
5/16/21 15:00,,,
5/16/21 16:00,,,
5/16/21 17:00,,,
5/16/21 18:00,,,
5/16/21 19:00,,,
5/16/21 20:00,,,
5/16/21 21:00,,,
5/16/21 22:00,,,
5/16/21 23:00,,,
5/17/21 0:00,,,
5/17/21 1:00,,,
5/17/21 2:00,,,
5/17/21 3:00,,,
5/17/21 4:00,,,
5/17/21 5:00,,,
5/17/21 6:00,,,
5/17/21 7:00,,,
5/17/21 8:00,,,
5/17/21 9:00,,,
5/17/21 10:00,,,
5/17/21 11:00,,,
5/17/21 12:00,,,
5/17/21 13:00,,,
5/17/21 14:00,,,
5/17/21 15:00,,,
5/17/21 16:00,,,
5/17/21 17:00,,,
5/17/21 18:00,,,
5/17/21 19:00,,,
5/17/21 20:00,,,
5/17/21 21:00,,,
5/17/21 22:00,,,
5/17/21 23:00,,,
5/18/21 0:00,,,
5/18/21 1:00,,,
5/18/21 2:00,,,
5/18/21 3:00,,,
5/18/21 4:00,,,
5/18/21 5:00,,,
5/18/21 6:00,,,
5/18/21 7:00,,,
5/18/21 8:00,,,
5/18/21 9:00,,,
5/18/21 10:00,,,
5/18/21 11:00,,,
5/18/21 12:00,,,
5/18/21 13:00,,,
5/18/21 14:00,,,
5/18/21 15:00,,,
5/18/21 16:00,,,
5/18/21 17:00,,,
5/18/21 18:00,,,
5/18/21 19:00,,,
5/18/21 20:00,,,
5/18/21 21:00,,,
5/18/21 22:00,,,
5/18/21 23:00,,,
5/19/21 0:00,,,
5/19/21 1:00,,,
5/19/21 2:00,,,
5/19/21 3:00,,,
5/19/21 4:00,,,
5/19/21 5:00,,,
5/19/21 6:00,,,
5/19/21 7:00,,,
5/19/21 8:00,,,
5/19/21 9:00,,,
5/19/21 10:00,,,
5/19/21 11:00,,,
5/19/21 12:00,,,
5/19/21 13:00,,,
5/19/21 14:00,,,
5/19/21 15:00,,,
5/19/21 16:00,,,
5/19/21 17:00,,,
5/19/21 18:00,,,
5/19/21 19:00,,,
5/19/21 20:00,,,
5/19/21 21:00,,,
5/19/21 22:00,,,
5/19/21 23:00,,,
5/20/21 0:00,,,
5/20/21 1:00,,,
5/20/21 2:00,,,
5/20/21 3:00,,,
5/20/21 4:00,,,
5/20/21 5:00,,,
5/20/21 6:00,,,
5/20/21 7:00,,,
5/20/21 8:00,,,
5/20/21 9:00,,,
5/20/21 10:00,,,
5/20/21 11:00,,,
5/20/21 12:00,,,
5/20/21 13:00,,,
5/20/21 14:00,,,
5/20/21 15:00,,,
5/20/21 16:00,,,
5/20/21 17:00,,,
5/20/21 18:00,,,
5/20/21 19:00,,,
5/20/21 20:00,,,
5/20/21 21:00,,,
5/20/21 22:00,,,
5/20/21 23:00,,,
5/21/21 0:00,,,
5/21/21 1:00,,,
5/21/21 2:00,,,
5/21/21 3:00,,,
5/21/21 4:00,,,
5/21/21 5:00,,,
5/21/21 6:00,,,
5/21/21 7:00,,,
5/21/21 8:00,,,
5/21/21 9:00,,,
5/21/21 10:00,,,
5/21/21 11:00,,,
5/21/21 12:00,,,
5/21/21 13:00,,,
5/21/21 14:00,,,
5/21/21 15:00,,,
5/21/21 16:00,,,
5/21/21 17:00,,,
5/21/21 18:00,,,
5/21/21 19:00,,,
5/21/21 20:00,,,
5/21/21 21:00,,,
5/21/21 22:00,,,
5/21/21 23:00,,,
5/22/21 0:00,,,
5/22/21 1:00,,,
5/22/21 2:00,,,
5/22/21 3:00,,,
5/22/21 4:00,,,
5/22/21 5:00,,,
5/22/21 6:00,,,
5/22/21 7:00,,,
5/22/21 8:00,,,
5/22/21 9:00,,,
5/22/21 10:00,,,
5/22/21 11:00,,,
5/22/21 12:00,,,
5/22/21 13:00,,,
5/22/21 14:00,,,
5/22/21 15:00,,,
5/22/21 16:00,,,
5/22/21 17:00,,,
5/22/21 18:00,,,
5/22/21 19:00,,,
5/22/21 20:00,,,
5/22/21 21:00,,,
5/22/21 22:00,,,
5/22/21 23:00,,,
5/23/21 0:00,,,
5/23/21 1:00,,,
5/23/21 2:00,,,
5/23/21 3:00,,,
5/23/21 4:00,,,
5/23/21 5:00,,,
5/23/21 6:00,,,
5/23/21 7:00,,,
5/23/21 8:00,,,
5/23/21 9:00,,,
5/23/21 10:00,,,
5/23/21 11:00,,,
5/23/21 12:00,,,
5/23/21 13:00,,,
5/23/21 14:00,,,
5/23/21 15:00,,,
5/23/21 16:00,,,
5/23/21 17:00,,,
5/23/21 18:00,,,
5/23/21 19:00,,,
5/23/21 20:00,,,
5/23/21 21:00,,,
5/23/21 22:00,,,
5/23/21 23:00,,,
5/24/21 0:00,,,
5/24/21 1:00,,,
5/24/21 2:00,,,
5/24/21 3:00,,,
5/24/21 4:00,,,
5/24/21 5:00,,,
5/24/21 6:00,,,
5/24/21 7:00,,,
5/24/21 8:00,,,
5/24/21 9:00,,,
5/24/21 10:00,,,
5/24/21 11:00,,,
5/24/21 12:00,,,
5/24/21 13:00,,,
5/24/21 14:00,,,
5/24/21 15:00,,,
5/24/21 16:00,,,
5/24/21 17:00,,,
5/24/21 18:00,,,
5/24/21 19:00,,,
5/24/21 20:00,,,
5/24/21 21:00,,,
5/24/21 22:00,,,
5/24/21 23:00,,,
5/25/21 0:00,,,
5/25/21 1:00,,,
5/25/21 2:00,,,
5/25/21 3:00,,,
5/25/21 4:00,,,
5/25/21 5:00,,,
5/25/21 6:00,,,
5/25/21 7:00,,,
5/25/21 8:00,,,
5/25/21 9:00,,,
5/25/21 10:00,,,
5/25/21 11:00,,,
5/25/21 12:00,,,
5/25/21 13:00,,,
5/25/21 14:00,,,
5/25/21 15:00,,,
5/25/21 16:00,,,
5/25/21 17:00,,,
5/25/21 18:00,,,
5/25/21 19:00,,,
5/25/21 20:00,,,
5/25/21 21:00,,,
5/25/21 22:00,,,
5/25/21 23:00,,,
5/26/21 0:00,,,
5/26/21 1:00,,,
5/26/21 2:00,,,
5/26/21 3:00,,,
5/26/21 4:00,,,
5/26/21 5:00,,,
5/26/21 6:00,,,
5/26/21 7:00,,,
5/26/21 8:00,,,
5/26/21 9:00,,,
5/26/21 10:00,,,
5/26/21 11:00,,,
5/26/21 12:00,,,
5/26/21 13:00,,,
5/26/21 14:00,,,
5/26/21 15:00,,,
5/26/21 16:00,,,
5/26/21 17:00,,,
5/26/21 18:00,,,
5/26/21 19:00,,,
5/26/21 20:00,,,
5/26/21 21:00,,,
5/26/21 22:00,,,
5/26/21 23:00,,,
5/27/21 0:00,,,
5/27/21 1:00,,,
5/27/21 2:00,,,
5/27/21 3:00,,,
5/27/21 4:00,,,
5/27/21 5:00,,,
5/27/21 6:00,,,
5/27/21 7:00,,,
5/27/21 8:00,,,
5/27/21 9:00,,,
5/27/21 10:00,,,
5/27/21 11:00,,,
5/27/21 12:00,,,
5/27/21 13:00,,,
5/27/21 14:00,,,
5/27/21 15:00,,,
5/27/21 16:00,,,
5/27/21 17:00,,,
5/27/21 18:00,,,
5/27/21 19:00,,,
5/27/21 20:00,,,
5/27/21 21:00,,,
5/27/21 22:00,,,
5/27/21 23:00,,,
5/28/21 0:00,0,0,0
5/28/21 1:00,0,0,0
5/28/21 2:00,0,0,0
5/28/21 3:00,0,0,0
5/28/21 4:00,0,0,0
5/28/21 5:00,0,0,0
5/28/21 6:00,0,0,0
5/28/21 7:00,0,0,0
5/28/21 8:00,0,0,0
5/28/21 9:00,0,0,0
5/28/21 10:00,0,0,0
5/28/21 11:00,0,0,0
5/28/21 12:00,0,0,0
5/28/21 13:00,0,0,0
5/28/21 14:00,0,0,0
5/28/21 15:00,1,0,1
5/28/21 16:00,15,8,7
5/28/21 17:00,84,60,24
5/28/21 18:00,58,32,26
5/28/21 19:00,34,26,8
5/28/21 20:00,34,22,12
5/28/21 21:00,20,14,6
5/28/21 22:00,13,7,6
5/28/21 23:00,2,1,1
5/29/21 0:00,6,6,0
5/29/21 1:00,0,0,0
5/29/21 2:00,1,0,1
5/29/21 3:00,0,0,0
5/29/21 4:00,2,0,2
5/29/21 5:00,3,1,2
5/29/21 6:00,12,2,10
5/29/21 7:00,11,3,8
5/29/21 8:00,56,29,27
5/29/21 9:00,52,20,32
5/29/21 10:00,54,16,38
5/29/21 11:00,84,47,37
5/29/21 12:00,103,69,34
5/29/21 13:00,126,68,58
5/29/21 14:00,102,53,49
5/29/21 15:00,66,35,31
5/29/21 16:00,98,44,54
5/29/21 17:00,63,28,35
5/29/21 18:00,49,24,25
5/29/21 19:00,27,19,8
5/29/21 20:00,19,10,9
5/29/21 21:00,21,10,11
5/29/21 22:00,19,13,6
5/29/21 23:00,7,7,0
5/30/21 0:00,15,4,11
5/30/21 1:00,3,3,0
5/30/21 2:00,1,1,0
5/30/21 3:00,0,0,0
5/30/21 4:00,5,2,3
5/30/21 5:00,2,0,2
5/30/21 6:00,11,5,6
5/30/21 7:00,27,10,17
5/30/21 8:00,30,17,13
5/30/21 9:00,45,19,26
5/30/21 10:00,86,42,44
5/30/21 11:00,66,33,33
5/30/21 12:00,83,39,44
5/30/21 13:00,81,29,52
5/30/21 14:00,57,27,30
5/30/21 15:00,71,51,20
5/30/21 16:00,68,32,36
5/30/21 17:00,39,17,22
5/30/21 18:00,40,19,21
5/30/21 19:00,62,38,24
5/30/21 20:00,18,12,6
5/30/21 21:00,8,3,5
5/30/21 22:00,8,5,3
5/30/21 23:00,7,5,2
5/31/21 0:00,5,3,2
5/31/21 1:00,3,2,1
5/31/21 2:00,1,1,0
5/31/21 3:00,6,2,4
5/31/21 4:00,2,1,1
5/31/21 5:00,4,2,2
5/31/21 6:00,14,5,9
5/31/21 7:00,16,6,10
5/31/21 8:00,27,13,14
5/31/21 9:00,52,15,37
5/31/21 10:00,65,33,32
5/31/21 11:00,99,45,54
5/31/21 12:00,127,57,70
5/31/21 13:00,98,54,44
5/31/21 14:00,116,61,55
5/31/21 15:00,81,43,38
5/31/21 16:00,85,45,40
5/31/21 17:00,72,42,30
5/31/21 18:00,51,32,19
5/31/21 19:00,22,11,11
5/31/21 20:00,24,14,10
5/31/21 21:00,13,7,6
5/31/21 22:00,5,3,2
5/31/21 23:00,10,6,4
6/1/21 0:00,6,3,3
6/1/21 1:00,2,1,1
6/1/21 2:00,3,1,2
6/1/21 3:00,2,1,1
6/1/21 4:00,7,1,6
6/1/21 5:00,29,4,25
6/1/21 6:00,82,8,74
6/1/21 7:00,106,12,94
6/1/21 8:00,84,14,70
6/1/21 9:00,49,9,40
6/1/21 10:00,30,12,18
6/1/21 11:00,37,9,28
6/1/21 12:00,37,23,14
6/1/21 13:00,38,20,18
6/1/21 14:00,54,32,22
6/1/21 15:00,94,61,33
6/1/21 16:00,116,85,31
6/1/21 17:00,150,113,37
6/1/21 18:00,83,59,24
6/1/21 19:00,51,39,12
6/1/21 20:00,26,15,11
6/1/21 21:00,19,11,8
6/1/21 22:00,13,11,2
6/1/21 23:00,11,8,3
6/2/21 0:00,3,1,2
6/2/21 1:00,2,1,1
6/2/21 2:00,4,1,3
6/2/21 3:00,1,0,1
6/2/21 4:00,10,1,9
6/2/21 5:00,30,4,26
6/2/21 6:00,73,7,66
6/2/21 7:00,108,11,97
6/2/21 8:00,85,14,71
6/2/21 9:00,42,10,32
6/2/21 10:00,38,20,18
6/2/21 11:00,49,22,27
6/2/21 12:00,34,15,19
6/2/21 13:00,52,33,19
6/2/21 14:00,50,26,24
6/2/21 15:00,82,58,24
6/2/21 16:00,111,81,30
6/2/21 17:00,139,111,28
6/2/21 18:00,78,55,23
6/2/21 19:00,66,50,16
6/2/21 20:00,51,18,33
6/2/21 21:00,34,12,22
6/2/21 22:00,10,8,2
6/2/21 23:00,8,8,0
6/3/21 0:00,3,3,0
6/3/21 1:00,3,0,3
6/3/21 2:00,4,1,3
6/3/21 3:00,5,3,2
6/3/21 4:00,5,0,5
6/3/21 5:00,40,9,31
6/3/21 6:00,69,8,61
6/3/21 7:00,89,10,79
6/3/21 8:00,90,15,75
6/3/21 9:00,45,10,35
6/3/21 10:00,36,6,30
6/3/21 11:00,40,17,23
6/3/21 12:00,54,28,26
6/3/21 13:00,29,20,9
6/3/21 14:00,74,44,30
6/3/21 15:00,79,44,35
6/3/21 16:00,128,96,32
6/3/21 17:00,142,105,37
6/3/21 18:00,108,78,30
6/3/21 19:00,59,36,23
6/3/21 20:00,33,16,17
6/3/21 21:00,21,13,8
6/3/21 22:00,10,4,6
6/3/21 23:00,5,5,0
6/4/21 0:00,1,0,1
6/4/21 1:00,0,0,0
6/4/21 2:00,2,0,2
6/4/21 3:00,2,2,0
6/4/21 4:00,4,0,4
6/4/21 5:00,30,4,26
6/4/21 6:00,56,6,50
6/4/21 7:00,83,12,71
6/4/21 8:00,74,12,62
6/4/21 9:00,44,9,35
6/4/21 10:00,47,21,26
6/4/21 11:00,36,19,17
6/4/21 12:00,35,12,23
6/4/21 13:00,60,32,28
6/4/21 14:00,49,28,21
6/4/21 15:00,72,42,30
6/4/21 16:00,101,69,32
6/4/21 17:00,111,93,18
6/4/21 18:00,61,40,21
6/4/21 19:00,48,30,18
6/4/21 20:00,24,14,10
6/4/21 21:00,20,19,1
6/4/21 22:00,5,4,1
6/4/21 23:00,3,2,1
6/5/21 0:00,8,4,4
6/5/21 1:00,2,0,2
6/5/21 2:00,2,0,2
6/5/21 3:00,0,0,0
6/5/21 4:00,3,1,2
6/5/21 5:00,5,2,3
6/5/21 6:00,7,0,7
6/5/21 7:00,15,7,8
6/5/21 8:00,28,9,19
6/5/21 9:00,39,23,16
6/5/21 10:00,32,14,18
6/5/21 11:00,69,34,35
6/5/21 12:00,81,45,36
6/5/21 13:00,55,25,30
6/5/21 14:00,71,34,37
6/5/21 15:00,53,33,20
6/5/21 16:00,35,18,17
6/5/21 17:00,33,18,15
6/5/21 18:00,31,17,14
6/5/21 19:00,19,10,9
6/5/21 20:00,17,12,5
6/5/21 21:00,7,5,2
6/5/21 22:00,4,4,0
6/5/21 23:00,3,2,1
6/6/21 0:00,6,3,3
6/6/21 1:00,2,1,1
6/6/21 2:00,1,1,0
6/6/21 3:00,1,0,1
6/6/21 4:00,3,1,2
6/6/21 5:00,3,1,2
6/6/21 6:00,14,4,10
6/6/21 7:00,6,3,3
6/6/21 8:00,21,6,15
6/6/21 9:00,34,18,16
6/6/21 10:00,29,9,20
6/6/21 11:00,34,8,26
6/6/21 12:00,20,9,11
6/6/21 13:00,20,13,7
6/6/21 14:00,18,7,11
6/6/21 15:00,7,4,3
6/6/21 16:00,13,4,9
6/6/21 17:00,16,9,7
6/6/21 18:00,4,1,3
6/6/21 19:00,9,7,2
6/6/21 20:00,13,9,4
6/6/21 21:00,1,1,0
6/6/21 22:00,4,1,3
6/6/21 23:00,2,1,1
6/7/21 0:00,1,1,0
6/7/21 1:00,1,1,0
6/7/21 2:00,0,0,0
6/7/21 3:00,0,0,0
6/7/21 4:00,3,0,3
6/7/21 5:00,18,4,14
6/7/21 6:00,45,4,41
6/7/21 7:00,66,6,60
6/7/21 8:00,67,11,56
6/7/21 9:00,40,9,31
6/7/21 10:00,34,9,25
6/7/21 11:00,21,6,15
6/7/21 12:00,22,12,10
6/7/21 13:00,23,14,9
6/7/21 14:00,42,27,15
6/7/21 15:00,72,46,26
6/7/21 16:00,79,60,19
6/7/21 17:00,107,86,21
6/7/21 18:00,63,42,21
6/7/21 19:00,33,24,9
6/7/21 20:00,20,11,9
6/7/21 21:00,16,10,6
6/7/21 22:00,9,5,4
6/7/21 23:00,5,1,4
6/8/21 0:00,2,2,0
6/8/21 1:00,1,0,1
6/8/21 2:00,2,1,1
6/8/21 3:00,3,0,3
6/8/21 4:00,9,1,8
6/8/21 5:00,29,3,26
6/8/21 6:00,83,12,71
6/8/21 7:00,97,9,88
6/8/21 8:00,88,17,71
6/8/21 9:00,44,11,33
6/8/21 10:00,44,11,33
6/8/21 11:00,43,20,23
6/8/21 12:00,26,11,15
6/8/21 13:00,45,22,23
6/8/21 14:00,40,25,15
6/8/21 15:00,76,46,30
6/8/21 16:00,114,83,31
6/8/21 17:00,122,98,24
6/8/21 18:00,83,60,23
6/8/21 19:00,37,30,7
6/8/21 20:00,28,18,10
6/8/21 21:00,23,18,5
6/8/21 22:00,6,4,2
6/8/21 23:00,2,0,2
6/9/21 0:00,1,1,0
6/9/21 1:00,0,0,0
6/9/21 2:00,8,6,2
6/9/21 3:00,2,1,1
6/9/21 4:00,7,1,6
6/9/21 5:00,30,6,24
6/9/21 6:00,69,6,63
6/9/21 7:00,98,13,85
6/9/21 8:00,80,13,67
6/9/21 9:00,62,6,56
6/9/21 10:00,32,11,21
6/9/21 11:00,47,17,30
6/9/21 12:00,40,15,25
6/9/21 13:00,28,12,16
6/9/21 14:00,59,38,21
6/9/21 15:00,79,51,28
6/9/21 16:00,118,73,45
6/9/21 17:00,157,131,26
6/9/21 18:00,93,62,31
6/9/21 19:00,44,36,8
6/9/21 20:00,48,28,20
6/9/21 21:00,35,23,12
6/9/21 22:00,11,4,7
6/9/21 23:00,8,5,3
6/10/21 0:00,6,5,1
6/10/21 1:00,1,1,0
6/10/21 2:00,2,0,2
6/10/21 3:00,2,0,2
6/10/21 4:00,11,4,7
6/10/21 5:00,27,4,23
6/10/21 6:00,63,5,58
6/10/21 7:00,106,12,94
6/10/21 8:00,87,10,77
6/10/21 9:00,42,9,33
6/10/21 10:00,39,9,30
6/10/21 11:00,42,20,22
6/10/21 12:00,27,11,16
6/10/21 13:00,42,23,19
6/10/21 14:00,45,34,11
6/10/21 15:00,85,50,35
6/10/21 16:00,107,80,27
6/10/21 17:00,127,101,26
6/10/21 18:00,60,49,11
6/10/21 19:00,52,33,19
6/10/21 20:00,50,36,14
6/10/21 21:00,29,18,11
6/10/21 22:00,16,13,3
6/10/21 23:00,22,8,14
6/11/21 0:00,6,1,5
6/11/21 1:00,1,0,1
6/11/21 2:00,2,0,2
6/11/21 3:00,1,1,0
6/11/21 4:00,2,0,2
6/11/21 5:00,22,6,16
6/11/21 6:00,49,3,46
6/11/21 7:00,67,10,57
6/11/21 8:00,53,7,46
6/11/21 9:00,30,7,23
6/11/21 10:00,15,4,11
6/11/21 11:00,14,7,7
6/11/21 12:00,21,12,9
6/11/21 13:00,12,7,5
6/11/21 14:00,24,18,6
6/11/21 15:00,36,27,9
6/11/21 16:00,52,35,17
6/11/21 17:00,59,51,8
6/11/21 18:00,34,21,13
6/11/21 19:00,26,19,7
6/11/21 20:00,13,9,4
6/11/21 21:00,8,6,2
6/11/21 22:00,7,7,0
6/11/21 23:00,3,3,0
6/12/21 0:00,3,3,0
6/12/21 1:00,0,0,0
6/12/21 2:00,1,1,0
6/12/21 3:00,1,0,1
6/12/21 4:00,5,2,3
6/12/21 5:00,7,0,7
6/12/21 6:00,9,1,8
6/12/21 7:00,16,3,13
6/12/21 8:00,42,13,29
6/12/21 9:00,45,18,27
6/12/21 10:00,80,32,48
6/12/21 11:00,115,70,45
6/12/21 12:00,113,62,51
6/12/21 13:00,115,50,65
6/12/21 14:00,126,58,68
6/12/21 15:00,110,69,41
6/12/21 16:00,87,47,40
6/12/21 17:00,56,26,30
6/12/21 18:00,45,29,16
6/12/21 19:00,33,23,10
6/12/21 20:00,22,14,8
6/12/21 21:00,7,5,2
6/12/21 22:00,2,0,2
6/12/21 23:00,5,4,1
6/13/21 0:00,1,0,1
6/13/21 1:00,1,0,1
6/13/21 2:00,2,1,1
6/13/21 3:00,1,0,1
6/13/21 4:00,3,1,2
6/13/21 5:00,1,1,0
6/13/21 6:00,8,4,4
6/13/21 7:00,3,0,3
6/13/21 8:00,11,1,10
6/13/21 9:00,11,8,3
6/13/21 10:00,11,3,8
6/13/21 11:00,18,5,13
6/13/21 12:00,48,34,14
6/13/21 13:00,19,13,6
6/13/21 14:00,35,11,24
6/13/21 15:00,12,4,8
6/13/21 16:00,16,6,10
6/13/21 17:00,9,3,6
6/13/21 18:00,4,1,3
6/13/21 19:00,4,3,1
6/13/21 20:00,5,3,2
6/13/21 21:00,3,2,1
6/13/21 22:00,1,0,1
6/13/21 23:00,2,2,0
6/14/21 0:00,3,1,2
6/14/21 1:00,1,0,1
6/14/21 2:00,0,0,0
6/14/21 3:00,1,0,1
6/14/21 4:00,4,0,4
6/14/21 5:00,24,6,18
6/14/21 6:00,48,3,45
6/14/21 7:00,66,7,59
6/14/21 8:00,54,7,47
6/14/21 9:00,26,4,22
6/14/21 10:00,21,6,15
6/14/21 11:00,18,6,12
6/14/21 12:00,16,6,10
6/14/21 13:00,22,6,16
6/14/21 14:00,0,0,0
6/14/21 15:00,1,0,1
6/14/21 16:00,0,0,0
6/14/21 17:00,48,37,11
6/14/21 18:00,62,47,15
6/14/21 19:00,27,18,9
6/14/21 20:00,20,13,7
6/14/21 21:00,7,3,4
6/14/21 22:00,6,6,0
6/14/21 23:00,4,4,0
6/15/21 0:00,6,4,2
6/15/21 1:00,1,1,0
6/15/21 2:00,1,1,0
6/15/21 3:00,3,0,3
6/15/21 4:00,6,1,5
6/15/21 5:00,35,7,28
6/15/21 6:00,55,8,47
6/15/21 7:00,81,6,75
6/15/21 8:00,90,18,72
6/15/21 9:00,44,11,33
6/15/21 10:00,38,9,29
6/15/21 11:00,33,15,18
6/15/21 12:00,39,21,18
6/15/21 13:00,51,28,23
6/15/21 14:00,52,30,22
6/15/21 15:00,51,35,16
6/15/21 16:00,100,80,20
6/15/21 17:00,103,83,20
6/15/21 18:00,89,71,18
6/15/21 19:00,54,40,14
6/15/21 20:00,22,9,13
6/15/21 21:00,14,11,3
6/15/21 22:00,6,3,3
6/15/21 23:00,7,6,1
6/16/21 0:00,3,2,1
6/16/21 1:00,3,1,2
6/16/21 2:00,3,2,1
6/16/21 3:00,3,1,2
6/16/21 4:00,6,0,6
6/16/21 5:00,31,7,24
6/16/21 6:00,57,5,52
6/16/21 7:00,109,9,100
6/16/21 8:00,75,12,63
6/16/21 9:00,78,14,64
6/16/21 10:00,39,16,23
6/16/21 11:00,40,17,23
6/16/21 12:00,38,21,17
6/16/21 13:00,44,21,23
6/16/21 14:00,61,36,25
6/16/21 15:00,76,57,19
6/16/21 16:00,134,90,44
6/16/21 17:00,126,91,35
6/16/21 18:00,108,76,32
6/16/21 19:00,64,55,9
6/16/21 20:00,45,21,24
6/16/21 21:00,32,23,9
6/16/21 22:00,15,11,4
6/16/21 23:00,3,2,1
6/17/21 0:00,4,4,0
6/17/21 1:00,0,0,0
6/17/21 2:00,5,3,2
6/17/21 3:00,1,1,0
6/17/21 4:00,10,4,6
6/17/21 5:00,28,6,22
6/17/21 6:00,52,9,43
6/17/21 7:00,104,9,95
6/17/21 8:00,101,15,86
6/17/21 9:00,56,13,43
6/17/21 10:00,45,20,25
6/17/21 11:00,30,12,18
6/17/21 12:00,42,18,24
6/17/21 13:00,58,33,25
6/17/21 14:00,53,28,25
6/17/21 15:00,19,11,8
6/17/21 16:00,122,84,38
6/17/21 17:00,147,117,30
6/17/21 18:00,95,78,17
6/17/21 19:00,63,45,18
6/17/21 20:00,39,18,21
6/17/21 21:00,31,20,11
6/17/21 22:00,16,14,2
6/17/21 23:00,10,8,2
6/18/21 0:00,3,1,2
6/18/21 1:00,1,1,0
6/18/21 2:00,2,0,2
6/18/21 3:00,4,1,3
6/18/21 4:00,5,1,4
6/18/21 5:00,33,7,26
6/18/21 6:00,49,9,40
6/18/21 7:00,90,11,79
6/18/21 8:00,57,6,51
6/18/21 9:00,52,11,41
6/18/21 10:00,46,18,28
6/18/21 11:00,50,30,20
6/18/21 12:00,54,25,29
6/18/21 13:00,61,30,31
6/18/21 14:00,76,41,35
6/18/21 15:00,78,54,24
6/18/21 16:00,110,82,28
6/18/21 17:00,100,69,31
6/18/21 18:00,68,51,17
6/18/21 19:00,55,31,24
6/18/21 20:00,31,17,14
6/18/21 21:00,16,9,7
6/18/21 22:00,27,23,4
6/18/21 23:00,13,9,4
6/19/21 0:00,6,2,4
6/19/21 1:00,1,0,1
6/19/21 2:00,6,2,4
6/19/21 3:00,5,5,0
6/19/21 4:00,3,1,2
6/19/21 5:00,6,3,3
6/19/21 6:00,18,9,9
6/19/21 7:00,37,23,14
6/19/21 8:00,47,14,33
6/19/21 9:00,61,26,35
6/19/21 10:00,70,37,33
6/19/21 11:00,84,33,51
6/19/21 12:00,84,42,42
6/19/21 13:00,98,35,63
6/19/21 14:00,80,28,52
6/19/21 15:00,93,48,45
6/19/21 16:00,70,39,31
6/19/21 17:00,66,46,20
6/19/21 18:00,46,28,18
6/19/21 19:00,23,12,11
6/19/21 20:00,40,23,17
6/19/21 21:00,22,14,8
6/19/21 22:00,10,9,1
6/19/21 23:00,14,7,7
6/20/21 0:00,7,4,3
6/20/21 1:00,6,2,4
6/20/21 2:00,4,2,2
6/20/21 3:00,3,1,2
6/20/21 4:00,4,2,2
6/20/21 5:00,6,2,4
6/20/21 6:00,11,6,5
6/20/21 7:00,23,13,10
6/20/21 8:00,52,23,29
6/20/21 9:00,46,28,18
6/20/21 10:00,76,32,44
6/20/21 11:00,94,55,39
6/20/21 12:00,118,56,62
6/20/21 13:00,111,46,65
6/20/21 14:00,90,45,45
6/20/21 15:00,68,41,27
6/20/21 16:00,70,37,33
6/20/21 17:00,57,27,30
6/20/21 18:00,46,26,20
6/20/21 19:00,31,25,6
6/20/21 20:00,32,14,18
6/20/21 21:00,18,6,12
6/20/21 22:00,3,3,0
6/20/21 23:00,9,7,2
6/21/21 0:00,1,0,1
6/21/21 1:00,1,1,0
6/21/21 2:00,5,3,2
6/21/21 3:00,2,0,2
6/21/21 4:00,5,1,4
6/21/21 5:00,37,5,32
6/21/21 6:00,62,9,53
6/21/21 7:00,92,7,85
6/21/21 8:00,70,9,61
6/21/21 9:00,34,10,24
6/21/21 10:00,35,12,23
6/21/21 11:00,23,12,11
6/21/21 12:00,43,24,19
6/21/21 13:00,31,20,11
6/21/21 14:00,38,23,15
6/21/21 15:00,62,43,19
6/21/21 16:00,105,89,16
6/21/21 17:00,114,99,15
6/21/21 18:00,75,65,10
6/21/21 19:00,40,26,14
6/21/21 20:00,26,18,8
6/21/21 21:00,25,13,12
6/21/21 22:00,11,7,4
6/21/21 23:00,14,11,3
6/22/21 0:00,4,3,1
6/22/21 1:00,0,0,0
6/22/21 2:00,2,1,1
6/22/21 3:00,2,0,2
6/22/21 4:00,6,0,6
6/22/21 5:00,40,11,29
6/22/21 6:00,67,6,61
6/22/21 7:00,103,9,94
6/22/21 8:00,93,15,78
6/22/21 9:00,50,11,39
6/22/21 10:00,36,14,22
6/22/21 11:00,25,13,12
6/22/21 12:00,31,8,23
6/22/21 13:00,30,12,18
6/22/21 14:00,54,40,14
6/22/21 15:00,83,53,30
6/22/21 16:00,113,83,30
6/22/21 17:00,124,101,23
6/22/21 18:00,111,81,30
6/22/21 19:00,66,40,26
6/22/21 20:00,41,21,20
6/22/21 21:00,34,22,12
6/22/21 22:00,21,9,12
6/22/21 23:00,5,4,1
6/23/21 0:00,2,1,1
6/23/21 1:00,2,0,2
6/23/21 2:00,3,0,3
6/23/21 3:00,1,0,1
6/23/21 4:00,9,1,8
6/23/21 5:00,31,8,23
6/23/21 6:00,67,2,65
6/23/21 7:00,85,7,78
6/23/21 8:00,96,8,88
6/23/21 9:00,52,15,37
6/23/21 10:00,45,18,27
6/23/21 11:00,21,4,17
6/23/21 12:00,41,16,25
6/23/21 13:00,35,20,15
6/23/21 14:00,64,35,29
6/23/21 15:00,70,42,28
6/23/21 16:00,115,87,28
6/23/21 17:00,123,100,23
6/23/21 18:00,122,91,31
6/23/21 19:00,43,32,11
6/23/21 20:00,46,20,26
6/23/21 21:00,40,32,8
6/23/21 22:00,20,12,8
6/23/21 23:00,16,11,5
6/24/21 0:00,6,3,3
6/24/21 1:00,3,0,3
6/24/21 2:00,2,1,1
6/24/21 3:00,3,0,3
6/24/21 4:00,6,1,5
6/24/21 5:00,42,7,35
6/24/21 6:00,67,8,59
6/24/21 7:00,118,14,104
6/24/21 8:00,95,14,81
6/24/21 9:00,47,12,35
6/24/21 10:00,38,14,24
6/24/21 11:00,33,14,19
6/24/21 12:00,35,19,16
6/24/21 13:00,41,22,19
6/24/21 14:00,60,36,24
6/24/21 15:00,56,42,14
6/24/21 16:00,90,67,23
6/24/21 17:00,144,116,28
6/24/21 18:00,101,75,26
6/24/21 19:00,62,48,14
6/24/21 20:00,45,21,24
6/24/21 21:00,27,15,12
6/24/21 22:00,12,9,3
6/24/21 23:00,10,6,4
6/25/21 0:00,4,1,3
6/25/21 1:00,2,2,0
6/25/21 2:00,2,1,1
6/25/21 3:00,4,2,2
6/25/21 4:00,6,1,5
6/25/21 5:00,32,6,26
6/25/21 6:00,56,3,53
6/25/21 7:00,83,13,70
6/25/21 8:00,70,7,63
6/25/21 9:00,41,14,27
6/25/21 10:00,51,24,27
6/25/21 11:00,39,14,25
6/25/21 12:00,43,21,22
6/25/21 13:00,43,29,14
6/25/21 14:00,52,35,17
6/25/21 15:00,62,36,26
6/25/21 16:00,82,64,18
6/25/21 17:00,94,76,18
6/25/21 18:00,65,55,10
6/25/21 19:00,47,40,7
6/25/21 20:00,29,18,11
6/25/21 21:00,16,8,8
6/25/21 22:00,11,7,4
6/25/21 23:00,5,3,2
6/26/21 0:00,3,2,1
6/26/21 1:00,5,2,3
6/26/21 2:00,3,2,1
6/26/21 3:00,7,3,4
6/26/21 4:00,6,2,4
6/26/21 5:00,7,3,4
6/26/21 6:00,19,4,15
6/26/21 7:00,38,18,20
6/26/21 8:00,67,36,31
6/26/21 9:00,60,26,34
6/26/21 10:00,58,27,31
6/26/21 11:00,52,36,16
6/26/21 12:00,30,17,13
6/26/21 13:00,32,17,15
6/26/21 14:00,37,21,16
6/26/21 15:00,25,15,10
6/26/21 16:00,29,17,12
6/26/21 17:00,23,14,9
6/26/21 18:00,22,11,11
6/26/21 19:00,17,16,1
6/26/21 20:00,24,15,9
6/26/21 21:00,16,6,10
6/26/21 22:00,21,15,6
6/26/21 23:00,21,15,6
6/27/21 0:00,5,2,3
6/27/21 1:00,5,3,2
6/27/21 2:00,1,1,0
6/27/21 3:00,2,1,1
6/27/21 4:00,5,1,4
6/27/21 5:00,7,1,6
6/27/21 6:00,20,15,5
6/27/21 7:00,23,7,16
6/27/21 8:00,50,18,32
6/27/21 9:00,50,20,30
6/27/21 10:00,41,22,19
6/27/21 11:00,34,20,14
6/27/21 12:00,25,16,9
6/27/21 13:00,24,16,8
6/27/21 14:00,24,14,10
6/27/21 15:00,26,14,12
6/27/21 16:00,20,11,9
6/27/21 17:00,15,10,5
6/27/21 18:00,11,9,2
6/27/21 19:00,18,12,6
6/27/21 20:00,17,13,4
6/27/21 21:00,12,4,8
6/27/21 22:00,9,7,2
6/27/21 23:00,5,3,2
6/28/21 0:00,4,4,0
6/28/21 1:00,1,1,0
6/28/21 2:00,1,0,1
6/28/21 3:00,4,3,1
6/28/21 4:00,2,0,2
6/28/21 5:00,20,4,16
6/28/21 6:00,36,5,31
6/28/21 7:00,46,14,32
6/28/21 8:00,39,10,29
6/28/21 9:00,13,2,11
6/28/21 10:00,8,5,3
6/28/21 11:00,10,4,6
6/28/21 12:00,7,6,1
6/28/21 13:00,7,6,1
6/28/21 14:00,8,5,3
6/28/21 15:00,25,19,6
6/28/21 16:00,42,37,5
6/28/21 17:00,41,39,2
6/28/21 18:00,21,18,3
6/28/21 19:00,9,8,1
6/28/21 20:00,17,13,4
6/28/21 21:00,11,7,4
6/28/21 22:00,7,5,2
6/28/21 23:00,12,7,5
6/29/21 0:00,6,3,3
6/29/21 1:00,1,0,1
6/29/21 2:00,5,1,4
6/29/21 3:00,1,0,1
6/29/21 4:00,9,1,8
6/29/21 5:00,29,6,23
6/29/21 6:00,56,6,50
6/29/21 7:00,68,8,60
6/29/21 8:00,73,12,61
6/29/21 9:00,32,11,21
6/29/21 10:00,30,13,17
6/29/21 11:00,34,19,15
6/29/21 12:00,18,6,12
6/29/21 13:00,33,16,17
6/29/21 14:00,40,27,13
6/29/21 15:00,47,42,5
6/29/21 16:00,70,56,14
6/29/21 17:00,90,76,14
6/29/21 18:00,50,42,8
6/29/21 19:00,38,27,11
6/29/21 20:00,22,14,8
6/29/21 21:00,15,14,1
6/29/21 22:00,7,5,2
6/29/21 23:00,11,4,7
6/30/21 0:00,3,3,0
6/30/21 1:00,3,1,2
6/30/21 2:00,1,0,1
6/30/21 3:00,1,1,0
6/30/21 4:00,10,1,9
6/30/21 5:00,35,5,30
6/30/21 6:00,62,8,54
6/30/21 7:00,105,8,97
6/30/21 8:00,88,11,77
6/30/21 9:00,52,12,40
6/30/21 10:00,38,11,27
6/30/21 11:00,38,14,24
6/30/21 12:00,37,18,19
6/30/21 13:00,42,24,18
6/30/21 14:00,55,29,26
6/30/21 15:00,66,48,18
6/30/21 16:00,87,75,12
6/30/21 17:00,133,110,23
6/30/21 18:00,110,79,31
6/30/21 19:00,49,36,13
6/30/21 20:00,34,18,16
6/30/21 21:00,16,11,5
6/30/21 22:00,12,7,5
6/30/21 23:00,6,5,1
7/1/21 0:00,2,1,1
7/1/21 1:00,2,2,0
7/1/21 2:00,10,5,5
7/1/21 3:00,4,1,3
7/1/21 4:00,5,1,4
7/1/21 5:00,33,5,28
7/1/21 6:00,50,3,47
7/1/21 7:00,93,12,81
7/1/21 8:00,89,9,80
7/1/21 9:00,59,16,43
7/1/21 10:00,30,13,17
7/1/21 11:00,38,22,16
7/1/21 12:00,25,10,15
7/1/21 13:00,31,17,14
7/1/21 14:00,40,26,14
7/1/21 15:00,79,54,25
7/1/21 16:00,100,73,27
7/1/21 17:00,108,86,22
7/1/21 18:00,66,55,11
7/1/21 19:00,50,43,7
7/1/21 20:00,25,19,6
7/1/21 21:00,25,19,6
7/1/21 22:00,20,12,8
7/1/21 23:00,9,7,2
7/2/21 0:00,10,6,4
7/2/21 1:00,0,0,0
7/2/21 2:00,2,0,2
7/2/21 3:00,5,2,3
7/2/21 4:00,8,1,7
7/2/21 5:00,30,5,25
7/2/21 6:00,50,5,45
7/2/21 7:00,68,7,61
7/2/21 8:00,87,27,60
7/2/21 9:00,59,16,43
7/2/21 10:00,45,15,30
7/2/21 11:00,47,24,23
7/2/21 12:00,42,24,18
7/2/21 13:00,60,26,34
7/2/21 14:00,79,47,32
7/2/21 15:00,63,40,23
7/2/21 16:00,85,55,30
7/2/21 17:00,103,73,30
7/2/21 18:00,68,52,16
7/2/21 19:00,36,28,8
7/2/21 20:00,23,16,7
7/2/21 21:00,24,17,7
7/2/21 22:00,14,11,3
7/2/21 23:00,15,15,0
7/3/21 0:00,19,11,8
7/3/21 1:00,5,2,3
7/3/21 2:00,3,3,0
7/3/21 3:00,7,6,1
7/3/21 4:00,7,3,4
7/3/21 5:00,11,4,7
7/3/21 6:00,10,4,6
7/3/21 7:00,24,13,11
7/3/21 8:00,40,20,20
7/3/21 9:00,43,21,22
7/3/21 10:00,75,32,43
7/3/21 11:00,87,43,44
7/3/21 12:00,59,34,25
7/3/21 13:00,59,27,32
7/3/21 14:00,78,31,47
7/3/21 15:00,76,33,43
7/3/21 16:00,40,19,21
7/3/21 17:00,50,33,17
7/3/21 18:00,36,19,17
7/3/21 19:00,27,14,13
7/3/21 20:00,26,16,10
7/3/21 21:00,22,10,12
7/3/21 22:00,18,10,8
7/3/21 23:00,8,7,1
7/4/21 0:00,9,6,3
7/4/21 1:00,2,2,0
7/4/21 2:00,0,0,0
7/4/21 3:00,8,0,8
7/4/21 4:00,3,1,2
7/4/21 5:00,6,2,4
7/4/21 6:00,12,2,10
7/4/21 7:00,20,13,7
7/4/21 8:00,35,5,30
7/4/21 9:00,58,29,29
7/4/21 10:00,54,31,23
7/4/21 11:00,56,23,33
7/4/21 12:00,73,30,43
7/4/21 13:00,80,54,26
7/4/21 14:00,53,32,21
7/4/21 15:00,44,25,19
7/4/21 16:00,62,32,30
7/4/21 17:00,43,23,20
7/4/21 18:00,30,22,8
7/4/21 19:00,24,11,13
7/4/21 20:00,21,11,10
7/4/21 21:00,16,7,9
7/4/21 22:00,16,4,12
7/4/21 23:00,6,3,3
7/5/21 0:00,4,3,1
7/5/21 1:00,6,3,3
7/5/21 2:00,4,2,2
7/5/21 3:00,2,1,1
7/5/21 4:00,5,1,4
7/5/21 5:00,6,3,3
7/5/21 6:00,17,2,15
7/5/21 7:00,16,4,12
7/5/21 8:00,21,8,13
7/5/21 9:00,30,11,19
7/5/21 10:00,61,33,28
7/5/21 11:00,53,19,34
7/5/21 12:00,70,20,50
7/5/21 13:00,68,40,28
7/5/21 14:00,68,43,25
7/5/21 15:00,82,40,42
7/5/21 16:00,62,38,24
7/5/21 17:00,52,29,23
7/5/21 18:00,38,23,15
7/5/21 19:00,24,12,12
7/5/21 20:00,18,12,6
7/5/21 21:00,19,14,5
7/5/21 22:00,12,4,8
7/5/21 23:00,6,3,3
7/6/21 0:00,2,1,1
7/6/21 1:00,1,1,0
7/6/21 2:00,1,0,1
7/6/21 3:00,1,0,1
7/6/21 4:00,5,0,5
7/6/21 5:00,28,5,23
7/6/21 6:00,72,5,67
7/6/21 7:00,98,6,92
7/6/21 8:00,83,8,75
7/6/21 9:00,45,13,32
7/6/21 10:00,32,10,22
7/6/21 11:00,36,10,26
7/6/21 12:00,36,19,17
7/6/21 13:00,42,24,18
7/6/21 14:00,51,28,23
7/6/21 15:00,71,53,18
7/6/21 16:00,110,90,20
7/6/21 17:00,124,100,24
7/6/21 18:00,73,62,11
7/6/21 19:00,41,34,7
7/6/21 20:00,31,17,14
7/6/21 21:00,16,9,7
7/6/21 22:00,7,7,0
7/6/21 23:00,9,7,2
7/7/21 0:00,3,3,0
7/7/21 1:00,1,0,1
7/7/21 2:00,2,1,1
7/7/21 3:00,5,1,4
7/7/21 4:00,9,1,8
7/7/21 5:00,35,6,29
7/7/21 6:00,59,2,57
7/7/21 7:00,100,11,89
7/7/21 8:00,91,6,85
7/7/21 9:00,41,5,36
7/7/21 10:00,43,12,31
7/7/21 11:00,35,13,22
7/7/21 12:00,31,16,15
7/7/21 13:00,34,18,16
7/7/21 14:00,50,26,24
7/7/21 15:00,75,59,16
7/7/21 16:00,99,78,21
7/7/21 17:00,160,119,41
7/7/21 18:00,73,52,21
7/7/21 19:00,46,38,8
7/7/21 20:00,44,34,10
7/7/21 21:00,23,19,4
7/7/21 22:00,22,16,6
7/7/21 23:00,7,7,0
7/8/21 0:00,6,3,3
7/8/21 1:00,1,1,0
7/8/21 2:00,4,0,4
7/8/21 3:00,3,1,2
7/8/21 4:00,8,3,5
7/8/21 5:00,27,4,23
7/8/21 6:00,60,3,57
7/8/21 7:00,107,10,97
7/8/21 8:00,92,12,80
7/8/21 9:00,49,9,40
7/8/21 10:00,46,21,25
7/8/21 11:00,36,9,27
7/8/21 12:00,38,11,27
7/8/21 13:00,28,16,12
7/8/21 14:00,38,24,14
7/8/21 15:00,67,51,16
7/8/21 16:00,115,94,21
7/8/21 17:00,119,86,33
7/8/21 18:00,103,84,19
7/8/21 19:00,56,40,16
7/8/21 20:00,36,24,12
7/8/21 21:00,23,13,10
7/8/21 22:00,15,10,5
7/8/21 23:00,9,7,2
7/9/21 0:00,3,2,1
7/9/21 1:00,4,2,2
7/9/21 2:00,6,2,4
7/9/21 3:00,2,1,1
7/9/21 4:00,6,0,6
7/9/21 5:00,23,5,18
7/9/21 6:00,48,3,45
7/9/21 7:00,82,17,65
7/9/21 8:00,85,11,74
7/9/21 9:00,48,16,32
7/9/21 10:00,46,15,31
7/9/21 11:00,40,17,23
7/9/21 12:00,49,25,24
7/9/21 13:00,48,26,22
7/9/21 14:00,49,33,16
7/9/21 15:00,79,57,22
7/9/21 16:00,85,65,20
7/9/21 17:00,103,79,24
7/9/21 18:00,85,59,26
7/9/21 19:00,46,25,21
7/9/21 20:00,34,24,10
7/9/21 21:00,29,20,9
7/9/21 22:00,19,10,9
7/9/21 23:00,27,21,6
7/10/21 0:00,10,9,1
7/10/21 1:00,4,3,1
7/10/21 2:00,2,2,0
7/10/21 3:00,2,0,2
7/10/21 4:00,4,2,2
7/10/21 5:00,6,0,6
7/10/21 6:00,13,7,6
7/10/21 7:00,16,9,7
7/10/21 8:00,41,10,31
7/10/21 9:00,50,22,28
7/10/21 10:00,62,31,31
7/10/21 11:00,79,44,35
7/10/21 12:00,65,39,26
7/10/21 13:00,80,47,33
7/10/21 14:00,87,44,43
7/10/21 15:00,65,34,31
7/10/21 16:00,58,38,20
7/10/21 17:00,71,34,37
7/10/21 18:00,34,21,13
7/10/21 19:00,34,13,21
7/10/21 20:00,44,31,13
7/10/21 21:00,11,3,8
7/10/21 22:00,14,10,4
7/10/21 23:00,9,6,3
7/11/21 0:00,3,3,0
7/11/21 1:00,8,7,1
7/11/21 2:00,9,7,2
7/11/21 3:00,4,1,3
7/11/21 4:00,4,1,3
7/11/21 5:00,3,2,1
7/11/21 6:00,10,5,5
7/11/21 7:00,22,8,14
7/11/21 8:00,39,12,27
7/11/21 9:00,41,15,26
7/11/21 10:00,54,26,28
7/11/21 11:00,83,42,41
7/11/21 12:00,70,33,37
7/11/21 13:00,66,31,35
7/11/21 14:00,86,45,41
7/11/21 15:00,64,40,24
7/11/21 16:00,75,51,24
7/11/21 17:00,67,42,25
7/11/21 18:00,40,27,13
7/11/21 19:00,21,11,10
7/11/21 20:00,29,14,15
7/11/21 21:00,12,3,9
7/11/21 22:00,8,7,1
7/11/21 23:00,4,3,1
7/12/21 0:00,7,5,2
7/12/21 1:00,3,1,2
7/12/21 2:00,1,0,1
7/12/21 3:00,1,0,1
7/12/21 4:00,6,0,6
7/12/21 5:00,30,7,23
7/12/21 6:00,64,6,58
7/12/21 7:00,96,4,92
7/12/21 8:00,81,6,75
7/12/21 9:00,40,8,32
7/12/21 10:00,29,6,23
7/12/21 11:00,30,12,18
7/12/21 12:00,36,17,19
7/12/21 13:00,39,24,15
7/12/21 14:00,53,37,16
7/12/21 15:00,74,57,17
7/12/21 16:00,85,63,22
7/12/21 17:00,120,107,13
7/12/21 18:00,83,66,17
7/12/21 19:00,51,39,12
7/12/21 20:00,40,23,17
7/12/21 21:00,20,10,10
7/12/21 22:00,7,4,3
7/12/21 23:00,5,5,0
7/13/21 0:00,2,2,0
7/13/21 1:00,1,1,0
7/13/21 2:00,2,1,1
7/13/21 3:00,5,2,3
7/13/21 4:00,13,2,11
7/13/21 5:00,38,6,32
7/13/21 6:00,72,8,64
7/13/21 7:00,110,8,102
7/13/21 8:00,113,11,102
7/13/21 9:00,59,17,42
7/13/21 10:00,33,7,26
7/13/21 11:00,31,10,21
7/13/21 12:00,33,17,16
7/13/21 13:00,36,21,15
7/13/21 14:00,45,34,11
7/13/21 15:00,71,54,17
7/13/21 16:00,90,73,17
7/13/21 17:00,133,107,26
7/13/21 18:00,100,73,27
7/13/21 19:00,62,46,16
7/13/21 20:00,40,23,17
7/13/21 21:00,25,11,14
7/13/21 22:00,14,10,4
7/13/21 23:00,10,8,2
7/14/21 0:00,5,4,1
7/14/21 1:00,4,1,3
7/14/21 2:00,5,1,4
7/14/21 3:00,3,2,1
7/14/21 4:00,10,1,9
7/14/21 5:00,32,7,25
7/14/21 6:00,71,6,65
7/14/21 7:00,102,11,91
7/14/21 8:00,105,11,94
7/14/21 9:00,55,8,47
7/14/21 10:00,35,11,24
7/14/21 11:00,35,12,23
7/14/21 12:00,27,10,17
7/14/21 13:00,56,34,22
7/14/21 14:00,65,39,26
7/14/21 15:00,87,62,25
7/14/21 16:00,121,93,28
7/14/21 17:00,149,127,22
7/14/21 18:00,111,84,27
7/14/21 19:00,67,44,23
7/14/21 20:00,52,36,16
7/14/21 21:00,21,11,10
7/14/21 22:00,13,6,7
7/14/21 23:00,7,5,2
7/15/21 0:00,2,2,0
7/15/21 1:00,2,1,1
7/15/21 2:00,4,2,2
7/15/21 3:00,2,2,0
7/15/21 4:00,6,0,6
7/15/21 5:00,26,3,23
7/15/21 6:00,77,2,75
7/15/21 7:00,104,8,96
7/15/21 8:00,96,10,86
7/15/21 9:00,64,7,57
7/15/21 10:00,39,12,27
7/15/21 11:00,46,23,23
7/15/21 12:00,29,11,18
7/15/21 13:00,25,8,17
7/15/21 14:00,50,33,17
7/15/21 15:00,69,47,22
7/15/21 16:00,109,77,32
7/15/21 17:00,145,126,19
7/15/21 18:00,90,74,16
7/15/21 19:00,56,34,22
7/15/21 20:00,46,36,10
7/15/21 21:00,33,20,13
7/15/21 22:00,19,7,12
7/15/21 23:00,7,5,2
7/16/21 0:00,5,4,1
7/16/21 1:00,4,2,2
7/16/21 2:00,3,0,3
7/16/21 3:00,4,0,4
7/16/21 4:00,6,1,5
7/16/21 5:00,35,10,25
7/16/21 6:00,51,7,44
7/16/21 7:00,75,8,67
7/16/21 8:00,74,11,63
7/16/21 9:00,66,20,46
7/16/21 10:00,35,11,24
7/16/21 11:00,31,15,16
7/16/21 12:00,47,22,25
7/16/21 13:00,45,27,18
7/16/21 14:00,52,31,21
7/16/21 15:00,78,49,29
7/16/21 16:00,101,69,32
7/16/21 17:00,96,73,23
7/16/21 18:00,71,60,11
7/16/21 19:00,39,24,15
7/16/21 20:00,25,16,9
7/16/21 21:00,16,10,6
7/16/21 22:00,12,5,7
7/16/21 23:00,9,7,2
7/17/21 0:00,5,5,0
7/17/21 1:00,11,2,9
7/17/21 2:00,2,1,1
7/17/21 3:00,0,0,0
7/17/21 4:00,4,1,3
7/17/21 5:00,3,0,3
7/17/21 6:00,8,1,7
7/17/21 7:00,20,7,13
7/17/21 8:00,49,16,33
7/17/21 9:00,42,15,27
7/17/21 10:00,82,45,37
7/17/21 11:00,75,33,42
7/17/21 12:00,57,28,29
7/17/21 13:00,77,42,35
7/17/21 14:00,72,35,37
7/17/21 15:00,80,45,35
7/17/21 16:00,59,29,30
7/17/21 17:00,58,39,19
7/17/21 18:00,47,24,23
7/17/21 19:00,31,17,14
7/17/21 20:00,35,12,23
7/17/21 21:00,20,8,12
7/17/21 22:00,12,6,6
7/17/21 23:00,6,3,3
7/18/21 0:00,6,6,0
7/18/21 1:00,1,0,1
7/18/21 2:00,0,0,0
7/18/21 3:00,4,4,0
7/18/21 4:00,4,0,4
7/18/21 5:00,8,4,4
7/18/21 6:00,13,4,9
7/18/21 7:00,22,4,18
7/18/21 8:00,30,13,17
7/18/21 9:00,54,31,23
7/18/21 10:00,65,29,36
7/18/21 11:00,75,36,39
7/18/21 12:00,84,44,40
7/18/21 13:00,83,39,44
7/18/21 14:00,73,42,31
7/18/21 15:00,68,34,34
7/18/21 16:00,60,40,20
7/18/21 17:00,48,26,22
7/18/21 18:00,47,25,22
7/18/21 19:00,29,14,15
7/18/21 20:00,42,23,19
7/18/21 21:00,11,7,4
7/18/21 22:00,17,11,6
7/18/21 23:00,4,4,0
7/19/21 0:00,5,4,1
7/19/21 1:00,3,0,3
7/19/21 2:00,1,0,1
7/19/21 3:00,1,0,1
7/19/21 4:00,7,0,7
7/19/21 5:00,43,12,31
7/19/21 6:00,64,4,60
7/19/21 7:00,97,11,86
7/19/21 8:00,96,11,85
7/19/21 9:00,40,5,35
7/19/21 10:00,38,9,29
7/19/21 11:00,44,21,23
7/19/21 12:00,49,23,26
7/19/21 13:00,45,21,24
7/19/21 14:00,63,39,24
7/19/21 15:00,92,57,35
7/19/21 16:00,103,75,28
7/19/21 17:00,171,132,39
7/19/21 18:00,113,91,22
7/19/21 19:00,67,53,14
7/19/21 20:00,34,21,13
7/19/21 21:00,34,11,23
7/19/21 22:00,13,6,7
7/19/21 23:00,6,5,1
7/20/21 0:00,4,4,0
7/20/21 1:00,3,2,1
7/20/21 2:00,3,1,2
7/20/21 3:00,2,2,0
7/20/21 4:00,15,2,13
7/20/21 5:00,32,6,26
7/20/21 6:00,77,5,72
7/20/21 7:00,105,7,98
7/20/21 8:00,114,13,101
7/20/21 9:00,57,13,44
7/20/21 10:00,27,7,20
7/20/21 11:00,44,15,29
7/20/21 12:00,34,18,16
7/20/21 13:00,32,17,15
7/20/21 14:00,42,26,16
7/20/21 15:00,89,66,23
7/20/21 16:00,117,87,30
7/20/21 17:00,141,111,30
7/20/21 18:00,109,90,19
7/20/21 19:00,52,37,15
7/20/21 20:00,53,31,22
7/20/21 21:00,29,24,5
7/20/21 22:00,15,9,6
7/20/21 23:00,10,8,2
7/21/21 0:00,2,1,1
7/21/21 1:00,1,0,1
7/21/21 2:00,3,1,2
7/21/21 3:00,3,0,3
7/21/21 4:00,9,0,9
7/21/21 5:00,39,7,32
7/21/21 6:00,78,10,68
7/21/21 7:00,111,10,101
7/21/21 8:00,114,19,95
7/21/21 9:00,65,16,49
7/21/21 10:00,47,14,33
7/21/21 11:00,24,4,20
7/21/21 12:00,28,17,11
7/21/21 13:00,42,19,23
7/21/21 14:00,56,31,25
7/21/21 15:00,82,50,32
7/21/21 16:00,120,81,39
7/21/21 17:00,161,138,23
7/21/21 18:00,115,86,29
7/21/21 19:00,63,48,15
7/21/21 20:00,44,29,15
7/21/21 21:00,32,23,9
7/21/21 22:00,17,15,2
7/21/21 23:00,10,7,3
7/22/21 0:00,2,2,0
7/22/21 1:00,1,0,1
7/22/21 2:00,6,1,5
7/22/21 3:00,1,0,1
7/22/21 4:00,8,2,6
7/22/21 5:00,36,6,30
7/22/21 6:00,73,9,64
7/22/21 7:00,120,11,109
7/22/21 8:00,122,14,108
7/22/21 9:00,83,20,63
7/22/21 10:00,46,12,34
7/22/21 11:00,45,23,22
7/22/21 12:00,38,17,21
7/22/21 13:00,59,32,27
7/22/21 14:00,75,38,37
7/22/21 15:00,92,69,23
7/22/21 16:00,143,91,52
7/22/21 17:00,176,141,35
7/22/21 18:00,114,77,37
7/22/21 19:00,71,46,25
7/22/21 20:00,59,49,10
7/22/21 21:00,32,21,11
7/22/21 22:00,30,21,9
7/22/21 23:00,14,13,1
7/23/21 0:00,4,4,0
7/23/21 1:00,5,4,1
7/23/21 2:00,5,4,1
7/23/21 3:00,2,1,1
7/23/21 4:00,6,0,6
7/23/21 5:00,33,4,29
7/23/21 6:00,62,7,55
7/23/21 7:00,100,12,88
7/23/21 8:00,85,18,67
7/23/21 9:00,72,22,50
7/23/21 10:00,58,17,41
7/23/21 11:00,55,27,28
7/23/21 12:00,58,29,29
7/23/21 13:00,66,35,31
7/23/21 14:00,69,45,24
7/23/21 15:00,96,60,36
7/23/21 16:00,130,93,37
7/23/21 17:00,137,98,39
7/23/21 18:00,82,51,31
7/23/21 19:00,55,36,19
7/23/21 20:00,18,13,5
7/23/21 21:00,27,21,6
7/23/21 22:00,31,24,7
7/23/21 23:00,24,20,4
7/24/21 0:00,19,12,7
7/24/21 1:00,7,3,4
7/24/21 2:00,7,5,2
7/24/21 3:00,5,3,2
7/24/21 4:00,6,1,5
7/24/21 5:00,8,2,6
7/24/21 6:00,18,6,12
7/24/21 7:00,27,13,14
7/24/21 8:00,48,10,38
7/24/21 9:00,70,29,41
7/24/21 10:00,90,40,50
7/24/21 11:00,87,36,51
7/24/21 12:00,106,57,49
7/24/21 13:00,98,59,39
7/24/21 14:00,77,45,32
7/24/21 15:00,88,55,33
7/24/21 16:00,77,33,44
7/24/21 17:00,68,43,25
7/24/21 18:00,62,33,29
7/24/21 19:00,41,13,28
7/24/21 20:00,32,17,15
7/24/21 21:00,28,21,7
7/24/21 22:00,15,7,8
7/24/21 23:00,22,17,5
7/25/21 0:00,11,10,1
7/25/21 1:00,2,1,1
7/25/21 2:00,2,2,0
7/25/21 3:00,4,0,4
7/25/21 4:00,5,1,4
7/25/21 5:00,6,1,5
7/25/21 6:00,8,4,4
7/25/21 7:00,27,10,17
7/25/21 8:00,55,24,31
7/25/21 9:00,51,25,26
7/25/21 10:00,117,72,45
7/25/21 11:00,139,76,63
7/25/21 12:00,133,49,84
7/25/21 13:00,122,55,67
7/25/21 14:00,94,43,51
7/25/21 15:00,70,36,34
7/25/21 16:00,73,45,28
7/25/21 17:00,82,36,46
7/25/21 18:00,37,18,19
7/25/21 19:00,36,18,18
7/25/21 20:00,42,36,6
7/25/21 21:00,20,13,7
7/25/21 22:00,9,5,4
7/25/21 23:00,9,4,5
7/26/21 0:00,7,2,5
7/26/21 1:00,5,3,2
7/26/21 2:00,2,0,2
7/26/21 3:00,1,1,0
7/26/21 4:00,12,2,10
7/26/21 5:00,31,7,24
7/26/21 6:00,78,9,69
7/26/21 7:00,93,5,88
7/26/21 8:00,92,9,83
7/26/21 9:00,61,8,53
7/26/21 10:00,43,15,28
7/26/21 11:00,39,16,23
7/26/21 12:00,37,12,25
7/26/21 13:00,51,36,15
7/26/21 14:00,46,25,21
7/26/21 15:00,73,57,16
7/26/21 16:00,107,74,33
7/26/21 17:00,156,135,21
7/26/21 18:00,94,70,24
7/26/21 19:00,60,39,21
7/26/21 20:00,29,19,10
7/26/21 21:00,15,8,7
7/26/21 22:00,21,13,8
7/26/21 23:00,16,15,1
7/27/21 0:00,7,6,1
7/27/21 1:00,4,2,2
7/27/21 2:00,7,4,3
7/27/21 3:00,3,0,3
7/27/21 4:00,10,0,10
7/27/21 5:00,39,7,32
7/27/21 6:00,79,11,68
7/27/21 7:00,124,9,115
7/27/21 8:00,107,12,95
7/27/21 9:00,72,20,52
7/27/21 10:00,52,19,33
7/27/21 11:00,39,18,21
7/27/21 12:00,53,26,27
7/27/21 13:00,41,25,16
7/27/21 14:00,64,38,26
7/27/21 15:00,98,77,21
7/27/21 16:00,141,101,40
7/27/21 17:00,138,108,30
7/27/21 18:00,107,85,22
7/27/21 19:00,54,40,14
7/27/21 20:00,36,15,21
7/27/21 21:00,33,23,10
7/27/21 22:00,20,15,5
7/27/21 23:00,27,24,3
7/28/21 0:00,2,1,1
7/28/21 1:00,1,1,0
7/28/21 2:00,5,0,5
7/28/21 3:00,1,0,1
7/28/21 4:00,10,0,10
7/28/21 5:00,33,10,23
7/28/21 6:00,84,8,76
7/28/21 7:00,112,5,107
7/28/21 8:00,108,18,90
7/28/21 9:00,62,13,49
7/28/21 10:00,55,16,39
7/28/21 11:00,54,19,35
7/28/21 12:00,40,17,23
7/28/21 13:00,43,23,20
7/28/21 14:00,51,36,15
7/28/21 15:00,79,53,26
7/28/21 16:00,103,78,25
7/28/21 17:00,175,145,30
7/28/21 18:00,81,67,14
7/28/21 19:00,60,47,13
7/28/21 20:00,47,38,9
7/28/21 21:00,22,13,9
7/28/21 22:00,16,10,6
7/28/21 23:00,7,6,1
7/29/21 0:00,6,4,2
7/29/21 1:00,4,1,3
7/29/21 2:00,2,0,2
7/29/21 3:00,3,2,1
7/29/21 4:00,13,2,11
7/29/21 5:00,36,7,29
7/29/21 6:00,78,8,70
7/29/21 7:00,94,10,84
7/29/21 8:00,123,14,109
7/29/21 9:00,70,17,53
7/29/21 10:00,39,14,25
7/29/21 11:00,31,6,25
7/29/21 12:00,42,22,20
7/29/21 13:00,30,16,14
7/29/21 14:00,49,30,19
7/29/21 15:00,74,49,25
7/29/21 16:00,131,100,31
7/29/21 17:00,170,139,31
7/29/21 18:00,110,75,35
7/29/21 19:00,55,40,15
7/29/21 20:00,31,26,5
7/29/21 21:00,29,15,14
7/29/21 22:00,16,10,6
7/29/21 23:00,8,6,2
7/30/21 0:00,4,3,1
7/30/21 1:00,4,2,2
7/30/21 2:00,5,3,2
7/30/21 3:00,1,0,1
7/30/21 4:00,8,1,7
7/30/21 5:00,37,5,32
7/30/21 6:00,67,4,63
7/30/21 7:00,90,7,83
7/30/21 8:00,82,14,68
7/30/21 9:00,61,17,44
7/30/21 10:00,49,18,31
7/30/21 11:00,35,12,23
7/30/21 12:00,45,26,19
7/30/21 13:00,51,29,22
7/30/21 14:00,76,51,25
7/30/21 15:00,81,61,20
7/30/21 16:00,94,68,26
7/30/21 17:00,140,107,33
7/30/21 18:00,82,60,22
7/30/21 19:00,51,35,16
7/30/21 20:00,34,16,18
7/30/21 21:00,18,14,4
7/30/21 22:00,13,8,5
7/30/21 23:00,7,7,0
7/31/21 0:00,6,4,2
7/31/21 1:00,9,3,6
7/31/21 2:00,6,2,4
7/31/21 3:00,2,2,0
7/31/21 4:00,12,4,8
7/31/21 5:00,8,1,7
7/31/21 6:00,7,2,5
7/31/21 7:00,22,8,14
7/31/21 8:00,46,17,29
7/31/21 9:00,38,16,22
7/31/21 10:00,68,24,44
7/31/21 11:00,63,38,25
7/31/21 12:00,78,40,38
7/31/21 13:00,74,31,43
7/31/21 14:00,79,29,50
7/31/21 15:00,65,42,23
7/31/21 16:00,51,25,26
7/31/21 17:00,51,28,23
7/31/21 18:00,73,59,14
7/31/21 19:00,24,14,10
7/31/21 20:00,34,18,16
7/31/21 21:00,19,6,13
7/31/21 22:00,19,10,9
7/31/21 23:00,7,5,2
8/1/21 0:00,3,2,1
8/1/21 1:00,7,5,2
8/1/21 2:00,2,0,2
8/1/21 3:00,3,2,1
8/1/21 4:00,8,2,6
8/1/21 5:00,3,0,3
8/1/21 6:00,14,5,9
8/1/21 7:00,41,2,39
8/1/21 8:00,47,9,38
8/1/21 9:00,62,36,26
8/1/21 10:00,81,32,49
8/1/21 11:00,64,32,32
8/1/21 12:00,99,48,51
8/1/21 13:00,65,41,24
8/1/21 14:00,95,48,47
8/1/21 15:00,81,53,28
8/1/21 16:00,49,36,13
8/1/21 17:00,50,26,24
8/1/21 18:00,44,27,17
8/1/21 19:00,29,18,11
8/1/21 20:00,11,7,4
8/1/21 21:00,13,3,10
8/1/21 22:00,9,7,2
8/1/21 23:00,5,2,3
8/2/21 0:00,3,1,2
8/2/21 1:00,2,1,1
8/2/21 2:00,2,2,0
8/2/21 3:00,1,1,0
8/2/21 4:00,12,1,11
8/2/21 5:00,40,9,31
8/2/21 6:00,72,11,61
8/2/21 7:00,103,12,91
8/2/21 8:00,103,8,95
8/2/21 9:00,61,15,46
8/2/21 10:00,36,6,30
8/2/21 11:00,38,15,23
8/2/21 12:00,52,25,27
8/2/21 13:00,42,19,23
8/2/21 14:00,50,27,23
8/2/21 15:00,98,66,32
8/2/21 16:00,125,89,36
8/2/21 17:00,151,118,33
8/2/21 18:00,93,75,18
8/2/21 19:00,38,30,8
8/2/21 20:00,42,28,14
8/2/21 21:00,29,17,12
8/2/21 22:00,10,6,4
8/2/21 23:00,7,6,1
8/3/21 0:00,8,4,4
8/3/21 1:00,3,3,0
8/3/21 2:00,4,1,3
8/3/21 3:00,1,0,1
8/3/21 4:00,9,1,8
8/3/21 5:00,37,4,33
8/3/21 6:00,80,8,72
8/3/21 7:00,124,15,109
8/3/21 8:00,105,11,94
8/3/21 9:00,64,20,44
8/3/21 10:00,48,9,39
8/3/21 11:00,45,17,28
8/3/21 12:00,51,19,32
5/21/17 14:00,90,52,38
5/21/17 15:00,68,35,33
5/21/17 16:00,67,29,38
5/21/17 17:00,70,41,29
5/21/17 18:00,34,22,12
5/21/17 19:00,33,20,13
5/21/17 20:00,13,5,8
5/21/17 21:00,14,4,10
5/21/17 22:00,13,6,7
5/21/17 23:00,3,3,0
5/22/17 0:00,1,1,0
5/22/17 1:00,0,0,0
5/22/17 2:00,0,0,0
5/22/17 3:00,0,0,0
5/22/17 4:00,7,4,3
5/22/17 5:00,29,4,25
5/22/17 6:00,101,17,84
5/22/17 7:00,204,15,189
5/22/17 8:00,187,15,172
5/22/17 9:00,62,13,49
5/22/17 10:00,32,7,25
5/22/17 11:00,37,18,19
5/22/17 12:00,30,13,17
5/22/17 13:00,37,16,21
5/22/17 14:00,43,23,20
5/22/17 15:00,67,47,20
5/22/17 16:00,173,145,28
5/22/17 17:00,272,227,45
5/22/17 18:00,131,108,23
5/22/17 19:00,73,60,13
5/22/17 20:00,30,15,15
5/22/17 21:00,24,9,15
5/22/17 22:00,5,4,1
5/22/17 23:00,3,2,1
5/23/17 0:00,5,3,2
5/23/17 1:00,2,0,2
5/23/17 2:00,1,1,0
5/23/17 3:00,4,3,1
5/23/17 4:00,6,2,4
5/23/17 5:00,43,5,38
5/23/17 6:00,111,18,93
5/23/17 7:00,223,22,201
5/23/17 8:00,215,28,187
5/23/17 9:00,69,10,59
5/23/17 10:00,40,18,22
5/23/17 11:00,22,12,10
5/23/17 12:00,24,5,19
5/23/17 13:00,36,21,15
5/23/17 14:00,34,22,12
5/23/17 15:00,93,64,29
5/23/17 16:00,154,117,37
5/23/17 17:00,302,258,44
5/23/17 18:00,157,130,27
5/23/17 19:00,53,40,13
5/23/17 20:00,32,21,11
5/23/17 21:00,26,22,4
5/23/17 22:00,7,7,0
5/23/17 23:00,6,3,3
5/24/17 0:00,2,0,2
5/24/17 1:00,3,0,3
5/24/17 2:00,2,1,1
5/24/17 3:00,1,0,1
5/24/17 4:00,9,2,7
5/24/17 5:00,40,8,32
5/24/17 6:00,93,16,77
5/24/17 7:00,203,22,181
5/24/17 8:00,151,20,131
5/24/17 9:00,60,12,48
5/24/17 10:00,40,11,29
5/24/17 11:00,17,8,9
5/24/17 12:00,32,13,19
5/24/17 13:00,24,13,11
5/24/17 14:00,30,18,12
5/24/17 15:00,55,36,19
5/24/17 16:00,115,96,19
5/24/17 17:00,220,199,21
5/24/17 18:00,120,104,16
5/24/17 19:00,51,39,12
5/24/17 20:00,27,19,8
5/24/17 21:00,20,14,6
5/24/17 22:00,11,5,6
5/24/17 23:00,2,1,1
5/25/17 0:00,2,0,2
5/25/17 1:00,3,1,2
5/25/17 2:00,0,0,0
5/25/17 3:00,1,1,0
5/25/17 4:00,7,3,4
5/25/17 5:00,30,4,26
5/25/17 6:00,93,17,76
5/25/17 7:00,183,25,158
5/25/17 8:00,191,16,175
5/25/17 9:00,67,8,59
8/3/21 13:00,40,26,14
8/3/21 14:00,54,33,21
8/3/21 15:00,78,59,19
8/3/21 16:00,138,106,32
8/3/21 17:00,159,123,36
8/3/21 18:00,115,88,27
8/3/21 19:00,79,63,16
8/3/21 20:00,38,17,21
8/3/21 21:00,20,14,6
8/3/21 22:00,12,10,2
8/3/21 23:00,11,8,3
8/4/21 0:00,5,5,0
8/4/21 1:00,0,0,0
8/4/21 2:00,5,3,2
8/4/21 3:00,1,0,1
8/4/21 4:00,15,0,15
8/4/21 5:00,38,8,30
8/4/21 6:00,77,9,68
8/4/21 7:00,110,16,94
8/4/21 8:00,106,12,94
8/4/21 9:00,77,17,60
8/4/21 10:00,53,17,36
8/4/21 11:00,55,28,27
8/4/21 12:00,53,32,21
8/4/21 13:00,44,21,23
8/4/21 14:00,63,35,28
8/4/21 15:00,75,42,33
8/4/21 16:00,146,109,37
8/4/21 17:00,170,127,43
8/4/21 18:00,120,78,42
8/4/21 19:00,69,44,25
8/4/21 20:00,39,29,10
8/4/21 21:00,56,43,13
8/4/21 22:00,9,8,1
8/4/21 23:00,14,13,1
8/5/21 0:00,6,3,3
8/5/21 1:00,0,0,0
8/5/21 2:00,3,1,2
8/5/21 3:00,4,1,3
8/5/21 4:00,6,0,6
8/5/21 5:00,37,9,28
8/5/21 6:00,82,8,74
8/5/21 7:00,119,8,111
8/5/21 8:00,101,17,84
8/5/21 9:00,65,17,48
8/5/21 10:00,38,15,23
8/5/21 11:00,29,9,20
8/5/21 12:00,36,17,19
8/5/21 13:00,44,18,26
8/5/21 14:00,62,39,23
8/5/21 15:00,89,60,29
8/5/21 16:00,126,91,35
8/5/21 17:00,146,110,36
8/5/21 18:00,118,80,38
8/5/21 19:00,65,50,15
8/5/21 20:00,44,35,9
8/5/21 21:00,31,26,5
8/5/21 22:00,13,10,3
8/5/21 23:00,12,8,4
8/6/21 0:00,6,6,0
8/6/21 1:00,2,2,0
8/6/21 2:00,5,1,4
8/6/21 3:00,3,3,0
8/6/21 4:00,9,0,9
8/6/21 5:00,33,6,27
8/6/21 6:00,42,6,36
8/6/21 7:00,71,4,67
8/6/21 8:00,66,17,49
8/6/21 9:00,47,20,27
8/6/21 10:00,46,17,29
8/6/21 11:00,40,11,29
8/6/21 12:00,43,19,24
8/6/21 13:00,56,25,31
8/6/21 14:00,58,38,20
8/6/21 15:00,67,39,28
8/6/21 16:00,108,79,29
8/6/21 17:00,99,74,25
8/6/21 18:00,72,50,22
8/6/21 19:00,117,74,43
8/6/21 20:00,16,10,6
8/6/21 21:00,22,16,6
8/6/21 22:00,16,12,4
8/6/21 23:00,10,8,2
8/7/21 0:00,7,2,5
8/7/21 1:00,10,5,5
8/7/21 2:00,4,2,2
8/7/21 3:00,3,2,1
8/7/21 4:00,4,0,4
8/7/21 5:00,5,0,5
8/7/21 6:00,10,3,7
8/7/21 7:00,15,7,8
8/7/21 8:00,45,18,27
8/7/21 9:00,45,24,21
8/7/21 10:00,51,29,22
8/7/21 11:00,81,39,42
8/7/21 12:00,43,15,28
8/7/21 13:00,75,33,42
8/7/21 14:00,73,38,35
8/7/21 15:00,72,44,28
8/7/21 16:00,81,44,37
8/7/21 17:00,60,42,18
8/7/21 18:00,40,20,20
8/7/21 19:00,25,14,11
8/7/21 20:00,22,8,14
8/7/21 21:00,30,10,20
8/7/21 22:00,6,3,3
8/7/21 23:00,11,7,4
8/8/21 0:00,9,5,4
8/8/21 1:00,7,2,5
8/8/21 2:00,1,1,0
8/8/21 3:00,2,0,2
8/8/21 4:00,3,1,2
8/8/21 5:00,2,0,2
8/8/21 6:00,6,2,4
8/8/21 7:00,24,10,14
8/8/21 8:00,22,6,16
8/8/21 9:00,56,21,35
8/8/21 10:00,68,40,28
8/8/21 11:00,96,50,46
8/8/21 12:00,70,33,37
8/8/21 13:00,84,46,38
8/8/21 14:00,81,46,35
8/8/21 15:00,84,43,41
8/8/21 16:00,97,51,46
8/8/21 17:00,58,40,18
8/8/21 18:00,58,40,18
8/8/21 19:00,34,18,16
8/8/21 20:00,25,9,16
8/8/21 21:00,11,1,10
8/8/21 22:00,15,12,3
8/8/21 23:00,5,4,1
8/9/21 0:00,4,4,0
8/9/21 1:00,0,0,0
8/9/21 2:00,3,1,2
8/9/21 3:00,3,2,1
8/9/21 4:00,7,0,7
8/9/21 5:00,37,6,31
8/9/21 6:00,87,4,83
8/9/21 7:00,109,11,98
8/9/21 8:00,97,12,85
8/9/21 9:00,58,14,44
8/9/21 10:00,40,11,29
8/9/21 11:00,35,12,23
8/9/21 12:00,63,31,32
8/9/21 13:00,58,33,25
8/9/21 14:00,75,43,32
8/9/21 15:00,74,59,15
8/9/21 16:00,135,103,32
8/9/21 17:00,158,129,29
8/9/21 18:00,100,82,18
8/9/21 19:00,67,43,24
8/9/21 20:00,27,14,13
8/9/21 21:00,20,13,7
8/9/21 22:00,9,6,3
8/9/21 23:00,5,4,1
8/10/21 0:00,8,7,1
8/10/21 1:00,2,0,2
8/10/21 2:00,4,1,3
8/10/21 3:00,2,1,1
8/10/21 4:00,9,2,7
8/10/21 5:00,33,5,28
8/10/21 6:00,86,7,79
8/10/21 7:00,108,9,99
8/10/21 8:00,113,12,101
8/10/21 9:00,51,19,32
8/10/21 10:00,37,11,26
8/10/21 11:00,27,10,17
8/10/21 12:00,43,12,31
8/10/21 13:00,43,25,18
8/10/21 14:00,69,38,31
8/10/21 15:00,88,72,16
8/10/21 16:00,119,88,31
8/10/21 17:00,156,126,30
8/10/21 18:00,96,70,26
8/10/21 19:00,54,37,17
8/10/21 20:00,29,15,14
8/10/21 21:00,28,23,5
8/10/21 22:00,8,8,0
8/10/21 23:00,9,6,3
8/11/21 0:00,4,3,1
8/11/21 1:00,1,0,1
8/11/21 2:00,5,1,4
8/11/21 3:00,2,1,1
8/11/21 4:00,14,3,11
8/11/21 5:00,41,7,34
8/11/21 6:00,80,7,73
8/11/21 7:00,97,9,88
8/11/21 8:00,111,18,93
8/11/21 9:00,68,18,50
8/11/21 10:00,61,24,37
8/11/21 11:00,40,21,19
8/11/21 12:00,56,21,35
8/11/21 13:00,42,23,19
8/11/21 14:00,71,47,24
8/11/21 15:00,68,51,17
8/11/21 16:00,116,89,27
8/11/21 17:00,142,120,22
8/11/21 18:00,82,62,20
8/11/21 19:00,59,46,13
8/11/21 20:00,51,31,20
8/11/21 21:00,26,17,9
8/11/21 22:00,13,6,7
8/11/21 23:00,11,8,3
8/12/21 0:00,5,4,1
8/12/21 1:00,8,3,5
8/12/21 2:00,7,2,5
8/12/21 3:00,3,2,1
8/12/21 4:00,12,2,10
8/12/21 5:00,29,7,22
8/12/21 6:00,70,6,64
8/12/21 7:00,110,7,103
8/12/21 8:00,118,15,103
8/12/21 9:00,63,16,47
8/12/21 10:00,41,18,23
8/12/21 11:00,42,19,23
8/12/21 12:00,48,18,30
8/12/21 13:00,31,17,14
8/12/21 14:00,40,24,16
8/12/21 15:00,75,62,13
8/12/21 16:00,106,79,27
8/12/21 17:00,113,93,20
8/12/21 18:00,89,70,19
8/12/21 19:00,46,37,9
8/12/21 20:00,29,21,8
8/12/21 21:00,20,17,3
8/12/21 22:00,13,9,4
8/12/21 23:00,8,5,3
8/13/21 0:00,7,4,3
8/13/21 1:00,2,2,0
8/13/21 2:00,3,1,2
8/13/21 3:00,1,0,1
8/13/21 4:00,7,1,6
8/13/21 5:00,38,9,29
8/13/21 6:00,58,7,51
8/13/21 7:00,58,9,49
8/13/21 8:00,80,15,65
8/13/21 9:00,31,11,20
8/13/21 10:00,30,14,16
8/13/21 11:00,24,10,14
8/13/21 12:00,22,11,11
8/13/21 13:00,37,16,21
8/13/21 14:00,47,37,10
8/13/21 15:00,44,33,11
8/13/21 16:00,81,59,22
8/13/21 17:00,81,48,33
8/13/21 18:00,43,31,12
8/13/21 19:00,42,32,10
8/13/21 20:00,23,14,9
8/13/21 21:00,20,10,10
8/13/21 22:00,25,13,12
8/13/21 23:00,21,15,6
8/14/21 0:00,13,6,7
8/14/21 1:00,4,2,2
8/14/21 2:00,3,1,2
8/14/21 3:00,2,2,0
8/14/21 4:00,3,1,2
8/14/21 5:00,8,2,6
8/14/21 6:00,11,3,8
8/14/21 7:00,26,8,18
8/14/21 8:00,51,23,28
8/14/21 9:00,34,16,18
8/14/21 10:00,70,39,31
8/14/21 11:00,49,26,23
8/14/21 12:00,77,42,35
8/14/21 13:00,67,33,34
8/14/21 14:00,69,22,47
8/14/21 15:00,76,47,29
8/14/21 16:00,65,33,32
8/14/21 17:00,55,32,23
8/14/21 18:00,48,17,31
8/14/21 19:00,39,19,20
8/14/21 20:00,20,12,8
8/14/21 21:00,11,8,3
8/14/21 22:00,18,11,7
8/14/21 23:00,23,16,7
8/15/21 0:00,11,9,2
8/15/21 1:00,2,2,0
8/15/21 2:00,4,3,1
8/15/21 3:00,5,0,5
8/15/21 4:00,5,0,5
8/15/21 5:00,4,1,3
8/15/21 6:00,14,5,9
8/15/21 7:00,22,8,14
8/15/21 8:00,34,9,25
8/15/21 9:00,54,30,24
8/15/21 10:00,98,49,49
8/15/21 11:00,91,34,57
8/15/21 12:00,70,34,36
8/15/21 13:00,87,43,44
8/15/21 14:00,74,33,41
8/15/21 15:00,77,50,27
8/15/21 16:00,60,31,29
8/15/21 17:00,60,41,19
8/15/21 18:00,52,25,27
8/15/21 19:00,27,18,9
8/15/21 20:00,29,11,18
8/15/21 21:00,10,8,2
8/15/21 22:00,14,8,6
8/15/21 23:00,5,3,2
8/16/21 0:00,4,4,0
8/16/21 1:00,0,0,0
8/16/21 2:00,4,2,2
8/16/21 3:00,2,1,1
8/16/21 4:00,11,3,8
8/16/21 5:00,37,7,30
8/16/21 6:00,78,7,71
8/16/21 7:00,88,6,82
8/16/21 8:00,86,4,82
8/16/21 9:00,44,4,40
8/16/21 10:00,37,9,28
8/16/21 11:00,35,18,17
8/16/21 12:00,40,11,29
8/16/21 13:00,38,25,13
8/16/21 14:00,53,29,24
8/16/21 15:00,65,44,21
8/16/21 16:00,110,89,21
8/16/21 17:00,114,97,17
8/16/21 18:00,71,61,10
8/16/21 19:00,34,27,7
8/16/21 20:00,27,17,10
8/16/21 21:00,10,6,4
8/16/21 22:00,4,2,2
8/16/21 23:00,5,4,1
8/17/21 0:00,5,4,1
8/17/21 1:00,2,2,0
8/17/21 2:00,5,1,4
8/17/21 3:00,4,3,1
8/17/21 4:00,9,0,9
8/17/21 5:00,42,7,35
8/17/21 6:00,80,8,72
8/17/21 7:00,96,8,88
8/17/21 8:00,117,8,109
8/17/21 9:00,56,21,35
8/17/21 10:00,31,9,22
8/17/21 11:00,48,27,21
8/17/21 12:00,44,18,26
8/17/21 13:00,46,22,24
8/17/21 14:00,50,33,17
8/17/21 15:00,74,57,17
8/17/21 16:00,127,99,28
8/17/21 17:00,161,122,39
8/17/21 18:00,120,90,30
8/17/21 19:00,59,38,21
8/17/21 20:00,27,19,8
8/17/21 21:00,14,12,2
8/17/21 22:00,11,6,5
8/17/21 23:00,10,8,2
8/18/21 0:00,6,5,1
8/18/21 1:00,4,1,3
8/18/21 2:00,5,0,5
8/18/21 3:00,4,2,2
8/18/21 4:00,5,0,5
8/18/21 5:00,45,5,40
8/18/21 6:00,81,10,71
8/18/21 7:00,99,10,89
8/18/21 8:00,88,14,74
8/18/21 9:00,51,10,41
8/18/21 10:00,45,10,35
8/18/21 11:00,33,17,16
8/18/21 12:00,35,14,21
8/18/21 13:00,41,19,22
8/18/21 14:00,54,38,16
8/18/21 15:00,100,56,44
8/18/21 16:00,132,100,32
8/18/21 17:00,157,120,37
8/18/21 18:00,101,84,17
8/18/21 19:00,66,45,21
8/18/21 20:00,36,24,12
8/18/21 21:00,15,9,6
8/18/21 22:00,8,3,5
8/18/21 23:00,9,8,1
8/19/21 0:00,3,3,0
8/19/21 1:00,1,0,1
8/19/21 2:00,7,2,5
8/19/21 3:00,2,1,1
8/19/21 4:00,7,3,4
8/19/21 5:00,38,5,33
8/19/21 6:00,75,9,66
8/19/21 7:00,114,14,100
8/19/21 8:00,102,10,92
8/19/21 9:00,54,12,42
8/19/21 10:00,35,12,23
8/19/21 11:00,37,15,22
8/19/21 12:00,51,23,28
8/19/21 13:00,51,24,27
8/19/21 14:00,55,31,24
8/19/21 15:00,83,52,31
8/19/21 16:00,109,89,20
8/19/21 17:00,159,131,28
8/19/21 18:00,110,83,27
8/19/21 19:00,44,30,14
8/19/21 20:00,39,24,15
8/19/21 21:00,27,14,13
8/19/21 22:00,10,6,4
8/19/21 23:00,11,11,0
8/20/21 0:00,4,4,0
8/20/21 1:00,2,2,0
8/20/21 2:00,10,4,6
8/20/21 3:00,2,0,2
8/20/21 4:00,9,2,7
8/20/21 5:00,28,4,24
8/20/21 6:00,54,8,46
8/20/21 7:00,77,8,69
8/20/21 8:00,92,12,80
8/20/21 9:00,56,19,37
8/20/21 10:00,45,33,12
8/20/21 11:00,44,12,32
8/20/21 12:00,60,36,24
8/20/21 13:00,43,27,16
8/20/21 14:00,89,42,47
8/20/21 15:00,75,41,34
8/20/21 16:00,87,69,18
8/20/21 17:00,121,98,23
8/20/21 18:00,64,47,17
8/20/21 19:00,55,35,20
8/20/21 20:00,33,15,18
8/20/21 21:00,12,10,2
8/20/21 22:00,9,5,4
8/20/21 23:00,13,11,2
8/21/21 0:00,4,3,1
8/21/21 1:00,6,3,3
8/21/21 2:00,5,3,2
8/21/21 3:00,3,3,0
8/21/21 4:00,5,1,4
8/21/21 5:00,6,1,5
8/21/21 6:00,15,5,10
8/21/21 7:00,21,3,18
8/21/21 8:00,51,28,23
8/21/21 9:00,51,26,25
8/21/21 10:00,57,22,35
8/21/21 11:00,58,25,33
8/21/21 12:00,63,39,24
8/21/21 13:00,72,39,33
8/21/21 14:00,63,38,25
8/21/21 15:00,75,32,43
8/21/21 16:00,91,42,49
8/21/21 17:00,58,29,29
8/21/21 18:00,55,30,25
8/21/21 19:00,36,18,18
8/21/21 20:00,29,16,13
8/21/21 21:00,25,21,4
8/21/21 22:00,15,13,2
8/21/21 23:00,12,10,2
8/22/21 0:00,5,3,2
8/22/21 1:00,5,5,0
8/22/21 2:00,5,3,2
8/22/21 3:00,0,0,0
8/22/21 4:00,7,2,5
8/22/21 5:00,6,0,6
8/22/21 6:00,9,3,6
8/22/21 7:00,9,4,5
8/22/21 8:00,35,10,25
8/22/21 9:00,36,11,25
8/22/21 10:00,65,34,31
8/22/21 11:00,53,23,30
8/22/21 12:00,62,33,29
8/22/21 13:00,70,35,35
8/22/21 14:00,72,44,28
8/22/21 15:00,54,32,22
8/22/21 16:00,58,26,32
8/22/21 17:00,42,25,17
8/22/21 18:00,36,21,15
8/22/21 19:00,24,15,9
8/22/21 20:00,18,13,5
8/22/21 21:00,9,6,3
8/22/21 22:00,3,2,1
8/22/21 23:00,3,3,0
8/23/21 0:00,2,1,1
8/23/21 1:00,4,3,1
8/23/21 2:00,0,0,0
8/23/21 3:00,1,1,0
8/23/21 4:00,14,2,12
8/23/21 5:00,33,7,26
8/23/21 6:00,74,9,65
8/23/21 7:00,90,6,84
8/23/21 8:00,99,6,93
8/23/21 9:00,45,17,28
8/23/21 10:00,29,10,19
8/23/21 11:00,36,13,23
8/23/21 12:00,49,20,29
8/23/21 13:00,45,22,23
8/23/21 14:00,62,45,17
8/23/21 15:00,74,49,25
8/23/21 16:00,141,100,41
8/23/21 17:00,127,108,19
8/23/21 18:00,117,92,25
8/23/21 19:00,69,42,27
8/23/21 20:00,42,24,18
8/23/21 21:00,29,20,9
8/23/21 22:00,9,6,3
8/23/21 23:00,8,6,2
8/24/21 0:00,3,2,1
8/24/21 1:00,5,3,2
8/24/21 2:00,2,0,2
8/24/21 3:00,5,1,4
8/24/21 4:00,8,0,8
8/24/21 5:00,34,4,30
8/24/21 6:00,81,5,76
8/24/21 7:00,107,12,95
8/24/21 8:00,119,13,106
8/24/21 9:00,39,12,27
8/24/21 10:00,41,15,26
8/24/21 11:00,42,18,24
8/24/21 12:00,41,18,23
8/24/21 13:00,41,24,17
8/24/21 14:00,74,38,36
8/24/21 15:00,76,47,29
8/24/21 16:00,134,109,25
8/24/21 17:00,176,139,37
8/24/21 18:00,104,78,26
8/24/21 19:00,59,42,17
8/24/21 20:00,29,14,15
8/24/21 21:00,21,13,8
8/24/21 22:00,11,9,2
8/24/21 23:00,6,3,3
8/25/21 0:00,6,4,2
8/25/21 1:00,4,4,0
8/25/21 2:00,3,0,3
8/25/21 3:00,1,0,1
8/25/21 4:00,12,1,11
8/25/21 5:00,29,9,20
8/25/21 6:00,70,4,66
8/25/21 7:00,104,9,95
8/25/21 8:00,98,11,87
8/25/21 9:00,63,19,44
8/25/21 10:00,48,15,33
8/25/21 11:00,41,12,29
8/25/21 12:00,50,20,30
8/25/21 13:00,52,33,19
8/25/21 14:00,74,47,27
8/25/21 15:00,85,50,35
8/25/21 16:00,131,95,36
8/25/21 17:00,156,131,25
8/25/21 18:00,83,65,18
8/25/21 19:00,73,49,24
8/25/21 20:00,35,23,12
8/25/21 21:00,19,14,5
8/25/21 22:00,11,11,0
8/25/21 23:00,8,8,0
8/26/21 0:00,1,1,0
8/26/21 1:00,5,2,3
8/26/21 2:00,10,3,7
8/26/21 3:00,0,0,0
8/26/21 4:00,8,4,4
8/26/21 5:00,29,5,24
8/26/21 6:00,60,5,55
8/26/21 7:00,94,8,86
8/26/21 8:00,103,12,91
8/26/21 9:00,61,9,52
8/26/21 10:00,30,14,16
8/26/21 11:00,52,22,30
8/26/21 12:00,42,17,25
8/26/21 13:00,43,22,21
8/26/21 14:00,49,29,20
8/26/21 15:00,75,52,23
8/26/21 16:00,85,66,19
8/26/21 17:00,131,110,21
8/26/21 18:00,92,71,21
8/26/21 19:00,56,41,15
8/26/21 20:00,32,23,9
8/26/21 21:00,18,11,7
8/26/21 22:00,14,13,1
8/26/21 23:00,6,5,1
8/27/21 0:00,16,12,4
8/27/21 1:00,1,0,1
8/27/21 2:00,3,0,3
8/27/21 3:00,2,1,1
8/27/21 4:00,3,1,2
8/27/21 5:00,33,4,29
8/27/21 6:00,55,5,50
8/27/21 7:00,89,14,75
8/27/21 8:00,73,5,68
8/27/21 9:00,41,11,30
8/27/21 10:00,27,10,17
8/27/21 11:00,44,24,20
8/27/21 12:00,47,29,18
8/27/21 13:00,45,20,25
8/27/21 14:00,61,36,25
8/27/21 15:00,69,36,33
8/27/21 16:00,101,76,25
8/27/21 17:00,93,72,21
8/27/21 18:00,70,46,24
8/27/21 19:00,44,34,10
8/27/21 20:00,18,12,6
8/27/21 21:00,13,12,1
8/27/21 22:00,10,9,1
8/27/21 23:00,5,5,0
8/28/21 0:00,12,7,5
8/28/21 1:00,3,1,2
8/28/21 2:00,2,0,2
8/28/21 3:00,2,1,1
8/28/21 4:00,4,1,3
8/28/21 5:00,3,0,3
8/28/21 6:00,12,3,9
8/28/21 7:00,21,5,16
8/28/21 8:00,62,28,34
8/28/21 9:00,86,43,43
8/28/21 10:00,87,41,46
8/28/21 11:00,121,70,51
8/28/21 12:00,105,52,53
8/28/21 13:00,77,49,28
8/28/21 14:00,93,43,50
8/28/21 15:00,71,42,29
8/28/21 16:00,71,30,41
8/28/21 17:00,66,28,38
8/28/21 18:00,68,39,29
8/28/21 19:00,37,21,16
8/28/21 20:00,27,15,12
8/28/21 21:00,16,9,7
8/28/21 22:00,19,14,5
8/28/21 23:00,11,6,5
8/29/21 0:00,7,7,0
8/29/21 1:00,7,5,2
8/29/21 2:00,0,0,0
8/29/21 3:00,5,1,4
8/29/21 4:00,4,1,3
8/29/21 5:00,6,2,4
8/29/21 6:00,11,5,6
8/29/21 7:00,18,9,9
8/29/21 8:00,29,16,13
8/29/21 9:00,55,23,32
8/29/21 10:00,67,22,45
8/29/21 11:00,114,73,41
8/29/21 12:00,136,87,49
8/29/21 13:00,130,46,84
8/29/21 14:00,107,37,70
8/29/21 15:00,97,46,51
8/29/21 16:00,85,56,29
8/29/21 17:00,60,17,43
8/29/21 18:00,53,24,29
8/29/21 19:00,22,12,10
8/29/21 20:00,24,20,4
8/29/21 21:00,19,14,5
8/29/21 22:00,29,26,3
8/29/21 23:00,7,6,1
8/30/21 0:00,5,5,0
8/30/21 1:00,4,3,1
8/30/21 2:00,5,5,0
8/30/21 3:00,4,2,2
8/30/21 4:00,8,1,7
8/30/21 5:00,37,6,31
8/30/21 6:00,78,8,70
8/30/21 7:00,99,14,85
8/30/21 8:00,85,10,75
8/30/21 9:00,44,11,33
8/30/21 10:00,27,9,18
8/30/21 11:00,30,7,23
8/30/21 12:00,25,11,14
8/30/21 13:00,33,19,14
8/30/21 14:00,46,28,18
8/30/21 15:00,75,60,15
8/30/21 16:00,99,74,25
8/30/21 17:00,125,107,18
8/30/21 18:00,77,60,17
8/30/21 19:00,32,26,6
8/30/21 20:00,21,16,5
8/30/21 21:00,7,6,1
8/30/21 22:00,4,4,0
8/30/21 23:00,16,12,4
8/31/21 0:00,3,2,1
8/31/21 1:00,2,2,0
8/31/21 2:00,3,0,3
8/31/21 3:00,2,1,1
8/31/21 4:00,5,0,5
8/31/21 5:00,26,3,23
8/31/21 6:00,71,8,63
8/31/21 7:00,124,12,112
8/31/21 8:00,89,6,83
8/31/21 9:00,48,16,32
8/31/21 10:00,32,10,22
8/31/21 11:00,28,14,14
8/31/21 12:00,40,17,23
8/31/21 13:00,36,20,16
8/31/21 14:00,48,33,15
8/31/21 15:00,27,19,8
8/31/21 16:00,0,0,0
8/31/21 17:00,0,0,0
8/31/21 18:00,0,0,0
8/31/21 19:00,0,0,0
8/31/21 20:00,0,0,0
8/31/21 21:00,0,0,0
8/31/21 22:00,0,0,0
8/31/21 23:00,0,0,0
9/1/21 0:00,0,0,0
9/1/21 1:00,0,0,0
9/1/21 2:00,0,0,0
9/1/21 3:00,0,0,0
9/1/21 4:00,0,0,0
9/1/21 5:00,0,0,0
9/1/21 6:00,0,0,0
9/1/21 7:00,0,0,0
9/1/21 8:00,0,0,0
9/1/21 9:00,0,0,0
9/1/21 10:00,0,0,0
9/1/21 11:00,0,0,0
9/1/21 12:00,0,0,0
9/1/21 13:00,0,0,0
9/1/21 14:00,0,0,0
9/1/21 15:00,0,0,0
9/1/21 16:00,0,0,0
9/1/21 17:00,0,0,0
9/1/21 18:00,0,0,0
9/1/21 19:00,0,0,0
9/1/21 20:00,0,0,0
9/1/21 21:00,0,0,0
9/1/21 22:00,0,0,0
9/1/21 23:00,0,0,0
9/2/21 0:00,0,0,0
9/2/21 1:00,0,0,0
9/2/21 2:00,0,0,0
9/2/21 3:00,0,0,0
9/2/21 4:00,0,0,0
9/2/21 5:00,0,0,0
9/2/21 6:00,0,0,0
9/2/21 7:00,0,0,0
9/2/21 8:00,0,0,0
9/2/21 9:00,0,0,0
9/2/21 10:00,0,0,0
9/2/21 11:00,0,0,0
9/2/21 12:00,0,0,0
9/2/21 13:00,0,0,0
9/2/21 14:00,0,0,0
9/2/21 15:00,0,0,0
9/2/21 16:00,0,0,0
9/2/21 17:00,0,0,0
9/2/21 18:00,0,0,0
9/2/21 19:00,0,0,0
9/2/21 20:00,1,0,1
9/2/21 21:00,0,0,0
9/2/21 22:00,0,0,0
9/2/21 23:00,0,0,0
9/3/21 0:00,0,0,0
9/3/21 1:00,0,0,0
9/3/21 2:00,0,0,0
9/3/21 3:00,0,0,0
9/3/21 4:00,0,0,0
9/3/21 5:00,0,0,0
9/3/21 6:00,0,0,0
9/3/21 7:00,0,0,0
9/3/21 8:00,0,0,0
9/3/21 9:00,0,0,0
9/3/21 10:00,0,0,0
9/3/21 11:00,0,0,0
9/3/21 12:00,0,0,0
5/25/17 10:00,29,9,20
5/25/17 11:00,24,13,11
5/25/17 12:00,22,11,11
5/25/17 13:00,30,17,13
5/25/17 14:00,40,25,15
5/25/17 15:00,84,67,17
5/25/17 16:00,134,101,33
5/25/17 17:00,249,199,50
5/25/17 18:00,141,126,15
5/25/17 19:00,93,64,29
5/25/17 20:00,34,19,15
5/25/17 21:00,21,15,6
5/25/17 22:00,8,5,3
5/25/17 23:00,6,4,2
5/26/17 0:00,2,2,0
5/26/17 1:00,6,4,2
5/26/17 2:00,2,1,1
5/26/17 3:00,1,1,0
5/26/17 4:00,2,1,1
5/26/17 5:00,27,3,24
5/26/17 6:00,76,15,61
5/26/17 7:00,168,15,153
5/26/17 8:00,144,21,123
5/26/17 9:00,63,11,52
5/26/17 10:00,38,14,24
5/26/17 11:00,31,15,16
5/26/17 12:00,54,28,26
5/26/17 13:00,57,34,23
5/26/17 14:00,74,55,19
5/26/17 15:00,106,79,27
5/26/17 16:00,139,111,28
5/26/17 17:00,147,118,29
9/3/21 13:00,0,0,0
9/3/21 14:00,0,0,0
9/3/21 15:00,0,0,0
9/3/21 16:00,0,0,0
9/3/21 17:00,0,0,0
9/3/21 18:00,0,0,0
9/3/21 19:00,0,0,0
9/3/21 20:00,0,0,0
9/3/21 21:00,0,0,0
9/3/21 22:00,0,0,0
9/3/21 23:00,0,0,0
9/4/21 0:00,0,0,0
9/4/21 1:00,0,0,0
9/4/21 2:00,0,0,0
9/4/21 3:00,0,0,0
9/4/21 4:00,0,0,0
9/4/21 5:00,0,0,0
9/4/21 6:00,0,0,0
9/4/21 7:00,0,0,0
9/4/21 8:00,0,0,0
9/4/21 9:00,0,0,0
9/4/21 10:00,0,0,0
9/4/21 11:00,0,0,0
9/4/21 12:00,0,0,0
9/4/21 13:00,0,0,0
9/4/21 14:00,0,0,0
9/4/21 15:00,0,0,0
9/4/21 16:00,0,0,0
9/4/21 17:00,0,0,0
9/4/21 18:00,0,0,0
9/4/21 19:00,0,0,0
9/4/21 20:00,0,0,0
9/4/21 21:00,0,0,0
9/4/21 22:00,0,0,0
9/4/21 23:00,0,0,0
9/5/21 0:00,0,0,0
9/5/21 1:00,0,0,0
9/5/21 2:00,0,0,0
9/5/21 3:00,0,0,0
9/5/21 4:00,0,0,0
9/5/21 5:00,0,0,0
9/5/21 6:00,0,0,0
9/5/21 7:00,0,0,0
9/5/21 8:00,0,0,0
9/5/21 9:00,0,0,0
9/5/21 10:00,0,0,0
9/5/21 11:00,0,0,0
9/5/21 12:00,0,0,0
9/5/21 13:00,0,0,0
9/5/21 14:00,0,0,0
9/5/21 15:00,0,0,0
9/5/21 16:00,0,0,0
9/5/21 17:00,0,0,0
9/5/21 18:00,0,0,0
9/5/21 19:00,0,0,0
9/5/21 20:00,0,0,0
9/5/21 21:00,0,0,0
9/5/21 22:00,0,0,0
9/5/21 23:00,0,0,0
9/6/21 0:00,0,0,0
9/6/21 1:00,0,0,0
9/6/21 2:00,0,0,0
9/6/21 3:00,0,0,0
9/6/21 4:00,0,0,0
9/6/21 5:00,0,0,0
9/6/21 6:00,0,0,0
9/6/21 7:00,0,0,0
9/6/21 8:00,0,0,0
9/6/21 9:00,0,0,0
9/6/21 10:00,0,0,0
9/6/21 11:00,0,0,0
9/6/21 12:00,0,0,0
9/6/21 13:00,0,0,0
9/6/21 14:00,0,0,0
9/6/21 15:00,0,0,0
9/6/21 16:00,0,0,0
9/6/21 17:00,0,0,0
9/6/21 18:00,0,0,0
9/6/21 19:00,0,0,0
9/6/21 20:00,0,0,0
9/6/21 21:00,0,0,0
9/6/21 22:00,0,0,0
9/6/21 23:00,0,0,0
9/7/21 0:00,0,0,0
9/7/21 1:00,0,0,0
9/7/21 2:00,0,0,0
9/7/21 3:00,0,0,0
9/7/21 4:00,0,0,0
9/7/21 5:00,0,0,0
9/7/21 6:00,0,0,0
9/7/21 7:00,0,0,0
9/7/21 8:00,0,0,0
9/7/21 9:00,0,0,0
9/7/21 10:00,0,0,0
9/7/21 11:00,9,2,7
9/7/21 12:00,43,23,20
9/7/21 13:00,44,24,20
9/7/21 14:00,56,34,22
9/7/21 15:00,90,67,23
9/7/21 16:00,123,86,37
9/7/21 17:00,171,153,18
9/7/21 18:00,93,78,15
9/7/21 19:00,47,29,18
9/7/21 20:00,21,17,4
9/7/21 21:00,11,7,4
9/7/21 22:00,10,7,3
9/7/21 23:00,9,7,2
9/8/21 0:00,4,2,2
9/8/21 1:00,3,1,2
9/8/21 2:00,2,1,1
9/8/21 3:00,2,1,1
9/8/21 4:00,14,2,12
9/8/21 5:00,24,7,17
9/8/21 6:00,96,10,86
9/8/21 7:00,115,17,98
9/8/21 8:00,139,21,118
9/8/21 9:00,66,16,50
9/8/21 10:00,38,15,23
9/8/21 11:00,52,23,29
9/8/21 12:00,40,24,16
9/8/21 13:00,46,24,22
9/8/21 14:00,68,39,29
9/8/21 15:00,95,54,41
9/8/21 16:00,119,96,23
9/8/21 17:00,177,145,32
9/8/21 18:00,101,78,23
9/8/21 19:00,52,34,18
9/8/21 20:00,23,13,10
9/8/21 21:00,16,14,2
9/8/21 22:00,20,12,8
9/8/21 23:00,3,3,0
9/9/21 0:00,6,4,2
9/9/21 1:00,2,1,1
9/9/21 2:00,4,1,3
9/9/21 3:00,2,1,1
9/9/21 4:00,8,2,6
9/9/21 5:00,40,8,32
9/9/21 6:00,67,6,61
9/9/21 7:00,119,13,106
9/9/21 8:00,119,13,106
9/9/21 9:00,81,21,60
9/9/21 10:00,45,12,33
9/9/21 11:00,32,14,18
9/9/21 12:00,44,25,19
9/9/21 13:00,36,15,21
9/9/21 14:00,53,29,24
9/9/21 15:00,80,53,27
9/9/21 16:00,133,101,32
9/9/21 17:00,152,131,21
9/9/21 18:00,85,65,20
9/9/21 19:00,51,33,18
9/9/21 20:00,28,17,11
9/9/21 21:00,20,15,5
9/9/21 22:00,6,5,1
9/9/21 23:00,5,4,1
9/10/21 0:00,3,3,0
9/10/21 1:00,2,2,0
9/10/21 2:00,4,0,4
9/10/21 3:00,4,2,2
9/10/21 4:00,5,0,5
9/10/21 5:00,26,6,20
9/10/21 6:00,50,7,43
9/10/21 7:00,86,6,80
9/10/21 8:00,104,14,90
9/10/21 9:00,48,11,37
9/10/21 10:00,31,13,18
9/10/21 11:00,32,10,22
9/10/21 12:00,39,22,17
9/10/21 13:00,39,22,17
9/10/21 14:00,58,35,23
9/10/21 15:00,68,48,20
9/10/21 16:00,103,78,25
9/10/21 17:00,105,81,24
9/10/21 18:00,50,31,19
9/10/21 19:00,26,19,7
9/10/21 20:00,20,14,6
9/10/21 21:00,14,8,6
9/10/21 22:00,13,8,5
9/10/21 23:00,2,2,0
9/11/21 0:00,4,4,0
9/11/21 1:00,2,2,0
9/11/21 2:00,1,0,1
9/11/21 3:00,0,0,0
9/11/21 4:00,2,0,2
9/11/21 5:00,7,4,3
9/11/21 6:00,9,2,7
9/11/21 7:00,19,8,11
9/11/21 8:00,38,12,26
9/11/21 9:00,52,35,17
9/11/21 10:00,58,26,32
9/11/21 11:00,78,41,37
9/11/21 12:00,108,41,67
9/11/21 13:00,86,34,52
9/11/21 14:00,106,61,45
9/11/21 15:00,75,38,37
9/11/21 16:00,90,54,36
9/11/21 17:00,49,38,11
9/11/21 18:00,46,21,25
9/11/21 19:00,34,21,13
9/11/21 20:00,14,7,7
9/11/21 21:00,16,11,5
9/11/21 22:00,10,6,4
9/11/21 23:00,11,9,2
9/12/21 0:00,6,5,1
9/12/21 1:00,3,1,2
9/12/21 2:00,2,1,1
9/12/21 3:00,0,0,0
9/12/21 4:00,3,0,3
9/12/21 5:00,6,2,4
9/12/21 6:00,7,1,6
9/12/21 7:00,7,1,6
9/12/21 8:00,21,7,14
9/12/21 9:00,16,9,7
9/12/21 10:00,18,8,10
9/12/21 11:00,26,19,7
9/12/21 12:00,73,20,53
9/12/21 13:00,45,18,27
9/12/21 14:00,29,12,17
9/12/21 15:00,55,27,28
9/12/21 16:00,39,24,15
9/12/21 17:00,41,18,23
9/12/21 18:00,30,11,19
9/12/21 19:00,18,13,5
9/12/21 20:00,8,5,3
9/12/21 21:00,5,4,1
9/12/21 22:00,4,1,3
9/12/21 23:00,2,1,1
9/13/21 0:00,2,2,0
9/13/21 1:00,3,1,2
9/13/21 2:00,3,1,2
9/13/21 3:00,6,3,3
9/13/21 4:00,5,2,3
9/13/21 5:00,31,8,23
9/13/21 6:00,68,8,60
9/13/21 7:00,118,15,103
9/13/21 8:00,117,6,111
9/13/21 9:00,59,11,48
9/13/21 10:00,33,15,18
9/13/21 11:00,44,21,23
9/13/21 12:00,43,23,20
9/13/21 13:00,39,23,16
9/13/21 14:00,59,32,27
9/13/21 15:00,70,50,20
9/13/21 16:00,137,101,36
9/13/21 17:00,150,127,23
9/13/21 18:00,91,71,20
9/13/21 19:00,32,26,6
9/13/21 20:00,31,22,9
9/13/21 21:00,19,13,6
9/13/21 22:00,16,15,1
9/13/21 23:00,11,11,0
9/14/21 0:00,4,2,2
9/14/21 1:00,2,0,2
9/14/21 2:00,2,1,1
9/14/21 3:00,7,3,4
9/14/21 4:00,5,2,3
9/14/21 5:00,41,10,31
9/14/21 6:00,80,8,72
9/14/21 7:00,137,10,127
9/14/21 8:00,111,10,101
9/14/21 9:00,55,16,39
9/14/21 10:00,34,9,25
9/14/21 11:00,33,11,22
9/14/21 12:00,33,17,16
9/14/21 13:00,47,23,24
9/14/21 14:00,48,35,13
9/14/21 15:00,68,53,15
9/14/21 16:00,130,101,29
9/14/21 17:00,151,121,30
9/14/21 18:00,101,72,29
9/14/21 19:00,42,25,17
9/14/21 20:00,18,11,7
9/14/21 21:00,23,18,5
9/14/21 22:00,22,19,3
9/14/21 23:00,11,10,1
9/15/21 0:00,8,5,3
9/15/21 1:00,5,3,2
9/15/21 2:00,3,1,2
9/15/21 3:00,1,0,1
9/15/21 4:00,3,0,3
9/15/21 5:00,24,8,16
9/15/21 6:00,60,4,56
9/15/21 7:00,113,11,102
9/15/21 8:00,84,11,73
9/15/21 9:00,50,10,40
9/15/21 10:00,28,11,17
9/15/21 11:00,21,4,17
9/15/21 12:00,30,14,16
9/15/21 13:00,34,18,16
9/15/21 14:00,46,27,19
9/15/21 15:00,78,51,27
9/15/21 16:00,97,70,27
9/15/21 17:00,164,130,34
9/15/21 18:00,98,73,25
9/15/21 19:00,55,42,13
9/15/21 20:00,24,15,9
9/15/21 21:00,20,12,8
9/15/21 22:00,4,4,0
9/15/21 23:00,12,6,6
9/16/21 0:00,4,2,2
9/16/21 1:00,2,2,0
9/16/21 2:00,1,0,1
9/16/21 3:00,4,1,3
9/16/21 4:00,9,3,6
9/16/21 5:00,35,7,28
9/16/21 6:00,72,11,61
9/16/21 7:00,104,10,94
9/16/21 8:00,119,10,109
9/16/21 9:00,58,18,40
9/16/21 10:00,45,10,35
9/16/21 11:00,32,13,19
9/16/21 12:00,39,20,19
9/16/21 13:00,47,25,22
9/16/21 14:00,60,37,23
9/16/21 15:00,69,50,19
9/16/21 16:00,134,103,31
9/16/21 17:00,160,125,35
9/16/21 18:00,93,56,37
9/16/21 19:00,48,33,15
9/16/21 20:00,34,29,5
9/16/21 21:00,17,10,7
9/16/21 22:00,11,9,2
9/16/21 23:00,10,7,3
9/17/21 0:00,4,3,1
9/17/21 1:00,4,1,3
9/17/21 2:00,4,2,2
9/17/21 3:00,6,2,4
9/17/21 4:00,7,2,5
9/17/21 5:00,19,2,17
9/17/21 6:00,37,6,31
9/17/21 7:00,48,7,41
9/17/21 8:00,49,7,42
9/17/21 9:00,27,8,19
9/17/21 10:00,16,6,10
9/17/21 11:00,12,4,8
9/17/21 12:00,11,8,3
9/17/21 13:00,21,11,10
9/17/21 14:00,28,18,10
9/17/21 15:00,30,23,7
9/17/21 16:00,47,37,10
9/17/21 17:00,41,31,10
9/17/21 18:00,27,22,5
9/17/21 19:00,23,18,5
9/17/21 20:00,8,6,2
9/17/21 21:00,6,6,0
9/17/21 22:00,8,4,4
9/17/21 23:00,3,1,2
9/18/21 0:00,2,0,2
9/18/21 1:00,2,1,1
9/18/21 2:00,5,4,1
9/18/21 3:00,1,0,1
9/18/21 4:00,3,1,2
9/18/21 5:00,2,0,2
9/18/21 6:00,3,1,2
9/18/21 7:00,7,3,4
9/18/21 8:00,10,2,8
9/18/21 9:00,19,7,12
9/18/21 10:00,27,12,15
9/18/21 11:00,39,17,22
9/18/21 12:00,45,17,28
9/18/21 13:00,41,21,20
9/18/21 14:00,21,13,8
9/18/21 15:00,12,8,4
9/18/21 16:00,16,8,8
9/18/21 17:00,5,2,3
9/18/21 18:00,16,9,7
9/18/21 19:00,6,2,4
9/18/21 20:00,5,2,3
9/18/21 21:00,2,2,0
9/18/21 22:00,1,1,0
9/18/21 23:00,1,0,1
9/19/21 0:00,0,0,0
9/19/21 1:00,0,0,0
9/19/21 2:00,3,2,1
9/19/21 3:00,3,2,1
9/19/21 4:00,2,0,2
9/19/21 5:00,1,0,1
9/19/21 6:00,3,1,2
9/19/21 7:00,6,3,3
9/19/21 8:00,20,4,16
9/19/21 9:00,17,11,6
9/19/21 10:00,35,15,20
9/19/21 11:00,80,50,30
9/19/21 12:00,47,16,31
9/19/21 13:00,54,30,24
9/19/21 14:00,39,21,18
9/19/21 15:00,24,10,14
9/19/21 16:00,40,22,18
9/19/21 17:00,67,50,17
9/19/21 18:00,22,17,5
9/19/21 19:00,9,1,8
9/19/21 20:00,6,6,0
9/19/21 21:00,4,2,2
9/19/21 22:00,5,4,1
9/19/21 23:00,6,5,1
9/20/21 0:00,5,4,1
9/20/21 1:00,4,1,3
9/20/21 2:00,0,0,0
9/20/21 3:00,2,0,2
9/20/21 4:00,8,1,7
9/20/21 5:00,18,5,13
9/20/21 6:00,76,8,68
9/20/21 7:00,126,8,118
9/20/21 8:00,96,10,86
9/20/21 9:00,53,11,42
9/20/21 10:00,27,7,20
9/20/21 11:00,34,15,19
9/20/21 12:00,28,11,17
9/20/21 13:00,39,22,17
9/20/21 14:00,59,36,23
9/20/21 15:00,73,49,24
9/20/21 16:00,119,95,24
9/20/21 17:00,150,127,23
9/20/21 18:00,78,63,15
9/20/21 19:00,38,24,14
9/20/21 20:00,24,19,5
9/20/21 21:00,16,11,5
9/20/21 22:00,10,3,7
9/20/21 23:00,7,7,0
9/21/21 0:00,4,4,0
9/21/21 1:00,2,1,1
9/21/21 2:00,6,3,3
9/21/21 3:00,7,5,2
9/21/21 4:00,7,1,6
9/21/21 5:00,37,6,31
9/21/21 6:00,71,13,58
9/21/21 7:00,137,11,126
9/21/21 8:00,123,13,110
9/21/21 9:00,61,13,48
9/21/21 10:00,47,16,31
9/21/21 11:00,34,18,16
9/21/21 12:00,47,22,25
9/21/21 13:00,49,24,25
9/21/21 14:00,81,54,27
9/21/21 15:00,107,69,38
9/21/21 16:00,170,133,37
9/21/21 17:00,165,133,32
9/21/21 18:00,122,91,31
9/21/21 19:00,59,41,18
9/21/21 20:00,34,17,17
9/21/21 21:00,17,13,4
9/21/21 22:00,8,5,3
9/21/21 23:00,6,5,1
9/22/21 0:00,3,3,0
9/22/21 1:00,7,3,4
9/22/21 2:00,4,2,2
9/22/21 3:00,5,3,2
9/22/21 4:00,8,0,8
9/22/21 5:00,34,8,26
9/22/21 6:00,59,9,50
9/22/21 7:00,116,10,106
9/22/21 8:00,102,11,91
9/22/21 9:00,62,10,52
9/22/21 10:00,26,11,15
9/22/21 11:00,27,14,13
9/22/21 12:00,23,12,11
9/22/21 13:00,36,18,18
9/22/21 14:00,55,34,21
9/22/21 15:00,57,40,17
9/22/21 16:00,116,91,25
9/22/21 17:00,116,103,13
9/22/21 18:00,84,65,19
9/22/21 19:00,35,22,13
9/22/21 20:00,27,21,6
9/22/21 21:00,14,11,3
9/22/21 22:00,6,4,2
9/22/21 23:00,10,8,2
9/23/21 0:00,3,3,0
9/23/21 1:00,2,0,2
9/23/21 2:00,2,0,2
9/23/21 3:00,4,2,2
9/23/21 4:00,7,1,6
9/23/21 5:00,28,7,21
9/23/21 6:00,65,11,54
9/23/21 7:00,112,12,100
9/23/21 8:00,113,8,105
9/23/21 9:00,57,10,47
9/23/21 10:00,44,9,35
9/23/21 11:00,37,13,24
9/23/21 12:00,48,20,28
9/23/21 13:00,43,28,15
9/23/21 14:00,54,31,23
9/23/21 15:00,80,53,27
9/23/21 16:00,125,95,30
9/23/21 17:00,172,139,33
9/23/21 18:00,91,68,23
9/23/21 19:00,38,23,15
9/23/21 20:00,24,20,4
9/23/21 21:00,8,7,1
9/23/21 22:00,5,4,1
9/23/21 23:00,10,8,2
9/24/21 0:00,5,3,2
9/24/21 1:00,0,0,0
9/24/21 2:00,3,3,0
9/24/21 3:00,2,1,1
9/24/21 4:00,10,3,7
9/24/21 5:00,35,9,26
9/24/21 6:00,52,4,48
9/24/21 7:00,86,10,76
9/24/21 8:00,96,8,88
9/24/21 9:00,57,22,35
9/24/21 10:00,29,5,24
9/24/21 11:00,57,17,40
9/24/21 12:00,44,24,20
9/24/21 13:00,64,38,26
9/24/21 14:00,53,28,25
9/24/21 15:00,81,54,27
9/24/21 16:00,111,84,27
9/24/21 17:00,144,115,29
9/24/21 18:00,94,60,34
9/24/21 19:00,32,23,9
9/24/21 20:00,26,18,8
9/24/21 21:00,11,6,5
9/24/21 22:00,15,9,6
9/24/21 23:00,15,13,2
9/25/21 0:00,6,2,4
9/25/21 1:00,8,5,3
9/25/21 2:00,8,6,2
9/25/21 3:00,3,0,3
9/25/21 4:00,8,3,5
9/25/21 5:00,7,3,4
9/25/21 6:00,11,4,7
9/25/21 7:00,27,18,9
9/25/21 8:00,49,18,31
9/25/21 9:00,51,16,35
9/25/21 10:00,73,40,33
9/25/21 11:00,93,50,43
9/25/21 12:00,116,71,45
9/25/21 13:00,119,62,57
9/25/21 14:00,101,37,64
9/25/21 15:00,110,61,49
9/25/21 16:00,91,39,52
9/25/21 17:00,80,46,34
9/25/21 18:00,53,26,27
9/25/21 19:00,37,23,14
9/25/21 20:00,11,8,3
9/25/21 21:00,7,1,6
9/25/21 22:00,6,2,4
9/25/21 23:00,7,5,2
9/26/21 0:00,5,3,2
9/26/21 1:00,2,2,0
9/26/21 2:00,8,7,1
9/26/21 3:00,3,2,1
9/26/21 4:00,4,2,2
9/26/21 5:00,4,2,2
9/26/21 6:00,6,2,4
9/26/21 7:00,10,5,5
9/26/21 8:00,23,12,11
9/26/21 9:00,31,8,23
9/26/21 10:00,29,13,16
9/26/21 11:00,44,22,22
9/26/21 12:00,34,16,18
9/26/21 13:00,38,20,18
9/26/21 14:00,19,12,7
9/26/21 15:00,11,9,2
9/26/21 16:00,5,3,2
9/26/21 17:00,12,7,5
9/26/21 18:00,14,11,3
9/26/21 19:00,5,2,3
9/26/21 20:00,7,6,1
9/26/21 21:00,0,0,0
9/26/21 22:00,1,0,1
9/26/21 23:00,1,0,1
9/27/21 0:00,,,
9/27/21 1:00,,,
9/27/21 2:00,,,
9/27/21 3:00,,,
9/27/21 4:00,,,
9/27/21 5:00,,,
9/27/21 6:00,,,
9/27/21 7:00,,,
9/27/21 8:00,,,
9/27/21 9:00,,,
9/27/21 10:00,,,
9/27/21 11:00,,,
9/27/21 12:00,,,
9/27/21 13:00,,,
9/27/21 14:00,,,
9/27/21 15:00,,,
9/27/21 16:00,,,
9/27/21 17:00,,,
9/27/21 18:00,,,
9/27/21 19:00,,,
9/27/21 20:00,,,
9/27/21 21:00,,,
9/27/21 22:00,,,
9/27/21 23:00,,,
9/28/21 0:00,4,2,2
9/28/21 1:00,6,3,3
9/28/21 2:00,18,9,9
9/28/21 3:00,56,28,28
9/28/21 4:00,102,51,51
9/28/21 5:00,178,89,89
9/28/21 6:00,150,75,75
9/28/21 7:00,76,38,38
9/28/21 8:00,58,29,29
9/28/21 9:00,32,16,16
9/28/21 10:00,22,11,11
9/28/21 11:00,40,20,20
9/28/21 12:00,34,17,17
9/28/21 13:00,62,31,31
9/28/21 14:00,62,31,31
9/28/21 15:00,46,23,23
9/28/21 16:00,52,26,26
9/28/21 17:00,22,11,11
9/28/21 18:00,24,12,12
9/28/21 19:00,18,9,9
9/28/21 20:00,4,2,2
9/28/21 21:00,6,3,3
9/28/21 22:00,0,0,0
9/28/21 23:00,0,0,0
9/29/21 0:00,4,3,1
9/29/21 1:00,1,1,0
9/29/21 2:00,6,6,0
9/29/21 3:00,22,22,0
9/29/21 4:00,49,49,0
9/29/21 5:00,90,90,0
9/29/21 6:00,90,90,0
9/29/21 7:00,55,55,0
9/29/21 8:00,30,30,0
9/29/21 9:00,16,16,0
9/29/21 10:00,15,15,0
9/29/21 11:00,27,27,0
9/29/21 12:00,29,29,0
9/29/21 13:00,23,23,0
9/29/21 14:00,43,43,0
9/29/21 15:00,28,28,0
9/29/21 16:00,32,32,0
9/29/21 17:00,25,25,0
9/29/21 18:00,10,10,0
9/29/21 19:00,7,7,0
9/29/21 20:00,8,8,0
9/29/21 21:00,2,2,0
9/29/21 22:00,0,0,0
9/29/21 23:00,1,1,0
9/30/21 0:00,1,1,0
9/30/21 1:00,0,0,0
9/30/21 2:00,4,4,0
9/30/21 3:00,22,22,0
9/30/21 4:00,40,40,0
9/30/21 5:00,77,77,0
9/30/21 6:00,59,59,0
9/30/21 7:00,39,39,0
9/30/21 8:00,33,33,0
9/30/21 9:00,26,26,0
9/30/21 10:00,21,21,0
9/30/21 11:00,29,29,0
9/30/21 12:00,20,20,0
9/30/21 13:00,29,29,0
9/30/21 14:00,31,31,0
9/30/21 15:00,29,29,0
9/30/21 16:00,27,27,0
9/30/21 17:00,14,14,0
9/30/21 18:00,5,5,0
9/30/21 19:00,5,5,0
9/30/21 20:00,10,5,5
9/30/21 21:00,10,5,5
9/30/21 22:00,24,12,12
9/30/21 23:00,8,4,4
10/1/21 0:00,4,4,0
10/1/21 1:00,3,1,2
10/1/21 2:00,4,1,3
10/1/21 3:00,3,2,1
10/1/21 4:00,8,0,8
10/1/21 5:00,24,5,19
10/1/21 6:00,49,11,38
10/1/21 7:00,89,14,75
10/1/21 8:00,66,5,61
10/1/21 9:00,59,13,46
10/1/21 10:00,21,5,16
10/1/21 11:00,34,15,19
10/1/21 12:00,33,22,11
10/1/21 13:00,47,24,23
10/1/21 14:00,66,42,24
10/1/21 15:00,84,56,28
10/1/21 16:00,102,74,28
10/1/21 17:00,136,78,58
10/1/21 18:00,56,39,17
10/1/21 19:00,45,29,16
10/1/21 20:00,20,15,5
10/1/21 21:00,14,8,6
10/1/21 22:00,20,20,0
10/1/21 23:00,18,18,0
10/2/21 0:00,10,8,2
10/2/21 1:00,0,0,0
10/2/21 2:00,11,9,2
10/2/21 3:00,2,2,0
10/2/21 4:00,2,0,2
10/2/21 5:00,7,1,6
10/2/21 6:00,12,4,8
10/2/21 7:00,22,7,15
10/2/21 8:00,31,6,25
10/2/21 9:00,50,29,21
10/2/21 10:00,49,26,23
10/2/21 11:00,63,31,32
10/2/21 12:00,84,41,43
10/2/21 13:00,68,38,30
10/2/21 14:00,76,27,49
10/2/21 15:00,71,35,36
10/2/21 16:00,80,39,41
10/2/21 17:00,64,44,20
10/2/21 18:00,43,23,20
10/2/21 19:00,17,11,6
10/2/21 20:00,15,7,8
10/2/21 21:00,8,7,1
10/2/21 22:00,31,30,1
10/2/21 23:00,10,7,3
10/3/21 0:00,7,4,3
10/3/21 1:00,2,1,1
10/3/21 2:00,7,7,0
10/3/21 3:00,4,1,3
10/3/21 4:00,2,0,2
10/3/21 5:00,6,2,4
10/3/21 6:00,10,2,8
10/3/21 7:00,10,2,8
10/3/21 8:00,25,11,14
10/3/21 9:00,28,9,19
10/3/21 10:00,43,17,26
10/3/21 11:00,52,22,30
10/3/21 12:00,35,15,20
10/3/21 13:00,44,24,20
10/3/21 14:00,28,18,10
10/3/21 15:00,29,15,14
10/3/21 16:00,60,42,18
5/26/17 18:00,76,63,13
5/26/17 19:00,39,29,10
5/26/17 20:00,37,24,13
5/26/17 21:00,22,13,9
5/26/17 22:00,14,8,6
5/26/17 23:00,5,3,2
5/27/17 0:00,2,0,2
5/27/17 1:00,1,0,1
5/27/17 2:00,3,3,0
5/27/17 3:00,0,0,0
5/27/17 4:00,1,0,1
5/27/17 5:00,6,0,6
5/27/17 6:00,9,4,5
5/27/17 7:00,23,8,15
5/27/17 8:00,50,24,26
5/27/17 9:00,77,38,39
5/27/17 10:00,85,26,59
5/27/17 11:00,83,41,42
5/27/17 12:00,66,38,28
5/27/17 13:00,63,29,34
5/27/17 14:00,74,49,25
5/27/17 15:00,63,29,34
5/27/17 16:00,70,40,30
5/27/17 17:00,53,33,20
5/27/17 18:00,31,21,10
5/27/17 19:00,40,23,17
5/27/17 20:00,18,11,7
5/27/17 21:00,21,12,9
5/27/17 22:00,11,4,7
5/27/17 23:00,7,3,4
5/28/17 0:00,8,4,4
5/28/17 1:00,5,2,3
5/28/17 2:00,2,1,1
5/28/17 3:00,3,1,2
5/28/17 4:00,4,1,3
5/28/17 5:00,42,3,39
5/28/17 6:00,101,4,97
5/28/17 7:00,34,5,29
5/28/17 8:00,62,40,22
5/28/17 9:00,117,96,21
5/28/17 10:00,124,88,36
5/28/17 11:00,100,64,36
5/28/17 12:00,92,43,49
5/28/17 13:00,58,34,24
5/28/17 14:00,84,38,46
5/28/17 15:00,73,30,43
5/28/17 16:00,52,27,25
5/28/17 17:00,49,20,29
5/28/17 18:00,41,17,24
5/28/17 19:00,36,20,16
5/28/17 20:00,8,1,7
5/28/17 21:00,8,5,3
5/28/17 22:00,8,4,4
5/28/17 23:00,3,0,3
5/29/17 0:00,11,6,5
5/29/17 1:00,1,0,1
10/3/21 17:00,44,22,22
10/3/21 18:00,37,19,18
10/3/21 19:00,10,7,3
10/3/21 20:00,5,4,1
10/3/21 21:00,17,15,2
10/3/21 22:00,6,6,0
10/3/21 23:00,3,1,2
10/4/21 0:00,1,0,1
10/4/21 1:00,1,0,1
10/4/21 2:00,1,0,1
10/4/21 3:00,3,2,1
10/4/21 4:00,9,1,8
10/4/21 5:00,33,6,27
10/4/21 6:00,65,11,54
10/4/21 7:00,96,9,87
10/4/21 8:00,91,9,82
10/4/21 9:00,44,12,32
10/4/21 10:00,32,7,25
10/4/21 11:00,34,11,23
10/4/21 12:00,37,23,14
10/4/21 13:00,45,26,19
10/4/21 14:00,49,34,15
10/4/21 15:00,86,56,30
10/4/21 16:00,107,77,30
10/4/21 17:00,149,126,23
10/4/21 18:00,76,56,20
10/4/21 19:00,30,21,9
10/4/21 20:00,10,8,2
10/4/21 21:00,14,7,7
10/4/21 22:00,7,6,1
10/4/21 23:00,7,4,3
10/5/21 0:00,1,1,0
10/5/21 1:00,2,1,1
10/5/21 2:00,0,0,0
10/5/21 3:00,5,2,3
10/5/21 4:00,9,5,4
10/5/21 5:00,28,6,22
10/5/21 6:00,45,9,36
10/5/21 7:00,58,5,53
10/5/21 8:00,52,6,46
10/5/21 9:00,21,2,19
10/5/21 10:00,13,4,9
10/5/21 11:00,14,3,11
10/5/21 12:00,15,6,9
10/5/21 13:00,17,9,8
10/5/21 14:00,32,17,15
10/5/21 15:00,30,21,9
10/5/21 16:00,61,49,12
10/5/21 17:00,86,69,17
10/5/21 18:00,55,38,17
10/5/21 19:00,21,16,5
10/5/21 20:00,12,10,2
10/5/21 21:00,7,4,3
10/5/21 22:00,8,7,1
10/5/21 23:00,4,3,1
10/6/21 0:00,6,4,2
10/6/21 1:00,4,4,0
10/6/21 2:00,1,0,1
10/6/21 3:00,0,0,0
10/6/21 4:00,4,0,4
10/6/21 5:00,26,6,20
10/6/21 6:00,60,11,49
10/6/21 7:00,90,10,80
10/6/21 8:00,79,11,68
10/6/21 9:00,38,6,32
10/6/21 10:00,19,7,12
10/6/21 11:00,28,11,17
10/6/21 12:00,16,8,8
10/6/21 13:00,30,16,14
10/6/21 14:00,46,26,20
10/6/21 15:00,54,37,17
10/6/21 16:00,105,71,34
10/6/21 17:00,126,100,26
10/6/21 18:00,63,49,14
10/6/21 19:00,25,21,4
10/6/21 20:00,14,13,1
10/6/21 21:00,5,5,0
10/6/21 22:00,7,5,2
10/6/21 23:00,5,4,1
10/7/21 0:00,5,5,0
10/7/21 1:00,1,1,0
10/7/21 2:00,4,1,3
10/7/21 3:00,2,0,2
10/7/21 4:00,6,0,6
10/7/21 5:00,37,9,28
10/7/21 6:00,59,7,52
10/7/21 7:00,106,6,100
10/7/21 8:00,91,5,86
10/7/21 9:00,67,9,58
10/7/21 10:00,40,14,26
10/7/21 11:00,21,10,11
10/7/21 12:00,40,14,26
10/7/21 13:00,37,17,20
10/7/21 14:00,59,33,26
10/7/21 15:00,82,44,38
10/7/21 16:00,131,92,39
10/7/21 17:00,135,113,22
10/7/21 18:00,98,80,18
10/7/21 19:00,29,21,8
10/7/21 20:00,42,38,4
10/7/21 21:00,58,51,7
10/7/21 22:00,11,9,2
10/7/21 23:00,6,3,3
10/8/21 0:00,7,3,4
10/8/21 1:00,0,0,0
10/8/21 2:00,4,3,1
10/8/21 3:00,0,0,0
10/8/21 4:00,9,3,6
10/8/21 5:00,29,6,23
10/8/21 6:00,42,2,40
10/8/21 7:00,70,7,63
10/8/21 8:00,69,6,63
10/8/21 9:00,44,11,33
10/8/21 10:00,16,5,11
10/8/21 11:00,28,11,17
10/8/21 12:00,29,20,9
10/8/21 13:00,35,17,18
10/8/21 14:00,52,33,19
10/8/21 15:00,62,41,21
10/8/21 16:00,104,71,33
10/8/21 17:00,97,78,19
10/8/21 18:00,74,46,28
10/8/21 19:00,29,16,13
10/8/21 20:00,9,8,1
10/8/21 21:00,17,12,5
10/8/21 22:00,13,9,4
10/8/21 23:00,4,3,1
10/9/21 0:00,2,1,1
10/9/21 1:00,3,1,2
10/9/21 2:00,4,4,0
10/9/21 3:00,2,0,2
10/9/21 4:00,3,0,3
10/9/21 5:00,5,1,4
10/9/21 6:00,10,3,7
10/9/21 7:00,18,8,10
10/9/21 8:00,41,10,31
10/9/21 9:00,46,8,38
10/9/21 10:00,37,20,17
10/9/21 11:00,54,33,21
10/9/21 12:00,51,32,19
10/9/21 13:00,53,21,32
10/9/21 14:00,49,28,21
10/9/21 15:00,36,13,23
10/9/21 16:00,41,23,18
10/9/21 17:00,31,18,13
10/9/21 18:00,20,14,6
10/9/21 19:00,11,10,1
10/9/21 20:00,14,12,2
10/9/21 21:00,5,2,3
10/9/21 22:00,3,2,1
10/9/21 23:00,2,2,0
10/10/21 0:00,3,2,1
10/10/21 1:00,2,0,2
10/10/21 2:00,0,0,0
10/10/21 3:00,2,1,1
10/10/21 4:00,1,0,1
10/10/21 5:00,5,0,5
10/10/21 6:00,5,1,4
10/10/21 7:00,6,2,4
10/10/21 8:00,11,0,11
10/10/21 9:00,7,2,5
10/10/21 10:00,18,9,9
10/10/21 11:00,34,13,21
10/10/21 12:00,26,12,14
10/10/21 13:00,77,26,51
10/10/21 14:00,43,21,22
10/10/21 15:00,32,20,12
10/10/21 16:00,23,17,6
10/10/21 17:00,24,11,13
10/10/21 18:00,13,5,8
10/10/21 19:00,6,3,3
10/10/21 20:00,2,2,0
10/10/21 21:00,2,2,0
10/10/21 22:00,5,3,2
10/10/21 23:00,2,0,2
10/11/21 0:00,3,2,1
10/11/21 1:00,1,0,1
10/11/21 2:00,1,1,0
10/11/21 3:00,1,1,0
10/11/21 4:00,7,0,7
10/11/21 5:00,28,6,22
10/11/21 6:00,56,8,48
10/11/21 7:00,100,9,91
10/11/21 8:00,77,8,69
10/11/21 9:00,42,7,35
10/11/21 10:00,19,1,18
10/11/21 11:00,26,13,13
10/11/21 12:00,26,16,10
10/11/21 13:00,35,16,19
10/11/21 14:00,44,25,19
10/11/21 15:00,66,45,21
10/11/21 16:00,94,76,18
10/11/21 17:00,129,105,24
10/11/21 18:00,71,60,11
10/11/21 19:00,29,20,9
10/11/21 20:00,16,9,7
10/11/21 21:00,11,5,6
10/11/21 22:00,7,4,3
10/11/21 23:00,3,3,0
10/12/21 0:00,1,1,0
10/12/21 1:00,2,2,0
10/12/21 2:00,2,0,2
10/12/21 3:00,2,1,1
10/12/21 4:00,8,2,6
10/12/21 5:00,32,8,24
10/12/21 6:00,52,4,48
10/12/21 7:00,109,8,101
10/12/21 8:00,97,11,86
10/12/21 9:00,51,13,38
10/12/21 10:00,26,4,22
10/12/21 11:00,25,11,14
10/12/21 12:00,22,9,13
10/12/21 13:00,23,14,9
10/12/21 14:00,38,24,14
10/12/21 15:00,52,39,13
10/12/21 16:00,98,75,23
10/12/21 17:00,134,120,14
10/12/21 18:00,58,49,9
10/12/21 19:00,19,11,8
10/12/21 20:00,9,7,2
10/12/21 21:00,5,5,0
10/12/21 22:00,3,3,0
10/12/21 23:00,0,0,0
10/13/21 0:00,4,3,1
10/13/21 1:00,1,1,0
10/13/21 2:00,2,0,2
10/13/21 3:00,2,1,1
10/13/21 4:00,6,0,6
10/13/21 5:00,34,6,28
10/13/21 6:00,58,6,52
10/13/21 7:00,90,8,82
10/13/21 8:00,85,11,74
10/13/21 9:00,48,8,40
10/13/21 10:00,21,6,15
10/13/21 11:00,26,16,10
10/13/21 12:00,24,12,12
10/13/21 13:00,26,15,11
10/13/21 14:00,45,28,17
10/13/21 15:00,55,44,11
10/13/21 16:00,93,66,27
10/13/21 17:00,116,91,25
10/13/21 18:00,70,55,15
10/13/21 19:00,26,22,4
10/13/21 20:00,12,12,0
10/13/21 21:00,12,9,3
10/13/21 22:00,6,3,3
10/13/21 23:00,2,1,1
10/14/21 0:00,6,5,1
10/14/21 1:00,4,3,1
10/14/21 2:00,1,0,1
10/14/21 3:00,2,2,0
10/14/21 4:00,5,0,5
10/14/21 5:00,20,2,18
10/14/21 6:00,67,10,57
10/14/21 7:00,98,8,90
10/14/21 8:00,76,7,69
10/14/21 9:00,42,9,33
10/14/21 10:00,31,5,26
10/14/21 11:00,18,7,11
10/14/21 12:00,20,8,12
10/14/21 13:00,22,14,8
10/14/21 14:00,36,22,14
10/14/21 15:00,53,39,14
10/14/21 16:00,89,71,18
10/14/21 17:00,105,88,17
10/14/21 18:00,53,43,10
10/14/21 19:00,38,33,5
10/14/21 20:00,16,13,3
10/14/21 21:00,3,3,0
10/14/21 22:00,4,4,0
10/14/21 23:00,7,6,1
10/15/21 0:00,3,3,0
10/15/21 1:00,4,3,1
10/15/21 2:00,2,1,1
10/15/21 3:00,0,0,0
10/15/21 4:00,8,1,7
10/15/21 5:00,18,2,16
10/15/21 6:00,43,3,40
10/15/21 7:00,83,9,74
10/15/21 8:00,69,7,62
10/15/21 9:00,30,7,23
10/15/21 10:00,22,6,16
10/15/21 11:00,29,13,16
10/15/21 12:00,13,5,8
10/15/21 13:00,33,17,16
10/15/21 14:00,39,27,12
10/15/21 15:00,52,32,20
10/15/21 16:00,86,67,19
10/15/21 17:00,103,76,27
10/15/21 18:00,53,40,13
10/15/21 19:00,22,20,2
10/15/21 20:00,6,4,2
10/15/21 21:00,12,9,3
10/15/21 22:00,11,9,2
10/15/21 23:00,7,6,1
10/16/21 0:00,10,3,7
10/16/21 1:00,4,1,3
10/16/21 2:00,5,4,1
10/16/21 3:00,4,3,1
10/16/21 4:00,3,1,2
10/16/21 5:00,6,2,4
10/16/21 6:00,11,1,10
10/16/21 7:00,12,5,7
10/16/21 8:00,32,7,25
10/16/21 9:00,33,11,22
10/16/21 10:00,46,24,22
10/16/21 11:00,54,23,31
10/16/21 12:00,64,34,30
10/16/21 13:00,82,36,46
10/16/21 14:00,69,25,44
10/16/21 15:00,61,31,30
10/16/21 16:00,57,37,20
10/16/21 17:00,44,32,12
10/16/21 18:00,26,19,7
10/16/21 19:00,15,12,3
10/16/21 20:00,11,10,1
10/16/21 21:00,7,5,2
10/16/21 22:00,7,5,2
10/16/21 23:00,13,8,5
10/17/21 0:00,4,1,3
10/17/21 1:00,3,2,1
10/17/21 2:00,3,2,1
10/17/21 3:00,6,4,2
10/17/21 4:00,1,0,1
10/17/21 5:00,8,3,5
10/17/21 6:00,2,0,2
10/17/21 7:00,7,3,4
10/17/21 8:00,17,2,15
10/17/21 9:00,22,7,15
10/17/21 10:00,33,20,13
10/17/21 11:00,22,8,14
10/17/21 12:00,33,20,13
10/17/21 13:00,43,21,22
10/17/21 14:00,37,17,20
10/17/21 15:00,23,13,10
10/17/21 16:00,28,18,10
10/17/21 17:00,18,12,6
10/17/21 18:00,17,8,9
10/17/21 19:00,13,11,2
10/17/21 20:00,7,2,5
10/17/21 21:00,1,1,0
10/17/21 22:00,2,0,2
10/17/21 23:00,1,1,0
10/18/21 0:00,5,3,2
10/18/21 1:00,5,2,3
10/18/21 2:00,1,1,0
10/18/21 3:00,3,0,3
10/18/21 4:00,8,0,8
10/18/21 5:00,29,5,24
10/18/21 6:00,59,10,49
10/18/21 7:00,100,4,96
10/18/21 8:00,74,6,68
10/18/21 9:00,52,9,43
10/18/21 10:00,34,9,25
10/18/21 11:00,27,11,16
10/18/21 12:00,39,19,20
10/18/21 13:00,32,19,13
10/18/21 14:00,50,34,16
10/18/21 15:00,64,40,24
10/18/21 16:00,84,67,17
10/18/21 17:00,123,106,17
10/18/21 18:00,73,61,12
10/18/21 19:00,25,21,4
10/18/21 20:00,12,8,4
10/18/21 21:00,10,8,2
10/18/21 22:00,4,4,0
10/18/21 23:00,3,1,2
10/19/21 0:00,7,7,0
10/19/21 1:00,2,1,1
10/19/21 2:00,2,0,2
10/19/21 3:00,5,3,2
10/19/21 4:00,8,1,7
10/19/21 5:00,38,7,31
10/19/21 6:00,79,13,66
10/19/21 7:00,113,7,106
10/19/21 8:00,113,17,96
10/19/21 9:00,54,15,39
10/19/21 10:00,32,12,20
10/19/21 11:00,29,10,19
10/19/21 12:00,36,11,25
10/19/21 13:00,38,21,17
10/19/21 14:00,61,41,20
10/19/21 15:00,85,66,19
10/19/21 16:00,129,92,37
10/19/21 17:00,149,128,21
10/19/21 18:00,64,50,14
10/19/21 19:00,44,30,14
10/19/21 20:00,28,23,5
10/19/21 21:00,12,8,4
10/19/21 22:00,7,5,2
10/19/21 23:00,6,4,2
10/20/21 0:00,4,4,0
10/20/21 1:00,1,0,1
10/20/21 2:00,3,1,2
10/20/21 3:00,3,0,3
10/20/21 4:00,5,0,5
10/20/21 5:00,18,5,13
10/20/21 6:00,36,8,28
10/20/21 7:00,52,3,49
10/20/21 8:00,64,6,58
10/20/21 9:00,28,1,27
10/20/21 10:00,19,5,14
10/20/21 11:00,19,5,14
10/20/21 12:00,20,6,14
10/20/21 13:00,17,10,7
10/20/21 14:00,26,16,10
10/20/21 15:00,55,40,15
10/20/21 16:00,53,41,12
10/20/21 17:00,83,61,22
10/20/21 18:00,61,53,8
10/20/21 19:00,20,14,6
10/20/21 20:00,12,12,0
10/20/21 21:00,9,5,4
10/20/21 22:00,10,7,3
10/20/21 23:00,5,4,1
10/21/21 0:00,7,5,2
10/21/21 1:00,2,1,1
10/21/21 2:00,3,1,2
10/21/21 3:00,4,1,3
10/21/21 4:00,7,0,7
10/21/21 5:00,28,3,25
10/21/21 6:00,53,10,43
10/21/21 7:00,94,9,85
10/21/21 8:00,76,6,70
10/21/21 9:00,44,4,40
10/21/21 10:00,35,14,21
10/21/21 11:00,24,8,16
10/21/21 12:00,36,20,16
10/21/21 13:00,42,22,20
10/21/21 14:00,42,26,16
10/21/21 15:00,63,51,12
10/21/21 16:00,93,78,15
10/21/21 17:00,83,73,10
10/21/21 18:00,47,38,9
10/21/21 19:00,20,19,1
10/21/21 20:00,10,7,3
10/21/21 21:00,7,5,2
10/21/21 22:00,4,2,2
10/21/21 23:00,3,3,0
10/22/21 0:00,1,1,0
10/22/21 1:00,1,0,1
10/22/21 2:00,3,0,3
10/22/21 3:00,2,0,2
10/22/21 4:00,7,1,6
10/22/21 5:00,20,2,18
10/22/21 6:00,43,6,37
10/22/21 7:00,57,5,52
10/22/21 8:00,66,9,57
10/22/21 9:00,25,8,17
10/22/21 10:00,18,10,8
10/22/21 11:00,13,5,8
10/22/21 12:00,21,9,12
10/22/21 13:00,22,13,9
10/22/21 14:00,30,18,12
10/22/21 15:00,46,37,9
10/22/21 16:00,60,47,13
10/22/21 17:00,73,58,15
10/22/21 18:00,53,34,19
10/22/21 19:00,14,11,3
10/22/21 20:00,12,8,4
10/22/21 21:00,10,9,1
10/22/21 22:00,5,5,0
10/22/21 23:00,9,4,5
10/23/21 0:00,5,4,1
10/23/21 1:00,7,3,4
10/23/21 2:00,4,0,4
10/23/21 3:00,5,5,0
10/23/21 4:00,3,2,1
10/23/21 5:00,6,1,5
10/23/21 6:00,5,2,3
10/23/21 7:00,9,4,5
10/23/21 8:00,16,1,15
10/23/21 9:00,18,8,10
10/23/21 10:00,24,11,13
10/23/21 11:00,23,7,16
10/23/21 12:00,17,8,9
10/23/21 13:00,22,10,12
10/23/21 14:00,10,8,2
10/23/21 15:00,27,17,10
10/23/21 16:00,28,19,9
10/23/21 17:00,30,19,11
10/23/21 18:00,27,15,12
10/23/21 19:00,6,5,1
10/23/21 20:00,10,6,4
10/23/21 21:00,5,2,3
10/23/21 22:00,3,3,0
10/23/21 23:00,4,3,1
10/24/21 0:00,2,1,1
10/24/21 1:00,3,2,1
10/24/21 2:00,2,2,0
10/24/21 3:00,4,2,2
10/24/21 4:00,2,1,1
10/24/21 5:00,1,0,1
10/24/21 6:00,5,2,3
10/24/21 7:00,1,1,0
10/24/21 8:00,10,3,7
10/24/21 9:00,11,4,7
10/24/21 10:00,3,2,1
10/24/21 11:00,10,4,6
10/24/21 12:00,10,4,6
10/24/21 13:00,6,4,2
10/24/21 14:00,14,7,7
10/24/21 15:00,4,2,2
10/24/21 16:00,6,3,3
10/24/21 17:00,16,9,7
10/24/21 18:00,8,3,5
10/24/21 19:00,12,9,3
10/24/21 20:00,2,1,1
10/24/21 21:00,3,2,1
10/24/21 22:00,2,1,1
10/24/21 23:00,2,1,1
10/25/21 0:00,0,0,0
10/25/21 1:00,4,2,2
10/25/21 2:00,2,0,2
10/25/21 3:00,2,0,2
10/25/21 4:00,7,2,5
10/25/21 5:00,25,7,18
10/25/21 6:00,38,8,30
10/25/21 7:00,64,7,57
10/25/21 8:00,49,2,47
10/25/21 9:00,26,6,20
10/25/21 10:00,11,3,8
10/25/21 11:00,22,9,13
10/25/21 12:00,18,10,8
10/25/21 13:00,16,9,7
10/25/21 14:00,28,20,8
10/25/21 15:00,31,28,3
10/25/21 16:00,46,30,16
10/25/21 17:00,79,68,11
10/25/21 18:00,31,28,3
10/25/21 19:00,9,9,0
10/25/21 20:00,29,27,2
10/25/21 21:00,23,21,2
10/25/21 22:00,3,2,1
10/25/21 23:00,0,0,0
10/26/21 0:00,0,0,0
10/26/21 1:00,1,0,1
10/26/21 2:00,1,1,0
10/26/21 3:00,1,0,1
10/26/21 4:00,6,1,5
10/26/21 5:00,21,5,16
10/26/21 6:00,46,4,42
10/26/21 7:00,81,6,75
10/26/21 8:00,59,7,52
10/26/21 9:00,26,4,22
10/26/21 10:00,39,11,28
10/26/21 11:00,9,4,5
10/26/21 12:00,15,6,9
10/26/21 13:00,12,9,3
10/26/21 14:00,34,22,12
10/26/21 15:00,43,33,10
10/26/21 16:00,73,61,12
10/26/21 17:00,82,74,8
10/26/21 18:00,43,35,8
10/26/21 19:00,11,7,4
10/26/21 20:00,9,8,1
10/26/21 21:00,8,7,1
10/26/21 22:00,4,4,0
10/26/21 23:00,0,0,0
10/27/21 0:00,5,5,0
10/27/21 1:00,3,1,2
10/27/21 2:00,0,0,0
10/27/21 3:00,9,4,5
10/27/21 4:00,9,1,8
10/27/21 5:00,23,4,19
10/27/21 6:00,50,5,45
10/27/21 7:00,87,8,79
10/27/21 8:00,82,8,74
10/27/21 9:00,46,4,42
10/27/21 10:00,34,12,22
10/27/21 11:00,24,7,17
10/27/21 12:00,21,9,12
10/27/21 13:00,28,17,11
10/27/21 14:00,39,23,16
10/27/21 15:00,57,46,11
10/27/21 16:00,89,72,17
10/27/21 17:00,117,94,23
10/27/21 18:00,43,39,4
10/27/21 19:00,27,21,6
10/27/21 20:00,13,10,3
10/27/21 21:00,11,9,2
10/27/21 22:00,4,4,0
10/27/21 23:00,7,5,2
10/28/21 0:00,1,1,0
10/28/21 1:00,1,0,1
10/28/21 2:00,2,2,0
10/28/21 3:00,2,2,0
10/28/21 4:00,7,0,7
10/28/21 5:00,17,3,14
10/28/21 6:00,37,5,32
10/28/21 7:00,60,4,56
10/28/21 8:00,56,4,52
10/28/21 9:00,27,3,24
10/28/21 10:00,14,5,9
10/28/21 11:00,13,5,8
10/28/21 12:00,11,6,5
10/28/21 13:00,16,12,4
10/28/21 14:00,16,10,6
10/28/21 15:00,31,23,8
10/28/21 16:00,54,44,10
10/28/21 17:00,63,55,8
10/28/21 18:00,37,32,5
10/28/21 19:00,13,11,2
10/28/21 20:00,4,4,0
10/28/21 21:00,7,6,1
10/28/21 22:00,4,4,0
10/28/21 23:00,2,0,2
10/29/21 0:00,5,5,0
10/29/21 1:00,0,0,0
10/29/21 2:00,1,0,1
10/29/21 3:00,0,0,0
10/29/21 4:00,5,0,5
10/29/21 5:00,17,3,14
10/29/21 6:00,31,5,26
10/29/21 7:00,52,5,47
10/29/21 8:00,34,4,30
10/29/21 9:00,22,2,20
10/29/21 10:00,9,4,5
10/29/21 11:00,16,2,14
10/29/21 12:00,14,8,6
10/29/21 13:00,28,13,15
10/29/21 14:00,32,17,15
10/29/21 15:00,41,30,11
10/29/21 16:00,68,52,16
10/29/21 17:00,75,53,22
10/29/21 18:00,42,34,8
10/29/21 19:00,13,11,2
10/29/21 20:00,7,7,0
10/29/21 21:00,16,11,5
10/29/21 22:00,6,3,3
10/29/21 23:00,2,2,0
10/30/21 0:00,5,3,2
10/30/21 1:00,3,1,2
10/30/21 2:00,3,3,0
10/30/21 3:00,3,2,1
10/30/21 4:00,3,0,3
10/30/21 5:00,5,0,5
10/30/21 6:00,7,1,6
10/30/21 7:00,14,7,7
10/30/21 8:00,22,4,18
10/30/21 9:00,40,20,20
10/30/21 10:00,59,23,36
10/30/21 11:00,77,48,29
10/30/21 12:00,73,43,30
10/30/21 13:00,92,47,45
10/30/21 14:00,77,35,42
10/30/21 15:00,98,55,43
10/30/21 16:00,57,26,31
10/30/21 17:00,39,20,19
10/30/21 18:00,29,19,10
10/30/21 19:00,17,15,2
10/30/21 20:00,9,1,8
10/30/21 21:00,9,3,6
10/30/21 22:00,7,3,4
10/30/21 23:00,3,1,2
11/1/21 0:00,1,1,0
11/1/21 1:00,7,6,1
11/1/21 2:00,1,0,1
11/1/21 3:00,4,2,2
11/1/21 4:00,6,1,5
11/1/21 5:00,25,7,18
11/1/21 6:00,52,4,48
11/1/21 7:00,93,7,86
11/1/21 8:00,66,8,58
11/1/21 9:00,45,7,38
11/1/21 10:00,16,5,11
11/1/21 11:00,24,10,14
11/1/21 12:00,25,12,13
11/1/21 13:00,16,11,5
11/1/21 14:00,20,17,3
11/1/21 15:00,39,30,9
11/1/21 16:00,62,53,9
11/1/21 17:00,90,78,12
11/1/21 18:00,63,54,9
11/1/21 19:00,16,14,2
11/1/21 20:00,3,3,0
11/1/21 21:00,18,15,3
11/1/21 22:00,3,3,0
11/1/21 23:00,1,0,1
11/2/21 0:00,1,1,0
11/2/21 1:00,3,2,1
11/2/21 2:00,0,0,0
11/2/21 3:00,4,1,3
11/2/21 4:00,6,0,6
11/2/21 5:00,28,4,24
11/2/21 6:00,50,8,42
11/2/21 7:00,104,8,96
11/2/21 8:00,82,7,75
11/2/21 9:00,44,12,32
11/2/21 10:00,23,5,18
11/2/21 11:00,12,2,10
11/2/21 12:00,21,10,11
11/2/21 13:00,16,13,3
11/2/21 14:00,26,23,3
11/2/21 15:00,40,31,9
11/2/21 16:00,75,66,9
11/2/21 17:00,104,93,11
11/2/21 18:00,43,37,6
11/2/21 19:00,16,13,3
11/2/21 20:00,11,9,2
11/2/21 21:00,7,5,2
11/2/21 22:00,6,6,0
11/2/21 23:00,2,2,0
11/3/21 0:00,4,2,2
11/3/21 1:00,5,4,1
11/3/21 2:00,2,0,2
11/3/21 3:00,2,1,1
11/3/21 4:00,5,1,4
11/3/21 5:00,26,4,22
11/3/21 6:00,47,8,39
11/3/21 7:00,54,8,46
11/3/21 8:00,13,7,6
11/3/21 9:00,13,8,5
11/3/21 10:00,23,5,18
11/3/21 11:00,21,7,14
11/3/21 12:00,21,10,11
11/3/21 13:00,33,20,13
11/3/21 14:00,39,20,19
11/3/21 15:00,45,27,18
11/3/21 16:00,75,59,16
5/29/17 2:00,0,0,0
5/29/17 3:00,2,1,1
5/29/17 4:00,3,1,2
5/29/17 5:00,7,2,5
5/29/17 6:00,5,0,5
5/29/17 7:00,17,5,12
5/29/17 8:00,27,13,14
5/29/17 9:00,44,20,24
5/29/17 10:00,49,33,16
5/29/17 11:00,52,23,29
5/29/17 12:00,67,36,31
5/29/17 13:00,90,56,34
5/29/17 14:00,84,41,43
5/29/17 15:00,75,40,35
5/29/17 16:00,75,35,40
5/29/17 17:00,42,19,23
5/29/17 18:00,50,25,25
5/29/17 19:00,35,18,17
5/29/17 20:00,15,7,8
5/29/17 21:00,12,5,7
5/29/17 22:00,7,4,3
5/29/17 23:00,2,2,0
5/30/17 0:00,2,1,1
5/30/17 1:00,1,1,0
5/30/17 2:00,1,0,1
5/30/17 3:00,0,0,0
5/30/17 4:00,6,3,3
5/30/17 5:00,23,2,21
5/30/17 6:00,74,11,63
5/30/17 7:00,158,7,151
5/30/17 8:00,152,15,137
5/30/17 9:00,51,4,47
5/30/17 10:00,20,3,17
5/30/17 11:00,14,5,9
5/30/17 12:00,13,4,9
5/30/17 13:00,20,9,11
5/30/17 14:00,16,14,2
5/30/17 15:00,33,30,3
5/30/17 16:00,83,73,10
5/30/17 17:00,179,159,20
5/30/17 18:00,93,85,8
5/30/17 19:00,43,37,6
5/30/17 20:00,18,15,3
5/30/17 21:00,11,8,3
5/30/17 22:00,5,4,1
5/30/17 23:00,3,1,2
5/31/17 0:00,2,0,2
5/31/17 1:00,1,1,0
5/31/17 2:00,1,1,0
5/31/17 3:00,2,2,0
5/31/17 4:00,7,2,5
5/31/17 5:00,25,5,20
5/31/17 6:00,86,10,76
5/31/17 7:00,192,23,169
5/31/17 8:00,159,15,144
5/31/17 9:00,66,12,54
11/3/21 17:00,92,84,8
11/3/21 18:00,49,41,8
11/3/21 19:00,19,15,4
11/3/21 20:00,10,8,2
11/3/21 21:00,8,8,0
11/3/21 22:00,4,4,0
11/3/21 23:00,1,1,0
11/4/21 0:00,0,0,0
11/4/21 1:00,1,0,1
11/4/21 2:00,1,0,1
11/4/21 3:00,0,0,0
11/4/21 4:00,6,1,5
11/4/21 5:00,23,4,19
11/4/21 6:00,39,6,33
11/4/21 7:00,73,6,67
11/4/21 8:00,49,7,42
11/4/21 9:00,23,4,19
11/4/21 10:00,4,0,4
11/4/21 11:00,14,4,10
11/4/21 12:00,12,4,8
11/4/21 13:00,16,9,7
11/4/21 14:00,21,15,6
11/4/21 15:00,35,24,11
11/4/21 16:00,50,41,9
11/4/21 17:00,74,62,12
11/4/21 18:00,51,44,7
11/4/21 19:00,15,13,2
11/4/21 20:00,12,9,3
11/4/21 21:00,16,12,4
11/4/21 22:00,5,4,1
11/4/21 23:00,3,3,0
11/5/21 0:00,2,1,1
11/5/21 1:00,2,2,0
11/5/21 2:00,2,0,2
11/5/21 3:00,0,0,0
11/5/21 4:00,4,0,4
11/5/21 5:00,20,1,19
11/5/21 6:00,31,4,27
11/5/21 7:00,48,6,42
11/5/21 8:00,42,3,39
11/5/21 9:00,25,4,21
11/5/21 10:00,18,2,16
11/5/21 11:00,27,10,17
11/5/21 12:00,19,10,9
11/5/21 13:00,37,21,16
11/5/21 14:00,28,18,10
11/5/21 15:00,45,34,11
11/5/21 16:00,65,47,18
11/5/21 17:00,86,71,15
11/5/21 18:00,41,26,15
11/5/21 19:00,17,12,5
11/5/21 20:00,10,7,3
11/5/21 21:00,9,7,2
11/5/21 22:00,3,2,1
11/5/21 23:00,8,2,6
11/6/21 0:00,3,2,1
11/6/21 1:00,0,0,0
11/6/21 2:00,4,2,2
11/6/21 3:00,4,3,1
11/6/21 4:00,2,0,2
11/6/21 5:00,4,0,4
11/6/21 6:00,6,2,4
11/6/21 7:00,5,1,4
11/6/21 8:00,11,3,8
11/6/21 9:00,12,1,11
11/6/21 10:00,10,3,7
11/6/21 11:00,11,5,6
11/6/21 12:00,8,5,3
11/6/21 13:00,16,6,10
11/6/21 14:00,21,12,9
11/6/21 15:00,10,8,2
11/6/21 16:00,11,8,3
11/6/21 17:00,13,10,3
11/6/21 18:00,7,5,2
11/6/21 19:00,6,3,3
11/6/21 20:00,2,2,0
11/6/21 21:00,2,1,1
11/6/21 22:00,5,4,1
11/6/21 23:00,3,2,1
11/7/21 0:00,1,1,0
11/7/21 1:00,2,2,0
11/7/21 2:00,0,0,0
11/7/21 3:00,3,0,3
11/7/21 4:00,2,1,1
11/7/21 5:00,2,0,2
11/7/21 6:00,4,3,1
11/7/21 7:00,8,2,6
11/7/21 8:00,13,6,7
11/7/21 9:00,13,4,9
11/7/21 10:00,20,12,8
11/7/21 11:00,23,12,11
11/7/21 12:00,11,5,6
11/7/21 13:00,17,9,8
11/7/21 14:00,2,2,0
11/7/21 15:00,6,5,1
11/7/21 16:00,12,8,4
11/7/21 17:00,10,6,4
11/7/21 18:00,6,2,4
11/7/21 19:00,17,7,10
11/7/21 20:00,3,3,0
11/7/21 21:00,3,1,2
11/7/21 22:00,1,1,0
11/7/21 23:00,2,0,2
11/8/21 0:00,2,1,1
11/8/21 1:00,1,0,1
11/8/21 2:00,0,0,0
11/8/21 3:00,2,0,2
11/8/21 4:00,8,1,7
11/8/21 5:00,30,6,24
11/8/21 6:00,46,4,42
11/8/21 7:00,93,5,88
11/8/21 8:00,76,6,70
11/8/21 9:00,45,9,36
11/8/21 10:00,15,5,10
11/8/21 11:00,35,13,22
11/8/21 12:00,31,11,20
11/8/21 13:00,53,27,26
11/8/21 14:00,49,35,14
11/8/21 15:00,65,41,24
11/8/21 16:00,95,82,13
11/8/21 17:00,101,92,9
11/8/21 18:00,47,44,3
11/8/21 19:00,9,8,1
11/8/21 20:00,13,8,5
11/8/21 21:00,6,3,3
11/8/21 22:00,6,5,1
11/8/21 23:00,5,4,1
11/9/21 0:00,4,2,2
11/9/21 1:00,3,2,1
11/9/21 2:00,0,0,0
11/9/21 3:00,3,0,3
11/9/21 4:00,4,0,4
11/9/21 5:00,29,2,27
11/9/21 6:00,43,9,34
11/9/21 7:00,57,9,48
11/9/21 8:00,68,6,62
11/9/21 9:00,37,6,31
11/9/21 10:00,20,3,17
11/9/21 11:00,11,7,4
11/9/21 12:00,12,4,8
11/9/21 13:00,17,10,7
11/9/21 14:00,25,19,6
11/9/21 15:00,34,28,6
11/9/21 16:00,44,39,5
11/9/21 17:00,56,53,3
11/9/21 18:00,35,31,4
11/9/21 19:00,12,9,3
11/9/21 20:00,8,7,1
11/9/21 21:00,7,4,3
11/9/21 22:00,1,1,0
11/9/21 23:00,1,1,0
11/10/21 0:00,3,2,1
11/10/21 1:00,0,0,0
11/10/21 2:00,3,1,2
11/10/21 3:00,2,1,1
11/10/21 4:00,5,1,4
11/10/21 5:00,29,4,25
11/10/21 6:00,52,9,43
11/10/21 7:00,80,4,76
11/10/21 8:00,81,10,71
11/10/21 9:00,46,7,39
11/10/21 10:00,31,7,24
11/10/21 11:00,37,17,20
11/10/21 12:00,33,13,20
11/10/21 13:00,47,24,23
11/10/21 14:00,56,40,16
11/10/21 15:00,63,44,19
11/10/21 16:00,84,68,16
11/10/21 17:00,98,83,15
11/10/21 18:00,53,45,8
11/10/21 19:00,23,19,4
11/10/21 20:00,15,12,3
11/10/21 21:00,12,10,2
11/10/21 22:00,7,5,2
11/10/21 23:00,7,5,2
11/11/21 0:00,2,0,2
11/11/21 1:00,2,0,2
11/11/21 2:00,2,0,2
11/11/21 3:00,3,1,2
11/11/21 4:00,5,2,3
11/11/21 5:00,15,2,13
11/11/21 6:00,24,3,21
11/11/21 7:00,42,2,40
11/11/21 8:00,52,9,43
11/11/21 9:00,33,9,24
11/11/21 10:00,13,5,8
11/11/21 11:00,11,7,4
11/11/21 12:00,10,3,7
11/11/21 13:00,10,4,6
11/11/21 14:00,20,19,1
11/11/21 15:00,16,12,4
11/11/21 16:00,40,30,10
11/11/21 17:00,43,39,4
11/11/21 18:00,23,19,4
11/11/21 19:00,5,5,0
11/11/21 20:00,8,8,0
11/11/21 21:00,6,5,1
11/11/21 22:00,3,2,1
11/11/21 23:00,1,1,0
11/12/21 0:00,0,0,0
11/12/21 1:00,0,0,0
11/12/21 2:00,2,1,1
11/12/21 3:00,1,0,1
11/12/21 4:00,4,0,4
11/12/21 5:00,16,2,14
11/12/21 6:00,22,3,19
11/12/21 7:00,46,4,42
11/12/21 8:00,48,5,43
11/12/21 9:00,21,7,14
11/12/21 10:00,17,5,12
11/12/21 11:00,4,1,3
11/12/21 12:00,8,4,4
11/12/21 13:00,7,4,3
11/12/21 14:00,26,17,9
11/12/21 15:00,31,24,7
11/12/21 16:00,48,40,8
11/12/21 17:00,50,47,3
11/12/21 18:00,25,22,3
11/12/21 19:00,20,18,2
11/12/21 20:00,10,8,2
11/12/21 21:00,5,2,3
11/12/21 22:00,8,4,4
11/12/21 23:00,8,6,2
11/13/21 0:00,9,2,7
11/13/21 1:00,3,2,1
11/13/21 2:00,2,0,2
11/13/21 3:00,2,1,1
11/13/21 4:00,3,0,3
11/13/21 5:00,8,3,5
11/13/21 6:00,5,1,4
11/13/21 7:00,9,0,9
11/13/21 8:00,43,22,21
11/13/21 9:00,37,11,26
11/13/21 10:00,59,34,25
11/13/21 11:00,64,35,29
11/13/21 12:00,67,30,37
11/13/21 13:00,55,36,19
11/13/21 14:00,33,21,12
11/13/21 15:00,33,21,12
11/13/21 16:00,11,8,3
11/13/21 17:00,11,8,3
11/13/21 18:00,3,2,1
11/13/21 19:00,4,2,2
11/13/21 20:00,0,0,0
11/13/21 21:00,1,1,0
11/13/21 22:00,3,1,2
11/13/21 23:00,2,1,1
11/14/21 0:00,1,1,0
11/14/21 1:00,0,0,0
11/14/21 2:00,0,0,0
11/14/21 3:00,3,0,3
11/14/21 4:00,1,0,1
11/14/21 5:00,4,2,2
11/14/21 6:00,2,1,1
11/14/21 7:00,1,1,0
11/14/21 8:00,4,0,4
11/14/21 9:00,3,1,2
11/14/21 10:00,7,1,6
11/14/21 11:00,15,7,8
11/14/21 12:00,7,4,3
11/14/21 13:00,8,6,2
11/14/21 14:00,10,8,2
11/14/21 15:00,8,2,6
11/14/21 16:00,6,3,3
11/14/21 17:00,7,5,2
11/14/21 18:00,1,0,1
11/14/21 19:00,3,1,2
11/14/21 20:00,1,1,0
11/14/21 21:00,2,2,0
11/14/21 22:00,1,1,0
11/14/21 23:00,2,1,1
11/15/21 0:00,4,3,1
11/15/21 1:00,1,0,1
11/15/21 2:00,0,0,0
11/15/21 3:00,6,0,6
11/15/21 4:00,6,0,6
11/15/21 5:00,22,4,18
11/15/21 6:00,40,5,35
11/15/21 7:00,65,6,59
11/15/21 8:00,41,4,37
11/15/21 9:00,26,5,21
11/15/21 10:00,13,2,11
11/15/21 11:00,7,4,3
11/15/21 12:00,6,3,3
11/15/21 13:00,10,6,4
11/15/21 14:00,14,10,4
11/15/21 15:00,35,26,9
11/15/21 16:00,68,54,14
11/15/21 17:00,61,55,6
11/15/21 18:00,32,27,5
11/15/21 19:00,9,8,1
11/15/21 20:00,8,6,2
11/15/21 21:00,7,6,1
11/15/21 22:00,3,3,0
11/15/21 23:00,4,4,0
11/16/21 0:00,2,1,1
11/16/21 1:00,0,0,0
11/16/21 2:00,1,0,1
11/16/21 3:00,4,2,2
11/16/21 4:00,8,0,8
11/16/21 5:00,29,6,23
11/16/21 6:00,63,7,56
11/16/21 7:00,87,5,82
11/16/21 8:00,93,10,83
11/16/21 9:00,46,8,38
11/16/21 10:00,35,10,25
11/16/21 11:00,34,17,17
11/16/21 12:00,19,9,10
11/16/21 13:00,29,15,14
11/16/21 14:00,53,38,15
11/16/21 15:00,56,40,16
11/16/21 16:00,100,82,18
11/16/21 17:00,103,88,15
11/16/21 18:00,52,48,4
11/16/21 19:00,29,26,3
11/16/21 20:00,14,11,3
11/16/21 21:00,13,8,5
11/16/21 22:00,2,2,0
11/16/21 23:00,4,4,0
11/17/21 0:00,2,2,0
11/17/21 1:00,2,2,0
11/17/21 2:00,3,2,1
11/17/21 3:00,4,1,3
11/17/21 4:00,9,1,8
11/17/21 5:00,18,3,15
11/17/21 6:00,57,3,54
11/17/21 7:00,84,6,78
11/17/21 8:00,89,12,77
11/17/21 9:00,39,7,32
11/17/21 10:00,23,0,23
11/17/21 11:00,24,6,18
11/17/21 12:00,31,19,12
11/17/21 13:00,40,19,21
11/17/21 14:00,46,25,21
11/17/21 15:00,56,45,11
11/17/21 16:00,97,80,17
11/17/21 17:00,91,77,14
11/17/21 18:00,59,49,10
11/17/21 19:00,27,22,5
11/17/21 20:00,11,10,1
11/17/21 21:00,15,11,4
11/17/21 22:00,5,5,0
11/17/21 23:00,4,4,0
11/18/21 0:00,2,1,1
11/18/21 1:00,7,3,4
11/18/21 2:00,1,0,1
11/18/21 3:00,2,0,2
11/18/21 4:00,6,1,5
11/18/21 5:00,19,4,15
11/18/21 6:00,43,5,38
11/18/21 7:00,77,11,66
11/18/21 8:00,68,5,63
11/18/21 9:00,41,11,30
11/18/21 10:00,33,16,17
11/18/21 11:00,31,8,23
11/18/21 12:00,20,8,12
11/18/21 13:00,20,13,7
11/18/21 14:00,25,19,6
11/18/21 15:00,37,28,9
11/18/21 16:00,54,48,6
11/18/21 17:00,61,53,8
11/18/21 18:00,33,29,4
11/18/21 19:00,17,15,2
11/18/21 20:00,16,12,4
11/18/21 21:00,6,6,0
11/18/21 22:00,2,2,0
11/18/21 23:00,4,3,1
11/19/21 0:00,2,1,1
11/19/21 1:00,3,2,1
11/19/21 2:00,0,0,0
11/19/21 3:00,2,0,2
11/19/21 4:00,6,0,6
11/19/21 5:00,19,2,17
11/19/21 6:00,34,3,31
11/19/21 7:00,69,6,63
11/19/21 8:00,74,11,63
11/19/21 9:00,39,9,30
11/19/21 10:00,17,3,14
11/19/21 11:00,27,6,21
11/19/21 12:00,26,16,10
11/19/21 13:00,21,13,8
11/19/21 14:00,34,26,8
11/19/21 15:00,44,34,10
11/19/21 16:00,76,60,16
11/19/21 17:00,89,72,17
11/19/21 18:00,38,32,6
11/19/21 19:00,17,13,4
11/19/21 20:00,11,8,3
11/19/21 21:00,8,5,3
11/19/21 22:00,2,1,1
11/19/21 23:00,5,4,1
11/20/21 0:00,3,2,1
11/20/21 1:00,3,0,3
11/20/21 2:00,2,0,2
11/20/21 3:00,6,3,3
11/20/21 4:00,3,0,3
11/20/21 5:00,5,2,3
11/20/21 6:00,11,1,10
11/20/21 7:00,9,2,7
11/20/21 8:00,21,8,13
11/20/21 9:00,35,10,25
11/20/21 10:00,44,18,26
11/20/21 11:00,62,34,28
11/20/21 12:00,41,21,20
11/20/21 13:00,47,35,12
11/20/21 14:00,73,32,41
11/20/21 15:00,53,29,24
11/20/21 16:00,32,17,15
11/20/21 17:00,23,17,6
11/20/21 18:00,11,7,4
11/20/21 19:00,5,4,1
11/20/21 20:00,3,3,0
11/20/21 21:00,6,6,0
11/20/21 22:00,1,1,0
11/20/21 23:00,1,0,1
11/21/21 0:00,1,1,0
11/21/21 1:00,3,1,2
11/21/21 2:00,2,0,2
11/21/21 3:00,3,1,2
11/21/21 4:00,4,2,2
11/21/21 5:00,5,0,5
11/21/21 6:00,8,2,6
11/21/21 7:00,7,1,6
11/21/21 8:00,10,2,8
11/21/21 9:00,26,17,9
11/21/21 10:00,39,15,24
11/21/21 11:00,74,56,18
11/21/21 12:00,39,21,18
11/21/21 13:00,81,22,59
11/21/21 14:00,34,23,11
11/21/21 15:00,46,18,28
11/21/21 16:00,42,29,13
11/21/21 17:00,29,23,6
11/21/21 18:00,6,6,0
11/21/21 19:00,7,6,1
11/21/21 20:00,0,0,0
11/21/21 21:00,4,3,1
11/21/21 22:00,2,1,1
11/21/21 23:00,0,0,0
11/22/21 0:00,0,0,0
11/22/21 1:00,4,1,3
11/22/21 2:00,1,0,1
11/22/21 3:00,0,0,0
11/22/21 4:00,6,1,5
11/22/21 5:00,22,3,19
11/22/21 6:00,42,3,39
11/22/21 7:00,70,3,67
11/22/21 8:00,56,11,45
11/22/21 9:00,39,7,32
11/22/21 10:00,19,8,11
11/22/21 11:00,15,11,4
11/22/21 12:00,19,12,7
11/22/21 13:00,12,5,7
11/22/21 14:00,27,15,12
11/22/21 15:00,39,27,12
11/22/21 16:00,44,37,7
11/22/21 17:00,79,75,4
11/22/21 18:00,32,30,2
11/22/21 19:00,15,11,4
11/22/21 20:00,5,5,0
11/22/21 21:00,6,3,3
11/22/21 22:00,7,5,2
11/22/21 23:00,4,3,1
11/23/21 0:00,2,1,1
11/23/21 1:00,6,6,0
11/23/21 2:00,1,0,1
11/23/21 3:00,3,0,3
11/23/21 4:00,5,0,5
11/23/21 5:00,21,4,17
11/23/21 6:00,36,5,31
11/23/21 7:00,51,3,48
11/23/21 8:00,51,3,48
11/23/21 9:00,26,5,21
11/23/21 10:00,26,6,20
11/23/21 11:00,16,2,14
11/23/21 12:00,9,4,5
11/23/21 13:00,23,11,12
11/23/21 14:00,36,22,14
11/23/21 15:00,40,30,10
11/23/21 16:00,69,50,19
11/23/21 17:00,72,65,7
11/23/21 18:00,46,33,13
11/23/21 19:00,12,8,4
11/23/21 20:00,10,9,1
11/23/21 21:00,7,6,1
11/23/21 22:00,7,5,2
11/23/21 23:00,8,7,1
11/24/21 0:00,2,1,1
11/24/21 1:00,3,2,1
11/24/21 2:00,3,2,1
11/24/21 3:00,2,0,2
11/24/21 4:00,4,1,3
11/24/21 5:00,18,1,17
11/24/21 6:00,32,3,29
11/24/21 7:00,49,5,44
11/24/21 8:00,47,2,45
11/24/21 9:00,22,1,21
11/24/21 10:00,29,17,12
11/24/21 11:00,34,12,22
11/24/21 12:00,30,17,13
11/24/21 13:00,47,28,19
11/24/21 14:00,59,39,20
11/24/21 15:00,60,39,21
11/24/21 16:00,59,48,11
11/24/21 17:00,51,45,6
11/24/21 18:00,17,10,7
11/24/21 19:00,10,10,0
11/24/21 20:00,10,6,4
11/24/21 21:00,6,6,0
11/24/21 22:00,3,3,0
11/24/21 23:00,1,0,1
11/25/21 0:00,6,3,3
11/25/21 1:00,0,0,0
11/25/21 2:00,2,0,2
11/25/21 3:00,0,0,0
11/25/21 4:00,0,0,0
11/25/21 5:00,3,1,2
11/25/21 6:00,4,0,4
11/25/21 7:00,4,1,3
11/25/21 8:00,4,2,2
11/25/21 9:00,8,1,7
11/25/21 10:00,16,10,6
11/25/21 11:00,10,5,5
11/25/21 12:00,13,10,3
11/25/21 13:00,14,6,8
11/25/21 14:00,8,6,2
11/25/21 15:00,5,3,2
11/25/21 16:00,3,2,1
11/25/21 17:00,1,1,0
11/25/21 18:00,2,2,0
11/25/21 19:00,2,1,1
11/25/21 20:00,6,3,3
11/25/21 21:00,7,4,3
11/25/21 22:00,1,1,0
11/25/21 23:00,2,2,0
11/26/21 0:00,0,0,0
11/26/21 1:00,5,1,4
11/26/21 2:00,3,1,2
11/26/21 3:00,2,1,1
11/26/21 4:00,5,0,5
11/26/21 5:00,4,0,4
11/26/21 6:00,9,2,7
11/26/21 7:00,9,3,6
11/26/21 8:00,11,3,8
11/26/21 9:00,13,5,8
11/26/21 10:00,25,4,21
11/26/21 11:00,21,8,13
11/26/21 12:00,25,14,11
11/26/21 13:00,37,14,23
11/26/21 14:00,49,27,22
11/26/21 15:00,34,28,6
11/26/21 16:00,30,17,13
11/26/21 17:00,19,12,7
11/26/21 18:00,9,7,2
11/26/21 19:00,13,12,1
11/26/21 20:00,13,11,2
11/26/21 21:00,2,2,0
11/26/21 22:00,4,3,1
11/26/21 23:00,8,6,2
11/27/21 0:00,1,0,1
11/27/21 1:00,1,1,0
11/27/21 2:00,7,4,3
11/27/21 3:00,1,0,1
11/27/21 4:00,2,1,1
11/27/21 5:00,7,0,7
11/27/21 6:00,5,2,3
11/27/21 7:00,5,1,4
11/27/21 8:00,15,3,12
11/27/21 9:00,12,2,10
11/27/21 10:00,12,5,7
11/27/21 11:00,16,4,12
11/27/21 12:00,23,17,6
11/27/21 13:00,11,9,2
11/27/21 14:00,16,8,8
11/27/21 15:00,14,10,4
11/27/21 16:00,7,3,4
11/27/21 17:00,4,3,1
11/27/21 18:00,2,2,0
11/27/21 19:00,1,1,0
11/27/21 20:00,0,0,0
11/27/21 21:00,1,1,0
11/27/21 22:00,1,1,0
11/27/21 23:00,1,0,1
11/28/21 0:00,2,1,1
11/28/21 1:00,4,4,0
11/28/21 2:00,2,1,1
11/28/21 3:00,4,2,2
11/28/21 4:00,1,0,1
11/28/21 5:00,5,0,5
11/28/21 6:00,3,1,2
11/28/21 7:00,2,1,1
11/28/21 8:00,8,0,8
11/28/21 9:00,20,10,10
11/28/21 10:00,20,7,13
11/28/21 11:00,15,10,5
11/28/21 12:00,14,6,8
11/28/21 13:00,7,5,2
11/28/21 14:00,16,7,9
11/28/21 15:00,7,4,3
11/28/21 16:00,6,1,5
11/28/21 17:00,9,7,2
11/28/21 18:00,9,8,1
11/28/21 19:00,1,1,0
11/28/21 20:00,5,4,1
11/28/21 21:00,3,3,0
11/28/21 22:00,4,2,2
11/28/21 23:00,4,1,3
11/29/21 0:00,2,2,0
11/29/21 1:00,1,1,0
11/29/21 2:00,2,0,2
11/29/21 3:00,3,0,3
11/29/21 4:00,11,2,9
11/29/21 5:00,42,6,36
11/29/21 6:00,35,2,33
11/29/21 7:00,74,5,69
11/29/21 8:00,61,9,52
11/29/21 9:00,41,6,35
11/29/21 10:00,16,7,9
11/29/21 11:00,15,8,7
11/29/21 12:00,28,9,19
11/29/21 13:00,27,14,13
11/29/21 14:00,45,28,17
11/29/21 15:00,66,54,12
11/29/21 16:00,72,53,19
11/29/21 17:00,93,84,9
11/29/21 18:00,31,26,5
11/29/21 19:00,12,9,3
11/29/21 20:00,11,9,2
11/29/21 21:00,7,5,2
11/29/21 22:00,3,2,1
11/29/21 23:00,1,0,1
11/30/21 0:00,2,2,0
11/30/21 1:00,2,0,2
11/30/21 2:00,5,4,1
11/30/21 3:00,0,0,0
11/30/21 4:00,5,0,5
11/30/21 5:00,23,5,18
11/30/21 6:00,42,5,37
11/30/21 7:00,74,8,66
11/30/21 8:00,74,7,67
11/30/21 9:00,33,8,25
11/30/21 10:00,21,7,14
11/30/21 11:00,19,9,10
11/30/21 12:00,12,5,7
11/30/21 13:00,12,8,4
11/30/21 14:00,29,19,10
11/30/21 15:00,60,41,19
11/30/21 16:00,57,48,9
11/30/21 17:00,82,75,7
11/30/21 18:00,42,38,4
11/30/21 19:00,16,13,3
11/30/21 20:00,9,7,2
11/30/21 21:00,13,11,2
11/30/21 22:00,2,1,1
11/30/21 23:00,3,2,1
12/1/21 0:00,5,3,2
12/1/21 1:00,0,0,0
12/1/21 2:00,0,0,0
12/1/21 3:00,0,0,0
12/1/21 4:00,6,1,5
12/1/21 5:00,30,6,24
12/1/21 6:00,47,5,42
12/1/21 7:00,66,3,63
12/1/21 8:00,70,4,66
12/1/21 9:00,41,5,36
12/1/21 10:00,22,6,16
12/1/21 11:00,26,10,16
12/1/21 12:00,29,8,21
12/1/21 13:00,30,18,12
12/1/21 14:00,36,24,12
12/1/21 15:00,75,60,15
12/1/21 16:00,77,58,19
12/1/21 17:00,76,69,7
12/1/21 18:00,37,33,4
12/1/21 19:00,20,19,1
12/1/21 20:00,13,12,1
12/1/21 21:00,6,6,0
12/1/21 22:00,6,4,2
12/1/21 23:00,4,3,1
12/2/21 0:00,4,0,4
12/2/21 1:00,3,3,0
12/2/21 2:00,1,0,1
12/2/21 3:00,1,0,1
12/2/21 4:00,4,0,4
12/2/21 5:00,23,4,19
12/2/21 6:00,41,3,38
12/2/21 7:00,74,5,69
12/2/21 8:00,67,7,60
12/2/21 9:00,33,4,29
12/2/21 10:00,16,6,10
12/2/21 11:00,8,2,6
12/2/21 12:00,14,6,8
12/2/21 13:00,19,11,8
12/2/21 14:00,24,11,13
12/2/21 15:00,37,27,10
12/2/21 16:00,78,62,16
12/2/21 17:00,77,64,13
12/2/21 18:00,44,34,10
12/2/21 19:00,17,16,1
12/2/21 20:00,25,19,6
12/2/21 21:00,10,8,2
12/2/21 22:00,5,5,0
12/2/21 23:00,0,0,0
12/3/21 0:00,2,1,1
12/3/21 1:00,1,0,1
12/3/21 2:00,0,0,0
12/3/21 3:00,0,0,0
12/3/21 4:00,9,1,8
12/3/21 5:00,27,6,21
12/3/21 6:00,28,2,26
12/3/21 7:00,58,7,51
12/3/21 8:00,72,10,62
12/3/21 9:00,31,3,28
12/3/21 10:00,23,4,19
12/3/21 11:00,19,9,10
12/3/21 12:00,17,9,8
12/3/21 13:00,32,15,17
12/3/21 14:00,20,11,9
12/3/21 15:00,49,39,10
12/3/21 16:00,73,57,16
12/3/21 17:00,76,62,14
12/3/21 18:00,36,31,5
12/3/21 19:00,14,12,2
12/3/21 20:00,14,12,2
12/3/21 21:00,5,5,0
12/3/21 22:00,2,2,0
12/3/21 23:00,5,5,0
12/4/21 0:00,6,3,3
12/4/21 1:00,2,1,1
12/4/21 2:00,1,0,1
12/4/21 3:00,3,2,1
12/4/21 4:00,3,0,3
12/4/21 5:00,4,2,2
12/4/21 6:00,8,4,4
12/4/21 7:00,7,3,4
12/4/21 8:00,6,1,5
12/4/21 9:00,6,0,6
12/4/21 10:00,6,2,4
12/4/21 11:00,6,3,3
12/4/21 12:00,11,6,5
12/4/21 13:00,8,6,2
12/4/21 14:00,13,7,6
12/4/21 15:00,5,2,3
12/4/21 16:00,8,4,4
5/31/17 10:00,30,5,25
5/31/17 11:00,22,9,13
5/31/17 12:00,25,12,13
5/31/17 13:00,28,11,17
5/31/17 14:00,28,14,14
5/31/17 15:00,54,41,13
5/31/17 16:00,137,117,20
5/31/17 17:00,227,200,27
5/31/17 18:00,135,114,21
5/31/17 19:00,49,39,10
5/31/17 20:00,26,22,4
5/31/17 21:00,9,8,1
5/31/17 22:00,10,9,1
5/31/17 23:00,2,2,0
6/1/17 0:00,3,2,1
6/1/17 1:00,1,1,0
6/1/17 2:00,3,2,1
6/1/17 3:00,1,0,1
6/1/17 4:00,4,0,4
6/1/17 5:00,28,3,25
6/1/17 6:00,85,17,68
6/1/17 7:00,140,14,126
6/1/17 8:00,135,13,122
6/1/17 9:00,58,11,47
6/1/17 10:00,31,10,21
6/1/17 11:00,23,7,16
6/1/17 12:00,25,7,18
6/1/17 13:00,21,9,12
6/1/17 14:00,35,20,15
6/1/17 15:00,44,30,14
6/1/17 16:00,98,85,13
6/1/17 17:00,179,161,18
1/1/14 0:00,0,0,0
1/1/14 1:00,3,3,0
1/1/14 2:00,6,5,1
1/1/14 3:00,7,6,1
1/1/14 4:00,0,0,0
1/1/14 5:00,6,5,1
1/1/14 6:00,1,1,0
1/1/14 7:00,2,0,2
1/1/14 8:00,7,1,6
1/1/14 9:00,6,2,4
1/1/14 10:00,17,6,11
1/1/14 11:00,35,18,17
1/1/14 12:00,28,12,16
1/1/14 13:00,24,12,12
1/1/14 14:00,40,18,22
1/1/14 15:00,29,15,14
1/1/14 16:00,20,9,11
1/1/14 17:00,10,5,5
1/1/14 18:00,1,1,0
1/1/14 19:00,1,0,1
1/1/14 20:00,0,0,0
1/1/14 21:00,0,0,0
1/1/14 22:00,3,2,1
1/1/14 23:00,0,0,0
1/2/14 0:00,1,1,0
1/2/14 1:00,2,1,1
1/2/14 2:00,0,0,0
1/2/14 3:00,1,0,1
1/2/14 4:00,2,0,2
1/2/14 5:00,10,1,9
1/2/14 6:00,37,8,29
1/2/14 7:00,59,10,49
1/2/14 8:00,76,9,67
1/2/14 9:00,30,2,28
1/2/14 10:00,5,0,5
1/2/14 11:00,11,4,7
1/2/14 12:00,13,1,12
1/2/14 13:00,19,9,10
1/2/14 14:00,16,10,6
1/2/14 15:00,23,20,3
1/2/14 16:00,38,27,11
1/2/14 17:00,76,64,12
1/2/14 18:00,41,38,3
1/2/14 19:00,24,21,3
1/2/14 20:00,3,2,1
1/2/14 21:00,3,2,1
1/2/14 22:00,3,2,1
1/2/14 23:00,3,1,2
1/3/14 0:00,8,0,8
1/3/14 1:00,1,1,0
1/3/14 2:00,0,0,0
1/3/14 3:00,0,0,0
1/3/14 4:00,2,0,2
1/3/14 5:00,15,3,12
1/3/14 6:00,34,3,31
1/3/14 7:00,48,9,39
1/3/14 8:00,69,8,61
1/3/14 9:00,32,4,28
1/3/14 10:00,11,4,7
1/3/14 11:00,8,3,5
1/3/14 12:00,16,7,9
1/3/14 13:00,23,11,12
1/3/14 14:00,28,11,17
1/3/14 15:00,37,22,15
1/3/14 16:00,51,40,11
1/3/14 17:00,67,58,9
1/3/14 18:00,27,26,1
1/3/14 19:00,11,9,2
1/3/14 20:00,8,8,0
1/3/14 21:00,3,3,0
1/3/14 22:00,9,7,2
1/3/14 23:00,2,1,1
1/4/14 0:00,0,0,0
1/4/14 1:00,1,1,0
1/4/14 2:00,4,2,2
1/4/14 3:00,0,0,0
1/4/14 4:00,1,1,0
1/4/14 5:00,6,0,6
1/4/14 6:00,5,1,4
1/4/14 7:00,2,0,2
1/4/14 8:00,13,2,11
1/4/14 9:00,14,5,9
1/4/14 10:00,37,28,9
1/4/14 11:00,43,29,14
1/4/14 12:00,45,18,27
1/4/14 13:00,85,23,62
1/4/14 14:00,51,22,29
1/4/14 15:00,46,33,13
1/4/14 16:00,32,10,22
1/4/14 17:00,15,9,6
1/4/14 18:00,5,2,3
1/4/14 19:00,4,0,4
1/4/14 20:00,1,1,0
1/4/14 21:00,5,1,4
1/4/14 22:00,3,2,1
1/4/14 23:00,2,0,2
1/5/14 0:00,1,1,0
1/5/14 1:00,0,0,0
1/5/14 2:00,1,1,0
1/5/14 3:00,1,1,0
1/5/14 4:00,0,0,0
1/5/14 5:00,3,1,2
1/5/14 6:00,1,1,0
1/5/14 7:00,5,4,1
1/5/14 8:00,5,0,5
1/5/14 9:00,7,3,4
1/5/14 10:00,23,10,13
1/5/14 11:00,28,8,20
1/5/14 12:00,33,20,13
1/5/14 13:00,50,28,22
1/5/14 14:00,50,26,24
1/5/14 15:00,41,19,22
1/5/14 16:00,22,11,11
1/5/14 17:00,7,2,5
1/5/14 18:00,4,3,1
1/5/14 19:00,5,4,1
1/5/14 20:00,1,1,0
1/5/14 21:00,0,0,0
1/5/14 22:00,1,0,1
1/5/14 23:00,0,0,0
1/6/14 0:00,0,0,0
1/6/14 1:00,1,1,0
1/6/14 2:00,0,0,0
1/6/14 3:00,3,3,0
1/6/14 4:00,4,1,3
1/6/14 5:00,18,5,13
1/6/14 6:00,54,7,47
1/6/14 7:00,72,13,59
1/6/14 8:00,67,3,64
1/6/14 9:00,32,4,28
1/6/14 10:00,15,2,13
1/6/14 11:00,12,6,6
1/6/14 12:00,3,0,3
1/6/14 13:00,12,2,10
1/6/14 14:00,17,11,6
1/6/14 15:00,32,23,9
1/6/14 16:00,60,42,18
1/6/14 17:00,95,78,17
1/6/14 18:00,57,50,7
1/6/14 19:00,12,11,1
1/6/14 20:00,10,8,2
1/6/14 21:00,4,4,0
1/6/14 22:00,2,2,0
1/6/14 23:00,1,1,0
1/7/14 0:00,2,2,0
1/7/14 1:00,0,0,0
1/7/14 2:00,1,1,0
1/7/14 3:00,0,0,0
1/7/14 4:00,3,0,3
1/7/14 5:00,18,3,15
1/7/14 6:00,47,10,37
1/7/14 7:00,71,12,59
1/7/14 8:00,83,4,79
1/7/14 9:00,28,4,24
1/7/14 10:00,14,0,14
1/7/14 11:00,7,5,2
1/7/14 12:00,7,3,4
1/7/14 13:00,11,5,6
1/7/14 14:00,9,7,2
1/7/14 15:00,24,16,8
1/7/14 16:00,49,31,18
1/7/14 17:00,82,70,12
1/7/14 18:00,52,46,6
1/7/14 19:00,15,14,1
1/7/14 20:00,14,13,1
1/7/14 21:00,2,2,0
1/7/14 22:00,0,0,0
1/7/14 23:00,2,2,0
1/8/14 0:00,2,2,0
1/8/14 1:00,0,0,0
1/8/14 2:00,1,1,0
1/8/14 3:00,0,0,0
1/8/14 4:00,3,0,3
1/8/14 5:00,16,3,13
1/8/14 6:00,47,9,38
1/8/14 7:00,60,11,49
1/8/14 8:00,86,7,79
1/8/14 9:00,29,3,26
1/8/14 10:00,13,3,10
1/8/14 11:00,5,1,4
1/8/14 12:00,9,5,4
1/8/14 13:00,16,6,10
1/8/14 14:00,11,6,5
1/8/14 15:00,20,19,1
1/8/14 16:00,57,44,13
1/8/14 17:00,62,52,10
1/8/14 18:00,43,37,6
1/8/14 19:00,16,13,3
1/8/14 20:00,8,8,0
1/8/14 21:00,6,5,1
1/8/14 22:00,6,5,1
1/8/14 23:00,5,4,1
1/9/14 0:00,2,2,0
1/9/14 1:00,0,0,0
1/9/14 2:00,1,0,1
1/9/14 3:00,0,0,0
1/9/14 4:00,4,1,3
1/9/14 5:00,17,3,14
1/9/14 6:00,42,10,32
1/9/14 7:00,72,9,63
1/9/14 8:00,63,3,60
1/9/14 9:00,42,0,42
1/9/14 10:00,13,1,12
1/9/14 11:00,9,2,7
1/9/14 12:00,12,6,6
1/9/14 13:00,12,6,6
1/9/14 14:00,13,10,3
1/9/14 15:00,21,16,5
1/9/14 16:00,41,28,13
1/9/14 17:00,84,71,13
1/9/14 18:00,51,48,3
1/9/14 19:00,19,13,6
1/9/14 20:00,12,12,0
1/9/14 21:00,8,6,2
1/9/14 22:00,2,1,1
1/9/14 23:00,3,1,2
1/10/14 0:00,2,2,0
1/10/14 1:00,1,1,0
1/10/14 2:00,1,1,0
1/10/14 3:00,3,3,0
1/10/14 4:00,3,1,2
1/10/14 5:00,11,3,8
1/10/14 6:00,30,6,24
1/10/14 7:00,64,13,51
1/10/14 8:00,51,3,48
1/10/14 9:00,30,7,23
1/10/14 10:00,11,0,11
1/10/14 11:00,5,1,4
1/10/14 12:00,8,3,5
1/10/14 13:00,6,4,2
1/10/14 14:00,10,6,4
1/10/14 15:00,25,21,4
1/10/14 16:00,30,20,10
1/10/14 17:00,60,50,10
1/10/14 18:00,39,32,7
1/10/14 19:00,12,11,1
1/10/14 20:00,2,2,0
1/10/14 21:00,1,1,0
1/10/14 22:00,4,4,0
1/10/14 23:00,3,2,1
1/11/14 0:00,0,0,0
1/11/14 1:00,1,1,0
1/11/14 2:00,1,1,0
1/11/14 3:00,3,2,1
1/11/14 4:00,0,0,0
1/11/14 5:00,1,0,1
1/11/14 6:00,2,1,1
1/11/14 7:00,2,1,1
1/11/14 8:00,6,1,5
1/11/14 9:00,15,7,8
1/11/14 10:00,8,2,6
1/11/14 11:00,11,6,5
1/11/14 12:00,5,1,4
1/11/14 13:00,5,0,5
1/11/14 14:00,3,1,2
1/11/14 15:00,3,2,1
1/11/14 16:00,5,1,4
1/11/14 17:00,3,2,1
1/11/14 18:00,4,3,1
1/11/14 19:00,1,0,1
1/11/14 20:00,2,1,1
1/11/14 21:00,2,2,0
1/11/14 22:00,2,2,0
1/11/14 23:00,1,1,0
1/12/14 0:00,0,0,0
1/12/14 1:00,0,0,0
1/12/14 2:00,1,1,0
1/12/14 3:00,0,0,0
1/12/14 4:00,0,0,0
1/12/14 5:00,3,1,2
1/12/14 6:00,3,1,2
1/12/14 7:00,0,0,0
1/12/14 8:00,6,0,6
1/12/14 9:00,4,2,2
1/12/14 10:00,11,6,5
1/12/14 11:00,9,2,7
1/12/14 12:00,11,3,8
1/12/14 13:00,8,5,3
1/12/14 14:00,8,5,3
1/12/14 15:00,14,9,5
1/12/14 16:00,11,5,6
1/12/14 17:00,8,4,4
1/12/14 18:00,5,3,2
1/12/14 19:00,2,1,1
1/12/14 20:00,1,1,0
1/12/14 21:00,0,0,0
1/12/14 22:00,0,0,0
1/12/14 23:00,1,1,0
1/13/14 0:00,0,0,0
1/13/14 1:00,1,1,0
1/13/14 2:00,2,0,2
1/13/14 3:00,4,4,0
1/13/14 4:00,4,0,4
1/13/14 5:00,19,3,16
1/13/14 6:00,37,7,30
1/13/14 7:00,75,9,66
1/13/14 8:00,75,8,67
1/13/14 9:00,38,6,32
1/13/14 10:00,27,4,23
1/13/14 11:00,12,3,9
1/13/14 12:00,15,6,9
1/13/14 13:00,16,3,13
1/13/14 14:00,15,11,4
1/13/14 15:00,25,18,7
1/13/14 16:00,54,41,13
1/13/14 17:00,93,81,12
1/13/14 18:00,73,65,8
1/13/14 19:00,20,15,5
1/13/14 20:00,16,14,2
1/13/14 21:00,6,4,2
1/13/14 22:00,3,2,1
1/13/14 23:00,3,2,1
1/14/14 0:00,3,1,2
1/14/14 1:00,1,0,1
1/14/14 2:00,1,0,1
1/14/14 3:00,1,0,1
1/14/14 4:00,5,1,4
1/14/14 5:00,28,5,23
1/14/14 6:00,66,13,53
1/14/14 7:00,101,15,86
1/14/14 8:00,98,6,92
1/14/14 9:00,33,7,26
1/14/14 10:00,21,6,15
1/14/14 11:00,18,5,13
1/14/14 12:00,12,6,6
1/14/14 13:00,17,9,8
1/14/14 14:00,28,19,9
1/14/14 15:00,30,27,3
1/14/14 16:00,81,59,22
1/14/14 17:00,104,89,15
1/14/14 18:00,70,57,13
1/14/14 19:00,22,18,4
1/14/14 20:00,9,6,3
1/14/14 21:00,10,9,1
1/14/14 22:00,5,4,1
1/14/14 23:00,3,3,0
1/15/14 0:00,3,2,1
1/15/14 1:00,0,0,0
1/15/14 2:00,2,2,0
1/15/14 3:00,2,2,0
1/15/14 4:00,7,0,7
1/15/14 5:00,25,7,18
1/15/14 6:00,59,11,48
1/15/14 7:00,73,10,63
1/15/14 8:00,111,12,99
1/15/14 9:00,36,5,31
1/15/14 10:00,21,6,15
1/15/14 11:00,27,13,14
1/15/14 12:00,20,7,13
1/15/14 13:00,27,14,13
1/15/14 14:00,22,11,11
1/15/14 15:00,32,25,7
1/15/14 16:00,73,55,18
1/15/14 17:00,85,72,13
1/15/14 18:00,80,70,10
1/15/14 19:00,47,38,9
1/15/14 20:00,27,16,11
1/15/14 21:00,8,8,0
1/15/14 22:00,8,5,3
1/15/14 23:00,2,1,1
1/16/14 0:00,0,0,0
1/16/14 1:00,0,0,0
1/16/14 2:00,1,1,0
1/16/14 3:00,1,1,0
1/16/14 4:00,4,0,4
1/16/14 5:00,13,4,9
1/16/14 6:00,56,8,48
1/16/14 7:00,97,13,84
1/16/14 8:00,91,4,87
1/16/14 9:00,51,9,42
1/16/14 10:00,10,2,8
1/16/14 11:00,12,6,6
1/16/14 12:00,20,7,13
1/16/14 13:00,19,7,12
1/16/14 14:00,18,11,7
1/16/14 15:00,31,21,10
1/16/14 16:00,61,44,17
1/16/14 17:00,115,95,20
1/16/14 18:00,57,46,11
1/16/14 19:00,36,26,10
1/16/14 20:00,16,12,4
1/16/14 21:00,9,5,4
1/16/14 22:00,7,7,0
1/16/14 23:00,5,4,1
1/17/14 0:00,2,2,0
1/17/14 1:00,1,1,0
1/17/14 2:00,0,0,0
1/17/14 3:00,2,2,0
1/17/14 4:00,2,0,2
1/17/14 5:00,15,3,12
1/17/14 6:00,56,11,45
1/17/14 7:00,92,12,80
1/17/14 8:00,73,7,66
1/17/14 9:00,39,4,35
1/17/14 10:00,11,1,10
1/17/14 11:00,14,6,8
1/17/14 12:00,18,6,12
1/17/14 13:00,24,11,13
1/17/14 14:00,23,14,9
1/17/14 15:00,33,21,12
1/17/14 16:00,70,60,10
1/17/14 17:00,80,69,11
1/17/14 18:00,53,40,13
1/17/14 19:00,22,18,4
1/17/14 20:00,7,6,1
1/17/14 21:00,8,6,2
1/17/14 22:00,3,2,1
1/17/14 23:00,3,3,0
1/18/14 0:00,3,3,0
1/18/14 1:00,1,1,0
1/18/14 2:00,3,2,1
1/18/14 3:00,0,0,0
1/18/14 4:00,2,1,1
1/18/14 5:00,4,0,4
1/18/14 6:00,5,1,4
1/18/14 7:00,12,1,11
1/18/14 8:00,21,1,20
1/18/14 9:00,14,4,10
1/18/14 10:00,13,3,10
1/18/14 11:00,28,19,9
1/18/14 12:00,43,17,26
1/18/14 13:00,36,13,23
1/18/14 14:00,44,22,22
1/18/14 15:00,44,24,20
1/18/14 16:00,43,26,17
1/18/14 17:00,28,16,12
1/18/14 18:00,17,13,4
1/18/14 19:00,9,4,5
1/18/14 20:00,9,5,4
1/18/14 21:00,5,2,3
1/18/14 22:00,5,3,2
1/18/14 23:00,3,3,0
1/19/14 0:00,0,0,0
1/19/14 1:00,3,3,0
1/19/14 2:00,4,1,3
1/19/14 3:00,1,1,0
1/19/14 4:00,2,2,0
1/19/14 5:00,3,0,3
1/19/14 6:00,3,0,3
1/19/14 7:00,4,1,3
1/19/14 8:00,11,2,9
1/19/14 9:00,18,5,13
1/19/14 10:00,28,14,14
1/19/14 11:00,34,17,17
1/19/14 12:00,35,16,19
1/19/14 13:00,16,6,10
1/19/14 14:00,25,10,15
1/19/14 15:00,6,4,2
1/19/14 16:00,6,6,0
1/19/14 17:00,5,2,3
1/19/14 18:00,2,2,0
1/19/14 19:00,9,7,2
1/19/14 20:00,8,5,3
1/19/14 21:00,6,4,2
1/19/14 22:00,2,1,1
1/19/14 23:00,0,0,0
1/20/14 0:00,0,0,0
1/20/14 1:00,0,0,0
1/20/14 2:00,3,1,2
1/20/14 3:00,2,1,1
1/20/14 4:00,4,1,3
1/20/14 5:00,12,5,7
1/20/14 6:00,27,6,21
1/20/14 7:00,47,10,37
1/20/14 8:00,46,3,43
1/20/14 9:00,29,7,22
1/20/14 10:00,30,9,21
1/20/14 11:00,14,7,7
1/20/14 12:00,33,20,13
1/20/14 13:00,25,10,15
1/20/14 14:00,31,17,14
1/20/14 15:00,57,34,23
1/20/14 16:00,65,40,25
1/20/14 17:00,50,39,11
1/20/14 18:00,36,28,8
1/20/14 19:00,20,16,4
1/20/14 20:00,9,7,2
1/20/14 21:00,3,3,0
1/20/14 22:00,2,2,0
1/20/14 23:00,1,1,0
1/21/14 0:00,0,0,0
1/21/14 1:00,0,0,0
1/21/14 2:00,1,1,0
1/21/14 3:00,1,1,0
1/21/14 4:00,2,0,2
1/21/14 5:00,26,4,22
1/21/14 6:00,56,10,46
1/21/14 7:00,98,11,87
1/21/14 8:00,99,5,94
1/21/14 9:00,34,4,30
1/21/14 10:00,13,1,12
1/21/14 11:00,16,7,9
1/21/14 12:00,18,8,10
1/21/14 13:00,19,5,14
1/21/14 14:00,20,13,7
1/21/14 15:00,41,32,9
1/21/14 16:00,64,51,13
1/21/14 17:00,103,82,21
1/21/14 18:00,81,74,7
1/21/14 19:00,27,21,6
1/21/14 20:00,13,12,1
1/21/14 21:00,13,10,3
1/21/14 22:00,4,3,1
1/21/14 23:00,1,1,0
1/22/14 0:00,2,2,0
1/22/14 1:00,1,1,0
1/22/14 2:00,0,0,0
1/22/14 3:00,2,2,0
1/22/14 4:00,9,0,9
1/22/14 5:00,17,3,14
1/22/14 6:00,57,8,49
1/22/14 7:00,94,17,77
1/22/14 8:00,97,10,87
1/22/14 9:00,32,5,27
1/22/14 10:00,25,5,20
1/22/14 11:00,19,7,12
1/22/14 12:00,12,7,5
1/22/14 13:00,20,5,15
1/22/14 14:00,22,16,6
1/22/14 15:00,38,30,8
1/22/14 16:00,58,43,15
1/22/14 17:00,112,97,15
1/22/14 18:00,77,65,12
1/22/14 19:00,19,16,3
1/22/14 20:00,25,23,2
1/22/14 21:00,5,5,0
1/22/14 22:00,7,5,2
1/22/14 23:00,2,2,0
1/23/14 0:00,1,1,0
1/23/14 1:00,1,1,0
1/23/14 2:00,1,1,0
1/23/14 3:00,3,1,2
1/23/14 4:00,6,1,5
1/23/14 5:00,18,2,16
1/23/14 6:00,58,7,51
1/23/14 7:00,89,8,81
1/23/14 8:00,93,4,89
1/23/14 9:00,36,4,32
1/23/14 10:00,22,10,12
1/23/14 11:00,14,7,7
1/23/14 12:00,17,8,9
1/23/14 13:00,22,7,15
1/23/14 14:00,33,16,17
1/23/14 15:00,53,37,16
1/23/14 16:00,86,56,30
1/23/14 17:00,104,92,12
1/23/14 18:00,56,51,5
1/23/14 19:00,27,24,3
1/23/14 20:00,17,11,6
1/23/14 21:00,10,5,5
1/23/14 22:00,11,9,2
1/23/14 23:00,4,3,1
1/24/14 0:00,2,2,0
1/24/14 1:00,1,1,0
1/24/14 2:00,2,1,1
1/24/14 3:00,4,2,2
1/24/14 4:00,5,0,5
1/24/14 5:00,16,3,13
1/24/14 6:00,43,6,37
1/24/14 7:00,85,9,76
1/24/14 8:00,84,8,76
1/24/14 9:00,28,1,27
1/24/14 10:00,17,3,14
1/24/14 11:00,20,5,15
1/24/14 12:00,10,5,5
1/24/14 13:00,21,9,12
1/24/14 14:00,38,25,13
1/24/14 15:00,47,35,12
1/24/14 16:00,67,49,18
1/24/14 17:00,96,79,17
1/24/14 18:00,56,49,7
1/24/14 19:00,18,11,7
1/24/14 20:00,12,10,2
1/24/14 21:00,4,4,0
1/24/14 22:00,6,5,1
1/24/14 23:00,4,2,2
1/25/14 0:00,3,3,0
1/25/14 1:00,1,1,0
1/25/14 2:00,0,0,0
1/25/14 3:00,1,1,0
1/25/14 4:00,3,1,2
1/25/14 5:00,1,0,1
1/25/14 6:00,6,0,6
1/25/14 7:00,9,1,8
1/25/14 8:00,19,7,12
1/25/14 9:00,21,3,18
1/25/14 10:00,25,9,16
1/25/14 11:00,31,19,12
1/25/14 12:00,45,28,17
1/25/14 13:00,70,26,44
1/25/14 14:00,66,26,40
1/25/14 15:00,64,43,21
1/25/14 16:00,55,19,36
1/25/14 17:00,17,11,6
1/25/14 18:00,6,4,2
1/25/14 19:00,7,7,0
1/25/14 20:00,2,0,2
1/25/14 21:00,2,1,1
1/25/14 22:00,1,1,0
1/25/14 23:00,2,2,0
1/26/14 0:00,3,3,0
1/26/14 1:00,5,1,4
1/26/14 2:00,2,1,1
1/26/14 3:00,1,0,1
1/26/14 4:00,2,1,1
1/26/14 5:00,2,0,2
1/26/14 6:00,2,0,2
1/26/14 7:00,7,2,5
1/26/14 8:00,9,1,8
1/26/14 9:00,19,8,11
1/26/14 10:00,19,10,9
1/26/14 11:00,35,22,13
1/26/14 12:00,46,29,17
1/26/14 13:00,39,11,28
1/26/14 14:00,57,31,26
1/26/14 15:00,45,27,18
1/26/14 16:00,42,19,23
1/26/14 17:00,16,13,3
1/26/14 18:00,10,6,4
1/26/14 19:00,1,0,1
1/26/14 20:00,3,2,1
1/26/14 21:00,2,0,2
1/26/14 22:00,1,1,0
1/26/14 23:00,3,1,2
1/27/14 0:00,2,1,1
1/27/14 1:00,0,0,0
1/27/14 2:00,0,0,0
1/27/14 3:00,1,1,0
1/27/14 4:00,5,0,5
1/27/14 5:00,15,4,11
1/27/14 6:00,45,9,36
1/27/14 7:00,94,13,81
1/27/14 8:00,82,1,81
1/27/14 9:00,33,4,29
1/27/14 10:00,19,4,15
1/27/14 11:00,6,0,6
1/27/14 12:00,15,8,7
1/27/14 13:00,13,5,8
1/27/14 14:00,18,9,9
1/27/14 15:00,32,24,8
1/27/14 16:00,64,46,18
1/27/14 17:00,105,93,12
1/27/14 18:00,61,56,5
1/27/14 19:00,22,21,1
1/27/14 20:00,12,11,1
1/27/14 21:00,4,2,2
1/27/14 22:00,3,3,0
1/27/14 23:00,4,4,0
1/28/14 0:00,2,1,1
1/28/14 1:00,0,0,0
1/28/14 2:00,0,0,0
1/28/14 3:00,1,0,1
1/28/14 4:00,3,1,2
1/28/14 5:00,22,6,16
1/28/14 6:00,51,8,43
1/28/14 7:00,84,11,73
1/28/14 8:00,94,3,91
1/28/14 9:00,26,3,23
1/28/14 10:00,9,2,7
1/28/14 11:00,13,7,6
1/28/14 12:00,12,5,7
1/28/14 13:00,13,6,7
1/28/14 14:00,21,14,7
1/28/14 15:00,37,28,9
1/28/14 16:00,54,39,15
1/28/14 17:00,107,96,11
1/28/14 18:00,62,53,9
1/28/14 19:00,18,14,4
1/28/14 20:00,8,7,1
1/28/14 21:00,5,2,3
1/28/14 22:00,3,3,0
1/28/14 23:00,1,1,0
1/29/14 0:00,2,2,0
1/29/14 1:00,0,0,0
1/29/14 2:00,1,1,0
1/29/14 3:00,1,1,0
1/29/14 4:00,4,2,2
1/29/14 5:00,11,3,8
1/29/14 6:00,42,8,34
1/29/14 7:00,65,6,59
1/29/14 8:00,82,7,75
1/29/14 9:00,21,4,17
1/29/14 10:00,6,0,6
1/29/14 11:00,7,3,4
1/29/14 12:00,6,3,3
1/29/14 13:00,6,2,4
1/29/14 14:00,10,6,4
1/29/14 15:00,27,19,8
1/29/14 16:00,42,31,11
1/29/14 17:00,69,55,14
1/29/14 18:00,55,46,9
1/29/14 19:00,23,19,4
1/29/14 20:00,11,9,2
1/29/14 21:00,4,3,1
1/29/14 22:00,5,4,1
1/29/14 23:00,2,2,0
1/30/14 0:00,1,1,0
1/30/14 1:00,2,2,0
1/30/14 2:00,2,2,0
1/30/14 3:00,0,0,0
1/30/14 4:00,2,1,1
1/30/14 5:00,11,3,8
1/30/14 6:00,46,7,39
1/30/14 7:00,63,12,51
1/30/14 8:00,81,4,77
1/30/14 9:00,36,5,31
1/30/14 10:00,9,1,8
1/30/14 11:00,10,5,5
1/30/14 12:00,10,4,6
1/30/14 13:00,18,9,9
1/30/14 14:00,26,12,14
1/30/14 15:00,27,18,9
1/30/14 16:00,57,40,17
1/30/14 17:00,90,81,9
1/30/14 18:00,54,48,6
1/30/14 19:00,22,19,3
1/30/14 20:00,11,6,5
1/30/14 21:00,7,6,1
1/30/14 22:00,6,3,3
1/30/14 23:00,8,5,3
1/31/14 0:00,2,1,1
1/31/14 1:00,2,1,1
1/31/14 2:00,2,1,1
1/31/14 3:00,2,1,1
1/31/14 4:00,3,0,3
1/31/14 5:00,15,3,12
1/31/14 6:00,37,8,29
1/31/14 7:00,65,10,55
1/31/14 8:00,68,4,64
1/31/14 9:00,36,5,31
1/31/14 10:00,20,8,12
1/31/14 11:00,10,3,7
1/31/14 12:00,18,9,9
1/31/14 13:00,21,8,13
1/31/14 14:00,18,7,11
1/31/14 15:00,35,27,8
1/31/14 16:00,55,45,10
1/31/14 17:00,81,68,13
1/31/14 18:00,41,31,10
1/31/14 19:00,18,13,5
1/31/14 20:00,0,0,0
1/31/14 21:00,0,0,0
1/31/14 22:00,0,0,0
1/31/14 23:00,0,0,0
2/1/14 0:00,4,4,0
2/1/14 1:00,0,0,0
2/1/14 2:00,0,0,0
2/1/14 3:00,1,1,0
2/1/14 4:00,1,0,1
2/1/14 5:00,3,0,3
2/1/14 6:00,7,1,6
2/1/14 7:00,11,3,8
2/1/14 8:00,33,8,25
2/1/14 9:00,35,23,12
2/1/14 10:00,34,18,16
2/1/14 11:00,40,27,13
2/1/14 12:00,37,14,23
2/1/14 13:00,28,18,10
2/1/14 14:00,32,13,19
2/1/14 15:00,41,22,19
2/1/14 16:00,22,16,6
2/1/14 17:00,20,7,13
2/1/14 18:00,16,7,9
2/1/14 19:00,8,7,1
2/1/14 20:00,5,5,0
2/1/14 21:00,5,3,2
2/1/14 22:00,3,3,0
2/1/14 23:00,2,1,1
2/2/14 0:00,2,2,0
2/2/14 1:00,3,3,0
2/2/14 2:00,0,0,0
2/2/14 3:00,1,0,1
2/2/14 4:00,1,1,0
2/2/14 5:00,2,2,0
2/2/14 6:00,2,1,1
2/2/14 7:00,9,5,4
2/2/14 8:00,12,5,7
2/2/14 9:00,12,5,7
2/2/14 10:00,30,10,20
2/2/14 11:00,41,28,13
2/2/14 12:00,44,17,27
2/2/14 13:00,41,19,22
2/2/14 14:00,36,20,16
2/2/14 15:00,13,9,4
2/2/14 16:00,16,9,7
2/2/14 17:00,7,3,4
2/2/14 18:00,5,2,3
2/2/14 19:00,2,0,2
2/2/14 20:00,8,3,5
2/2/14 21:00,3,1,2
2/2/14 22:00,3,1,2
2/2/14 23:00,3,2,1
2/3/14 0:00,2,1,1
2/3/14 1:00,2,2,0
2/3/14 2:00,1,1,0
2/3/14 3:00,2,2,0
2/3/14 4:00,4,1,3
2/3/14 5:00,17,5,12
2/3/14 6:00,46,10,36
2/3/14 7:00,72,9,63
2/3/14 8:00,79,3,76
2/3/14 9:00,39,6,33
2/3/14 10:00,16,1,15
2/3/14 11:00,11,5,6
2/3/14 12:00,15,5,10
2/3/14 13:00,16,6,10
2/3/14 14:00,14,9,5
2/3/14 15:00,28,19,9
2/3/14 16:00,62,47,15
2/3/14 17:00,101,86,15
2/3/14 18:00,58,55,3
2/3/14 19:00,23,18,5
2/3/14 20:00,8,6,2
2/3/14 21:00,4,3,1
2/3/14 22:00,4,4,0
2/3/14 23:00,0,0,0
2/4/14 0:00,2,2,0
2/4/14 1:00,0,0,0
2/4/14 2:00,0,0,0
2/4/14 3:00,0,0,0
2/4/14 4:00,2,1,1
2/4/14 5:00,13,2,11
2/4/14 6:00,35,7,28
2/4/14 7:00,73,12,61
2/4/14 8:00,85,2,83
2/4/14 9:00,33,5,28
2/4/14 10:00,9,1,8
2/4/14 11:00,15,6,9
2/4/14 12:00,11,6,5
2/4/14 13:00,14,5,9
2/4/14 14:00,10,9,1
2/4/14 15:00,27,21,6
2/4/14 16:00,44,29,15
2/4/14 17:00,95,85,10
2/4/14 18:00,54,48,6
2/4/14 19:00,24,20,4
2/4/14 20:00,9,7,2
2/4/14 21:00,3,2,1
2/4/14 22:00,2,2,0
2/4/14 23:00,3,3,0
2/5/14 0:00,3,2,1
2/5/14 1:00,1,0,1
2/5/14 2:00,0,0,0
2/5/14 3:00,2,1,1
2/5/14 4:00,3,0,3
2/5/14 5:00,16,5,11
2/5/14 6:00,43,7,36
2/5/14 7:00,74,10,64
2/5/14 8:00,69,3,66
2/5/14 9:00,61,4,57
2/5/14 10:00,52,2,50
2/5/14 11:00,48,8,40
2/5/14 12:00,37,11,26
2/5/14 13:00,29,20,9
2/5/14 14:00,60,44,16
2/5/14 15:00,55,47,8
2/5/14 16:00,63,48,15
2/5/14 17:00,96,84,12
2/5/14 18:00,60,51,9
2/5/14 19:00,21,19,2
2/5/14 20:00,4,2,2
2/5/14 21:00,4,4,0
2/5/14 22:00,7,6,1
2/5/14 23:00,5,5,0
2/6/14 0:00,0,0,0
2/6/14 1:00,7,1,6
2/6/14 2:00,0,0,0
2/6/14 3:00,1,1,0
2/6/14 4:00,3,0,3
2/6/14 5:00,10,2,8
2/6/14 6:00,28,8,20
2/6/14 7:00,43,7,36
2/6/14 8:00,54,5,49
2/6/14 9:00,20,2,18
2/6/14 10:00,16,4,12
2/6/14 11:00,7,2,5
2/6/14 12:00,11,4,7
2/6/14 13:00,7,3,4
2/6/14 14:00,9,5,4
2/6/14 15:00,13,9,4
2/6/14 16:00,43,29,14
2/6/14 17:00,62,57,5
2/6/14 18:00,34,30,4
2/6/14 19:00,11,9,2
2/6/14 20:00,4,4,0
2/6/14 21:00,8,5,3
2/6/14 22:00,3,1,2
2/6/14 23:00,5,3,2
2/7/14 0:00,1,1,0
2/7/14 1:00,0,0,0
2/7/14 2:00,1,1,0
2/7/14 3:00,0,0,0
2/7/14 4:00,3,1,2
2/7/14 5:00,9,2,7
2/7/14 6:00,33,1,32
2/7/14 7:00,37,8,29
2/7/14 8:00,49,0,49
2/7/14 9:00,23,1,22
2/7/14 10:00,11,4,7
2/7/14 11:00,11,1,10
2/7/14 12:00,3,1,2
2/7/14 13:00,3,2,1
2/7/14 14:00,11,7,4
2/7/14 15:00,27,19,8
2/7/14 16:00,41,33,8
2/7/14 17:00,45,37,8
2/7/14 18:00,30,25,5
2/7/14 19:00,9,8,1
2/7/14 20:00,7,3,4
2/7/14 21:00,3,2,1
2/7/14 22:00,3,2,1
2/7/14 23:00,3,3,0
2/8/14 0:00,3,3,0
2/8/14 1:00,1,1,0
2/8/14 2:00,0,0,0
2/8/14 3:00,3,2,1
2/8/14 4:00,0,0,0
2/8/14 5:00,1,0,1
2/8/14 6:00,1,0,1
2/8/14 7:00,5,1,4
2/8/14 8:00,10,1,9
2/8/14 9:00,9,1,8
2/8/14 10:00,10,7,3
2/8/14 11:00,23,10,13
2/8/14 12:00,24,14,10
2/8/14 13:00,18,12,6
2/8/14 14:00,16,8,8
2/8/14 15:00,27,13,14
2/8/14 16:00,9,3,6
2/8/14 17:00,10,2,8
2/8/14 18:00,4,3,1
2/8/14 19:00,2,2,0
2/8/14 20:00,1,1,0
2/8/14 21:00,1,1,0
2/8/14 22:00,1,1,0
2/8/14 23:00,1,0,1
2/9/14 0:00,1,0,1
2/9/14 1:00,0,0,0
2/9/14 2:00,0,0,0
2/9/14 3:00,2,0,2
2/9/14 4:00,0,0,0
2/9/14 5:00,0,0,0
2/9/14 6:00,0,0,0
2/9/14 7:00,0,0,0
2/9/14 8:00,0,0,0
2/9/14 9:00,1,0,1
2/9/14 10:00,2,1,1
2/9/14 11:00,0,0,0
2/9/14 12:00,1,1,0
2/9/14 13:00,0,0,0
2/9/14 14:00,0,0,0
2/9/14 15:00,1,0,1
2/9/14 16:00,2,0,2
2/9/14 17:00,6,5,1
2/9/14 18:00,2,2,0
2/9/14 19:00,0,0,0
2/9/14 20:00,1,0,1
2/9/14 21:00,0,0,0
2/9/14 22:00,0,0,0
2/9/14 23:00,0,0,0
2/10/14 0:00,1,1,0
2/10/14 1:00,0,0,0
2/10/14 2:00,2,1,1
2/10/14 3:00,1,1,0
2/10/14 4:00,5,0,5
2/10/14 5:00,4,1,3
2/10/14 6:00,26,4,22
2/10/14 7:00,41,7,34
2/10/14 8:00,44,3,41
2/10/14 9:00,27,3,24
2/10/14 10:00,9,2,7
2/10/14 11:00,7,3,4
2/10/14 12:00,7,3,4
2/10/14 13:00,7,3,4
2/10/14 14:00,4,2,2
2/10/14 15:00,25,17,8
2/10/14 16:00,33,22,11
2/10/14 17:00,44,35,9
2/10/14 18:00,39,32,7
2/10/14 19:00,16,14,2
2/10/14 20:00,8,5,3
2/10/14 21:00,6,6,0
2/10/14 22:00,1,1,0
2/10/14 23:00,0,0,0
2/11/14 0:00,2,2,0
2/11/14 1:00,0,0,0
2/11/14 2:00,1,1,0
2/11/14 3:00,2,2,0
2/11/14 4:00,1,0,1
2/11/14 5:00,16,5,11
2/11/14 6:00,47,8,39
2/11/14 7:00,75,15,60
2/11/14 8:00,79,8,71
2/11/14 9:00,27,2,25
2/11/14 10:00,10,1,9
2/11/14 11:00,8,4,4
2/11/14 12:00,11,6,5
2/11/14 13:00,8,2,6
2/11/14 14:00,11,9,2
2/11/14 15:00,37,27,10
2/11/14 16:00,41,28,13
2/11/14 17:00,68,56,12
2/11/14 18:00,53,47,6
2/11/14 19:00,18,18,0
2/11/14 20:00,10,8,2
2/11/14 21:00,5,4,1
2/11/14 22:00,2,1,1
2/11/14 23:00,2,2,0
2/12/14 0:00,4,4,0
2/12/14 1:00,0,0,0
2/12/14 2:00,0,0,0
2/12/14 3:00,5,2,3
2/12/14 4:00,4,2,2
2/12/14 5:00,14,4,10
2/12/14 6:00,37,2,35
2/12/14 7:00,52,9,43
2/12/14 8:00,64,4,60
2/12/14 9:00,30,1,29
2/12/14 10:00,15,2,13
2/12/14 11:00,10,2,8
2/12/14 12:00,18,9,9
2/12/14 13:00,15,6,9
2/12/14 14:00,19,11,8
2/12/14 15:00,41,25,16
2/12/14 16:00,62,46,16
2/12/14 17:00,82,64,18
2/12/14 18:00,52,38,14
2/12/14 19:00,7,5,2
2/12/14 20:00,20,18,2
2/12/14 21:00,9,6,3
2/12/14 22:00,4,4,0
2/12/14 23:00,4,3,1
2/13/14 0:00,2,2,0
2/13/14 1:00,2,1,1
2/13/14 2:00,2,1,1
2/13/14 3:00,0,0,0
2/13/14 4:00,6,3,3
2/13/14 5:00,12,2,10
2/13/14 6:00,57,10,47
2/13/14 7:00,61,11,50
2/13/14 8:00,82,5,77
2/13/14 9:00,33,3,30
2/13/14 10:00,13,0,13
2/13/14 11:00,20,4,16
2/13/14 12:00,14,5,9
2/13/14 13:00,18,7,11
2/13/14 14:00,27,17,10
2/13/14 15:00,33,22,11
2/13/14 16:00,63,48,15
2/13/14 17:00,98,88,10
2/13/14 18:00,57,45,12
2/13/14 19:00,17,14,3
2/13/14 20:00,14,12,2
2/13/14 21:00,9,6,3
2/13/14 22:00,5,4,1
2/13/14 23:00,3,2,1
2/14/14 0:00,6,3,3
2/14/14 1:00,3,2,1
2/14/14 2:00,0,0,0
2/14/14 3:00,3,2,1
2/14/14 4:00,5,0,5
2/14/14 5:00,10,2,8
2/14/14 6:00,40,9,31
2/14/14 7:00,51,8,43
2/14/14 8:00,48,3,45
2/14/14 9:00,17,2,15
2/14/14 10:00,10,1,9
2/14/14 11:00,3,2,1
2/14/14 12:00,6,4,2
2/14/14 13:00,9,5,4
2/14/14 14:00,15,7,8
2/14/14 15:00,27,17,10
2/14/14 16:00,55,42,13
2/14/14 17:00,50,40,10
2/14/14 18:00,34,30,4
2/14/14 19:00,10,6,4
2/14/14 20:00,8,7,1
2/14/14 21:00,2,2,0
2/14/14 22:00,3,2,1
2/14/14 23:00,2,2,0
2/15/14 0:00,2,1,1
2/15/14 1:00,1,1,0
2/15/14 2:00,1,1,0
2/15/14 3:00,4,4,0
2/15/14 4:00,1,0,1
2/15/14 5:00,3,1,2
2/15/14 6:00,6,3,3
2/15/14 7:00,6,2,4
2/15/14 8:00,18,4,14
2/15/14 9:00,25,6,19
2/15/14 10:00,27,11,16
2/15/14 11:00,27,18,9
2/15/14 12:00,14,8,6
2/15/14 13:00,12,8,4
2/15/14 14:00,3,1,2
2/15/14 15:00,5,5,0
2/15/14 16:00,4,1,3
2/15/14 17:00,16,11,5
2/15/14 18:00,3,3,0
2/15/14 19:00,5,3,2
2/15/14 20:00,3,2,1
2/15/14 21:00,2,2,0
2/15/14 22:00,1,1,0
2/15/14 23:00,1,1,0
2/16/14 0:00,2,1,1
2/16/14 1:00,0,0,0
2/16/14 2:00,0,0,0
2/16/14 3:00,1,0,1
2/16/14 4:00,1,0,1
2/16/14 5:00,0,0,0
2/16/14 6:00,2,1,1
2/16/14 7:00,3,0,3
2/16/14 8:00,5,1,4
2/16/14 9:00,11,2,9
2/16/14 10:00,11,6,5
2/16/14 11:00,8,5,3
2/16/14 12:00,5,1,4
2/16/14 13:00,9,7,2
2/16/14 14:00,11,1,10
2/16/14 15:00,5,2,3
2/16/14 16:00,4,2,2
2/16/14 17:00,8,6,2
2/16/14 18:00,3,2,1
2/16/14 19:00,1,0,1
2/16/14 20:00,1,1,0
2/16/14 21:00,1,1,0
2/16/14 22:00,1,1,0
2/16/14 23:00,0,0,0
2/17/14 0:00,0,0,0
2/17/14 1:00,1,0,1
2/17/14 2:00,0,0,0
2/17/14 3:00,4,3,1
2/17/14 4:00,2,0,2
2/17/14 5:00,4,2,2
2/17/14 6:00,10,3,7
2/17/14 7:00,13,1,12
2/17/14 8:00,21,3,18
2/17/14 9:00,23,1,22
2/17/14 10:00,12,4,8
2/17/14 11:00,5,1,4
2/17/14 12:00,13,3,10
2/17/14 13:00,8,5,3
2/17/14 14:00,8,5,3
2/17/14 15:00,16,9,7
2/17/14 16:00,24,16,8
2/17/14 17:00,26,18,8
2/17/14 18:00,25,23,2
2/17/14 19:00,11,8,3
2/17/14 20:00,5,3,2
2/17/14 21:00,4,3,1
2/17/14 22:00,6,5,1
2/17/14 23:00,1,0,1
2/18/14 0:00,0,0,0
2/18/14 1:00,0,0,0
2/18/14 2:00,0,0,0
2/18/14 3:00,3,2,1
2/18/14 4:00,3,1,2
2/18/14 5:00,19,4,15
2/18/14 6:00,37,4,33
2/18/14 7:00,59,8,51
2/18/14 8:00,56,4,52
2/18/14 9:00,23,2,21
2/18/14 10:00,4,0,4
2/18/14 11:00,4,2,2
2/18/14 12:00,5,1,4
2/18/14 13:00,4,3,1
2/18/14 14:00,8,4,4
2/18/14 15:00,19,15,4
2/18/14 16:00,47,36,11
2/18/14 17:00,73,64,9
2/18/14 18:00,32,28,4
2/18/14 19:00,11,10,1
2/18/14 20:00,9,8,1
2/18/14 21:00,5,3,2
2/18/14 22:00,4,4,0
2/18/14 23:00,1,1,0
2/19/14 0:00,1,1,0
2/19/14 1:00,0,0,0
2/19/14 2:00,0,0,0
2/19/14 3:00,3,2,1
2/19/14 4:00,2,0,2
2/19/14 5:00,13,3,10
2/19/14 6:00,40,9,31
2/19/14 7:00,71,8,63
2/19/14 8:00,71,6,65
2/19/14 9:00,40,6,34
2/19/14 10:00,15,2,13
2/19/14 11:00,10,1,9
2/19/14 12:00,14,7,7
2/19/14 13:00,11,4,7
2/19/14 14:00,28,19,9
2/19/14 15:00,35,24,11
2/19/14 16:00,48,31,17
2/19/14 17:00,89,78,11
2/19/14 18:00,53,47,6
2/19/14 19:00,29,23,6
2/19/14 20:00,14,10,4
2/19/14 21:00,3,3,0
2/19/14 22:00,4,4,0
2/19/14 23:00,4,4,0
2/20/14 0:00,1,1,0
2/20/14 1:00,1,0,1
2/20/14 2:00,4,2,2
2/20/14 3:00,1,1,0
2/20/14 4:00,3,0,3
2/20/14 5:00,7,2,5
2/20/14 6:00,41,6,35
2/20/14 7:00,64,8,56
2/20/14 8:00,67,7,60
2/20/14 9:00,22,3,19
2/20/14 10:00,11,3,8
2/20/14 11:00,11,2,9
2/20/14 12:00,10,6,4
2/20/14 13:00,15,5,10
2/20/14 14:00,21,8,13
2/20/14 15:00,36,30,6
2/20/14 16:00,44,33,11
2/20/14 17:00,85,71,14
2/20/14 18:00,48,39,9
2/20/14 19:00,21,18,3
2/20/14 20:00,14,7,7
2/20/14 21:00,7,4,3
2/20/14 22:00,7,7,0
2/20/14 23:00,8,4,4
2/21/14 0:00,2,2,0
2/21/14 1:00,0,0,0
2/21/14 2:00,1,1,0
2/21/14 3:00,2,1,1
2/21/14 4:00,6,1,5
2/21/14 5:00,13,1,12
2/21/14 6:00,33,6,27
2/21/14 7:00,57,6,51
2/21/14 8:00,53,5,48
2/21/14 9:00,40,6,34
2/21/14 10:00,9,1,8
2/21/14 11:00,10,2,8
2/21/14 12:00,4,4,0
2/21/14 13:00,7,6,1
2/21/14 14:00,19,8,11
2/21/14 15:00,29,23,6
2/21/14 16:00,44,35,9
2/21/14 17:00,74,62,12
2/21/14 18:00,41,34,7
2/21/14 19:00,12,10,2
2/21/14 20:00,7,5,2
2/21/14 21:00,3,3,0
2/21/14 22:00,7,4,3
2/21/14 23:00,3,2,1
2/22/14 0:00,1,0,1
2/22/14 1:00,3,2,1
2/22/14 2:00,1,0,1
2/22/14 3:00,2,2,0
2/22/14 4:00,0,0,0
2/22/14 5:00,0,0,0
2/22/14 6:00,3,0,3
2/22/14 7:00,7,4,3
2/22/14 8:00,14,2,12
2/22/14 9:00,7,2,5
2/22/14 10:00,14,7,7
2/22/14 11:00,15,13,2
2/22/14 12:00,15,6,9
2/22/14 13:00,16,7,9
2/22/14 14:00,14,7,7
2/22/14 15:00,13,6,7
2/22/14 16:00,10,5,5
2/22/14 17:00,15,9,6
2/22/14 18:00,9,6,3
2/22/14 19:00,1,1,0
2/22/14 20:00,1,1,0
2/22/14 21:00,0,0,0
2/22/14 22:00,4,3,1
2/22/14 23:00,3,1,2
2/23/14 0:00,1,0,1
2/23/14 1:00,1,0,1
2/23/14 2:00,0,0,0
2/23/14 3:00,0,0,0
2/23/14 4:00,0,0,0
2/23/14 5:00,2,2,0
2/23/14 6:00,6,0,6
2/23/14 7:00,29,1,28
2/23/14 8:00,18,2,16
2/23/14 9:00,15,4,11
2/23/14 10:00,14,11,3
2/23/14 11:00,28,11,17
2/23/14 12:00,22,17,5
2/23/14 13:00,29,18,11
2/23/14 14:00,12,9,3
2/23/14 15:00,17,14,3
2/23/14 16:00,9,5,4
2/23/14 17:00,4,2,2
2/23/14 18:00,7,3,4
2/23/14 19:00,0,0,0
2/23/14 20:00,1,1,0
2/23/14 21:00,1,1,0
2/23/14 22:00,2,0,2
2/23/14 23:00,1,0,1
2/24/14 0:00,1,1,0
2/24/14 1:00,0,0,0
2/24/14 2:00,1,0,1
2/24/14 3:00,2,1,1
2/24/14 4:00,2,0,2
2/24/14 5:00,20,5,15
2/24/14 6:00,40,9,31
2/24/14 7:00,69,9,60
2/24/14 8:00,56,7,49
2/24/14 9:00,22,3,19
2/24/14 10:00,6,0,6
2/24/14 11:00,5,1,4
2/24/14 12:00,3,1,2
2/24/14 13:00,7,2,5
2/24/14 14:00,8,5,3
2/24/14 15:00,26,21,5
2/24/14 16:00,41,29,12
2/24/14 17:00,81,67,14
2/24/14 18:00,47,42,5
2/24/14 19:00,13,11,2
2/24/14 20:00,8,7,1
2/24/14 21:00,5,3,2
2/24/14 22:00,2,2,0
2/24/14 23:00,0,0,0
2/25/14 0:00,1,1,0
2/25/14 1:00,3,2,1
2/25/14 2:00,1,0,1
2/25/14 3:00,3,2,1
2/25/14 4:00,0,0,0
2/25/14 5:00,25,5,20
2/25/14 6:00,44,6,38
2/25/14 7:00,87,14,73
2/25/14 8:00,92,8,84
2/25/14 9:00,34,4,30
2/25/14 10:00,18,6,12
2/25/14 11:00,13,3,10
2/25/14 12:00,18,7,11
2/25/14 13:00,14,4,10
2/25/14 14:00,35,20,15
2/25/14 15:00,43,28,15
2/25/14 16:00,68,46,22
2/25/14 17:00,110,91,19
2/25/14 18:00,68,55,13
2/25/14 19:00,22,18,4
2/25/14 20:00,16,16,0
2/25/14 21:00,9,8,1
2/25/14 22:00,2,2,0
2/25/14 23:00,5,3,2
2/26/14 0:00,3,2,1
2/26/14 1:00,0,0,0
2/26/14 2:00,2,1,1
2/26/14 3:00,2,1,1
2/26/14 4:00,3,0,3
2/26/14 5:00,21,3,18
2/26/14 6:00,64,11,53
2/26/14 7:00,98,17,81
2/26/14 8:00,80,9,71
2/26/14 9:00,51,3,48
2/26/14 10:00,17,5,12
2/26/14 11:00,15,3,12
2/26/14 12:00,23,11,12
2/26/14 13:00,20,10,10
2/26/14 14:00,25,14,11
2/26/14 15:00,39,27,12
2/26/14 16:00,86,54,32
2/26/14 17:00,141,114,27
2/26/14 18:00,76,61,15
2/26/14 19:00,32,27,5
2/26/14 20:00,25,17,8
2/26/14 21:00,6,4,2
2/26/14 22:00,6,5,1
2/26/14 23:00,5,4,1
2/27/14 0:00,1,1,0
2/27/14 1:00,1,1,0
2/27/14 2:00,0,0,0
2/27/14 3:00,1,1,0
2/27/14 4:00,3,1,2
2/27/14 5:00,16,5,11
2/27/14 6:00,42,6,36
2/27/14 7:00,97,15,82
2/27/14 8:00,87,10,77
2/27/14 9:00,50,8,42
2/27/14 10:00,21,5,16
2/27/14 11:00,18,4,14
2/27/14 12:00,22,12,10
2/27/14 13:00,16,12,4
2/27/14 14:00,34,22,12
2/27/14 15:00,37,21,16
2/27/14 16:00,66,46,20
2/27/14 17:00,109,90,19
2/27/14 18:00,70,60,10
2/27/14 19:00,25,21,4
2/27/14 20:00,21,15,6
2/27/14 21:00,7,6,1
2/27/14 22:00,9,7,2
2/27/14 23:00,6,4,2
2/28/14 0:00,3,2,1
2/28/14 1:00,2,1,1
2/28/14 2:00,2,1,1
2/28/14 3:00,5,3,2
2/28/14 4:00,5,0,5
2/28/14 5:00,17,3,14
2/28/14 6:00,38,7,31
2/28/14 7:00,92,13,79
2/28/14 8:00,83,10,73
2/28/14 9:00,31,2,29
2/28/14 10:00,25,4,21
2/28/14 11:00,22,8,14
2/28/14 12:00,19,11,8
2/28/14 13:00,28,13,15
2/28/14 14:00,38,21,17
2/28/14 15:00,47,29,18
2/28/14 16:00,67,48,19
2/28/14 17:00,99,81,18
2/28/14 18:00,54,39,15
2/28/14 19:00,24,17,7
2/28/14 20:00,11,8,3
2/28/14 21:00,5,5,0
2/28/14 22:00,4,4,0
2/28/14 23:00,6,2,4
3/1/14 0:00,3,1,2
3/1/14 1:00,2,1,1
3/1/14 2:00,2,1,1
3/1/14 3:00,1,1,0
3/1/14 4:00,3,2,1
3/1/14 5:00,4,1,3
3/1/14 6:00,5,1,4
3/1/14 7:00,5,0,5
3/1/14 8:00,20,3,17
3/1/14 9:00,32,14,18
3/1/14 10:00,29,9,20
3/1/14 11:00,38,22,16
3/1/14 12:00,39,21,18
3/1/14 13:00,33,20,13
3/1/14 14:00,8,5,3
3/1/14 15:00,14,8,6
3/1/14 16:00,11,9,2
3/1/14 17:00,14,13,1
3/1/14 18:00,9,5,4
3/1/14 19:00,5,4,1
3/1/14 20:00,4,2,2
3/1/14 21:00,1,1,0
3/1/14 22:00,2,1,1
3/1/14 23:00,3,1,2
3/2/14 0:00,2,1,1
3/2/14 1:00,3,3,0
3/2/14 2:00,2,0,2
3/2/14 3:00,2,1,1
3/2/14 4:00,2,0,2
3/2/14 5:00,2,1,1
3/2/14 6:00,2,1,1
3/2/14 7:00,3,0,3
3/2/14 8:00,3,1,2
3/2/14 9:00,9,4,5
3/2/14 10:00,16,4,12
3/2/14 11:00,7,3,4
3/2/14 12:00,5,3,2
3/2/14 13:00,4,3,1
3/2/14 14:00,5,4,1
3/2/14 15:00,12,9,3
3/2/14 16:00,7,6,1
3/2/14 17:00,4,3,1
3/2/14 18:00,2,0,2
3/2/14 19:00,0,0,0
3/2/14 20:00,1,1,0
3/2/14 21:00,1,0,1
3/2/14 22:00,1,1,0
3/2/14 23:00,0,0,0
3/3/14 0:00,0,0,0
3/3/14 1:00,0,0,0
3/3/14 2:00,0,0,0
3/3/14 3:00,2,1,1
3/3/14 4:00,3,1,2
3/3/14 5:00,13,3,10
3/3/14 6:00,34,3,31
3/3/14 7:00,60,6,54
3/3/14 8:00,48,2,46
3/3/14 9:00,16,2,14
3/3/14 10:00,4,0,4
3/3/14 11:00,4,1,3
3/3/14 12:00,9,3,6
3/3/14 13:00,10,3,7
3/3/14 14:00,14,8,6
3/3/14 15:00,36,28,8
3/3/14 16:00,51,31,20
3/3/14 17:00,79,68,11
3/3/14 18:00,38,33,5
3/3/14 19:00,27,21,6
3/3/14 20:00,7,6,1
3/3/14 21:00,4,3,1
3/3/14 22:00,3,1,2
3/3/14 23:00,1,1,0
3/4/14 0:00,2,1,1
3/4/14 1:00,2,1,1
3/4/14 2:00,1,0,1
3/4/14 3:00,2,0,2
3/4/14 4:00,1,1,0
3/4/14 5:00,16,3,13
3/4/14 6:00,48,6,42
3/4/14 7:00,70,13,57
3/4/14 8:00,56,5,51
3/4/14 9:00,29,1,28
3/4/14 10:00,6,2,4
3/4/14 11:00,5,0,5
3/4/14 12:00,7,4,3
3/4/14 13:00,10,6,4
3/4/14 14:00,8,6,2
3/4/14 15:00,20,11,9
3/4/14 16:00,38,27,11
3/4/14 17:00,89,72,17
3/4/14 18:00,34,31,3
3/4/14 19:00,21,19,2
3/4/14 20:00,8,6,2
3/4/14 21:00,3,3,0
3/4/14 22:00,1,0,1
3/4/14 23:00,5,5,0
3/5/14 0:00,2,2,0
3/5/14 1:00,1,0,1
3/5/14 2:00,1,1,0
3/5/14 3:00,1,0,1
3/5/14 4:00,2,0,2
3/5/14 5:00,9,1,8
3/5/14 6:00,33,5,28
3/5/14 7:00,59,8,51
3/5/14 8:00,63,8,55
3/5/14 9:00,18,1,17
3/5/14 10:00,16,5,11
3/5/14 11:00,6,1,5
3/5/14 12:00,16,5,11
3/5/14 13:00,12,3,9
3/5/14 14:00,19,11,8
3/5/14 15:00,23,18,5
3/5/14 16:00,36,25,11
3/5/14 17:00,53,45,8
3/5/14 18:00,49,44,5
3/5/14 19:00,16,13,3
3/5/14 20:00,14,11,3
3/5/14 21:00,9,8,1
3/5/14 22:00,4,3,1
3/5/14 23:00,4,2,2
3/6/14 0:00,1,1,0
3/6/14 1:00,0,0,0
3/6/14 2:00,2,1,1
3/6/14 3:00,1,0,1
3/6/14 4:00,2,0,2
3/6/14 5:00,11,2,9
3/6/14 6:00,34,6,28
3/6/14 7:00,56,5,51
3/6/14 8:00,66,6,60
3/6/14 9:00,28,3,25
3/6/14 10:00,7,2,5
3/6/14 11:00,5,2,3
3/6/14 12:00,12,6,6
3/6/14 13:00,10,1,9
3/6/14 14:00,10,2,8
3/6/14 15:00,24,19,5
3/6/14 16:00,43,29,14
3/6/14 17:00,62,54,8
3/6/14 18:00,56,44,12
3/6/14 19:00,20,16,4
3/6/14 20:00,12,9,3
3/6/14 21:00,9,4,5
3/6/14 22:00,5,4,1
3/6/14 23:00,3,3,0
3/7/14 0:00,7,5,2
3/7/14 1:00,1,1,0
3/7/14 2:00,3,2,1
3/7/14 3:00,2,1,1
3/7/14 4:00,4,0,4
3/7/14 5:00,14,2,12
3/7/14 6:00,45,8,37
3/7/14 7:00,93,18,75
3/7/14 8:00,67,3,64
3/7/14 9:00,33,8,25
3/7/14 10:00,28,7,21
3/7/14 11:00,14,3,11
3/7/14 12:00,17,6,11
3/7/14 13:00,33,13,20
3/7/14 14:00,26,15,11
3/7/14 15:00,54,39,15
3/7/14 16:00,69,50,19
3/7/14 17:00,100,85,15
3/7/14 18:00,64,50,14
3/7/14 19:00,19,13,6
3/7/14 20:00,14,10,4
3/7/14 21:00,5,5,0
3/7/14 22:00,3,2,1
3/7/14 23:00,5,2,3
3/8/14 0:00,3,3,0
3/8/14 1:00,0,0,0
3/8/14 2:00,1,1,0
3/8/14 3:00,6,2,4
3/8/14 4:00,3,1,2
3/8/14 5:00,2,0,2
3/8/14 6:00,9,2,7
3/8/14 7:00,10,4,6
3/8/14 8:00,29,9,20
3/8/14 9:00,33,19,14
3/8/14 10:00,31,15,16
3/8/14 11:00,24,12,12
3/8/14 12:00,12,5,7
3/8/14 13:00,12,7,5
3/8/14 14:00,6,3,3
3/8/14 15:00,10,6,4
3/8/14 16:00,5,1,4
3/8/14 17:00,3,3,0
3/8/14 18:00,2,2,0
3/8/14 19:00,3,1,2
3/8/14 20:00,0,0,0
3/8/14 21:00,1,1,0
3/8/14 22:00,0,0,0
3/8/14 23:00,1,0,1
3/9/14 0:00,2,2,0
3/9/14 1:00,0,0,0
3/9/14 2:00,0,0,0
3/9/14 3:00,2,2,0
3/9/14 4:00,1,0,1
3/9/14 5:00,2,1,1
3/9/14 6:00,1,1,0
3/9/14 7:00,0,0,0
3/9/14 8:00,1,0,1
3/9/14 9:00,6,2,4
3/9/14 10:00,12,4,8
3/9/14 11:00,17,10,7
3/9/14 12:00,31,18,13
3/9/14 13:00,40,16,24
3/9/14 14:00,43,20,23
3/9/14 15:00,54,40,14
3/9/14 16:00,40,16,24
3/9/14 17:00,13,5,8
3/9/14 18:00,13,3,10
3/9/14 19:00,6,2,4
3/9/14 20:00,3,0,3
3/9/14 21:00,2,2,0
3/9/14 22:00,3,2,1
3/9/14 23:00,0,0,0
3/10/14 0:00,1,1,0
3/10/14 1:00,0,0,0
3/10/14 2:00,0,0,0
3/10/14 3:00,3,2,1
3/10/14 4:00,3,1,2
3/10/14 5:00,9,4,5
3/10/14 6:00,42,6,36
3/10/14 7:00,62,11,51
3/10/14 8:00,55,9,46
3/10/14 9:00,32,2,30
3/10/14 10:00,10,0,10
3/10/14 11:00,7,2,5
3/10/14 12:00,6,0,6
3/10/14 13:00,8,4,4
3/10/14 14:00,14,7,7
3/10/14 15:00,23,14,9
3/10/14 16:00,65,44,21
3/10/14 17:00,63,54,9
3/10/14 18:00,54,47,7
3/10/14 19:00,22,20,2
3/10/14 20:00,5,4,1
3/10/14 21:00,3,3,0
3/10/14 22:00,6,5,1
3/10/14 23:00,2,2,0
3/11/14 0:00,1,1,0
3/11/14 1:00,0,0,0
3/11/14 2:00,1,1,0
3/11/14 3:00,1,1,0
3/11/14 4:00,2,0,2
3/11/14 5:00,18,4,14
3/11/14 6:00,56,10,46
3/11/14 7:00,107,17,90
3/11/14 8:00,94,11,83
3/11/14 9:00,52,10,42
3/11/14 10:00,16,4,12
3/11/14 11:00,22,8,14
3/11/14 12:00,25,15,10
3/11/14 13:00,33,14,19
3/11/14 14:00,31,20,11
3/11/14 15:00,71,51,20
3/11/14 16:00,84,55,29
3/11/14 17:00,146,120,26
3/11/14 18:00,101,83,18
3/11/14 19:00,35,29,6
3/11/14 20:00,12,10,2
3/11/14 21:00,17,11,6
3/11/14 22:00,9,7,2
3/11/14 23:00,0,0,0
3/12/14 0:00,6,4,2
3/12/14 1:00,2,0,2
3/12/14 2:00,1,1,0
3/12/14 3:00,2,1,1
3/12/14 4:00,4,0,4
3/12/14 5:00,19,5,14
3/12/14 6:00,62,12,50
3/12/14 7:00,108,17,91
3/12/14 8:00,120,11,109
3/12/14 9:00,55,6,49
3/12/14 10:00,30,6,24
3/12/14 11:00,19,11,8
3/12/14 12:00,21,8,13
3/12/14 13:00,39,25,14
3/12/14 14:00,47,29,18
3/12/14 15:00,54,38,16
3/12/14 16:00,95,63,32
3/12/14 17:00,141,116,25
3/12/14 18:00,134,108,26
3/12/14 19:00,40,35,5
3/12/14 20:00,22,14,8
3/12/14 21:00,9,4,5
3/12/14 22:00,10,10,0
3/12/14 23:00,7,2,5
3/13/14 0:00,0,0,0
3/13/14 1:00,1,1,0
3/13/14 2:00,1,1,0
3/13/14 3:00,3,2,1
3/13/14 4:00,5,0,5
3/13/14 5:00,21,4,17
3/13/14 6:00,61,7,54
3/13/14 7:00,114,12,102
3/13/14 8:00,83,9,74
3/13/14 9:00,50,9,41
3/13/14 10:00,21,2,19
3/13/14 11:00,17,5,12
3/13/14 12:00,26,15,11
3/13/14 13:00,25,12,13
3/13/14 14:00,30,16,14
3/13/14 15:00,47,31,16
3/13/14 16:00,68,51,17
3/13/14 17:00,127,105,22
3/13/14 18:00,95,75,20
3/13/14 19:00,104,93,11
3/13/14 20:00,24,11,13
3/13/14 21:00,15,6,9
3/13/14 22:00,13,7,6
3/13/14 23:00,10,4,6
3/14/14 0:00,15,4,11
3/14/14 1:00,9,1,8
3/14/14 2:00,0,0,0
3/14/14 3:00,1,0,1
3/14/14 4:00,4,0,4
3/14/14 5:00,12,1,11
3/14/14 6:00,30,5,25
3/14/14 7:00,53,9,44
3/14/14 8:00,64,5,59
3/14/14 9:00,18,1,17
3/14/14 10:00,13,1,12
3/14/14 11:00,10,4,6
3/14/14 12:00,18,9,9
3/14/14 13:00,15,6,9
3/14/14 14:00,20,12,8
3/14/14 15:00,24,20,4
3/14/14 16:00,53,37,16
3/14/14 17:00,52,45,7
3/14/14 18:00,53,44,9
3/14/14 19:00,15,9,6
3/14/14 20:00,11,8,3
3/14/14 21:00,3,3,0
3/14/14 22:00,4,2,2
3/14/14 23:00,5,2,3
3/15/14 0:00,1,1,0
3/15/14 1:00,5,3,2
3/15/14 2:00,3,3,0
3/15/14 3:00,4,2,2
3/15/14 4:00,0,0,0
3/15/14 5:00,2,0,2
3/15/14 6:00,2,0,2
3/15/14 7:00,1,1,0
3/15/14 8:00,26,13,13
3/15/14 9:00,16,6,10
3/15/14 10:00,19,8,11
3/15/14 11:00,24,19,5
3/15/14 12:00,35,12,23
3/15/14 13:00,35,15,20
3/15/14 14:00,28,10,18
3/15/14 15:00,29,15,14
3/15/14 16:00,20,14,6
3/15/14 17:00,19,12,7
3/15/14 18:00,11,7,4
3/15/14 19:00,1,1,0
3/15/14 20:00,5,3,2
3/15/14 21:00,4,1,3
3/15/14 22:00,0,0,0
3/15/14 23:00,2,1,1
3/16/14 0:00,2,1,1
3/16/14 1:00,1,1,0
3/16/14 2:00,1,1,0
3/16/14 3:00,0,0,0
3/16/14 4:00,0,0,0
3/16/14 5:00,3,2,1
3/16/14 6:00,3,1,2
3/16/14 7:00,4,2,2
3/16/14 8:00,1,0,1
3/16/14 9:00,3,0,3
3/16/14 10:00,9,0,9
3/16/14 11:00,3,3,0
3/16/14 12:00,9,3,6
3/16/14 13:00,5,1,4
3/16/14 14:00,6,4,2
3/16/14 15:00,8,4,4
3/16/14 16:00,5,5,0
3/16/14 17:00,3,3,0
3/16/14 18:00,2,0,2
3/16/14 19:00,4,2,2
3/16/14 20:00,1,1,0
3/16/14 21:00,0,0,0
3/16/14 22:00,0,0,0
3/16/14 23:00,2,2,0
3/17/14 0:00,1,0,1
3/17/14 1:00,0,0,0
3/17/14 2:00,0,0,0
3/17/14 3:00,1,0,1
3/17/14 4:00,2,1,1
3/17/14 5:00,15,3,12
3/17/14 6:00,54,7,47
3/17/14 7:00,86,12,74
3/17/14 8:00,86,8,78
3/17/14 9:00,48,8,40
3/17/14 10:00,18,6,12
3/17/14 11:00,15,7,8
3/17/14 12:00,11,4,7
3/17/14 13:00,21,9,12
3/17/14 14:00,26,15,11
3/17/14 15:00,54,40,14
3/17/14 16:00,81,53,28
3/17/14 17:00,116,100,16
3/17/14 18:00,89,74,15
3/17/14 19:00,26,19,7
3/17/14 20:00,14,11,3
3/17/14 21:00,11,8,3
3/17/14 22:00,3,3,0
3/17/14 23:00,3,2,1
3/18/14 0:00,1,1,0
3/18/14 1:00,0,0,0
3/18/14 2:00,0,0,0
3/18/14 3:00,2,1,1
3/18/14 4:00,0,0,0
3/18/14 5:00,22,5,17
3/18/14 6:00,63,14,49
3/18/14 7:00,93,11,82
3/18/14 8:00,102,20,82
3/18/14 9:00,47,8,39
3/18/14 10:00,20,3,17
3/18/14 11:00,24,11,13
3/18/14 12:00,21,3,18
3/18/14 13:00,17,8,9
3/18/14 14:00,24,16,8
3/18/14 15:00,42,28,14
3/18/14 16:00,59,44,15
3/18/14 17:00,115,99,16
3/18/14 18:00,72,62,10
3/18/14 19:00,28,25,3
3/18/14 20:00,14,13,1
3/18/14 21:00,5,5,0
3/18/14 22:00,5,4,1
3/18/14 23:00,4,4,0
3/19/14 0:00,5,3,2
3/19/14 1:00,0,0,0
3/19/14 2:00,3,2,1
3/19/14 3:00,3,3,0
3/19/14 4:00,5,1,4
3/19/14 5:00,15,4,11
3/19/14 6:00,47,6,41
3/19/14 7:00,72,11,61
3/19/14 8:00,83,7,76
3/19/14 9:00,33,3,30
3/19/14 10:00,13,4,9
3/19/14 11:00,13,3,10
3/19/14 12:00,10,2,8
3/19/14 13:00,19,6,13
3/19/14 14:00,17,10,7
3/19/14 15:00,39,29,10
3/19/14 16:00,62,50,12
3/19/14 17:00,75,59,16
3/19/14 18:00,64,54,10
3/19/14 19:00,23,21,2
3/19/14 20:00,12,10,2
3/19/14 21:00,13,11,2
3/19/14 22:00,4,2,2
3/19/14 23:00,5,2,3
3/20/14 0:00,3,3,0
3/20/14 1:00,1,1,0
3/20/14 2:00,2,1,1
3/20/14 3:00,2,0,2
3/20/14 4:00,3,1,2
3/20/14 5:00,18,2,16
3/20/14 6:00,59,10,49
3/20/14 7:00,74,8,66
3/20/14 8:00,92,8,84
3/20/14 9:00,39,4,35
3/20/14 10:00,14,4,10
3/20/14 11:00,19,7,12
3/20/14 12:00,24,10,14
3/20/14 13:00,19,9,10
3/20/14 14:00,25,18,7
3/20/14 15:00,47,32,15
3/20/14 16:00,64,43,21
3/20/14 17:00,105,92,13
3/20/14 18:00,62,45,17
3/20/14 19:00,35,29,6
3/20/14 20:00,19,16,3
3/20/14 21:00,9,4,5
3/20/14 22:00,5,4,1
3/20/14 23:00,5,5,0
3/21/14 0:00,0,0,0
3/21/14 1:00,0,0,0
3/21/14 2:00,2,2,0
3/21/14 3:00,4,3,1
3/21/14 4:00,4,0,4
3/21/14 5:00,11,1,10
3/21/14 6:00,42,10,32
3/21/14 7:00,81,8,73
3/21/14 8:00,86,14,72
3/21/14 9:00,51,8,43
3/21/14 10:00,28,9,19
3/21/14 11:00,24,10,14
3/21/14 12:00,26,13,13
3/21/14 13:00,34,18,16
3/21/14 14:00,41,27,14
3/21/14 15:00,45,31,14
3/21/14 16:00,75,56,19
3/21/14 17:00,94,69,25
3/21/14 18:00,76,63,13
3/21/14 19:00,22,14,8
3/21/14 20:00,10,7,3
3/21/14 21:00,3,1,2
3/21/14 22:00,0,0,0
3/21/14 23:00,5,1,4
3/22/14 0:00,3,1,2
3/22/14 1:00,3,2,1
3/22/14 2:00,1,1,0
3/22/14 3:00,1,0,1
3/22/14 4:00,0,0,0
3/22/14 5:00,2,0,2
3/22/14 6:00,3,0,3
3/22/14 7:00,11,1,10
3/22/14 8:00,23,7,16
3/22/14 9:00,35,14,21
3/22/14 10:00,70,37,33
3/22/14 11:00,59,32,27
3/22/14 12:00,52,27,25
3/22/14 13:00,46,24,22
3/22/14 14:00,53,19,34
3/22/14 15:00,50,31,19
3/22/14 16:00,44,21,23
3/22/14 17:00,42,16,26
3/22/14 18:00,19,13,6
3/22/14 19:00,10,8,2
3/22/14 20:00,6,4,2
3/22/14 21:00,3,1,2
3/22/14 22:00,11,8,3
3/22/14 23:00,5,3,2
3/23/14 0:00,4,4,0
3/23/14 1:00,0,0,0
3/23/14 2:00,1,1,0
3/23/14 3:00,1,0,1
3/23/14 4:00,0,0,0
3/23/14 5:00,2,1,1
3/23/14 6:00,4,1,3
3/23/14 7:00,7,2,5
3/23/14 8:00,16,3,13
3/23/14 9:00,44,25,19
3/23/14 10:00,45,25,20
3/23/14 11:00,64,32,32
3/23/14 12:00,58,37,21
3/23/14 13:00,71,30,41
3/23/14 14:00,81,35,46
3/23/14 15:00,79,42,37
3/23/14 16:00,68,37,31
3/23/14 17:00,55,16,39
3/23/14 18:00,19,10,9
3/23/14 19:00,16,10,6
3/23/14 20:00,11,8,3
3/23/14 21:00,6,5,1
3/23/14 22:00,3,0,3
3/23/14 23:00,1,1,0
3/24/14 0:00,2,2,0
3/24/14 1:00,1,0,1
3/24/14 2:00,0,0,0
3/24/14 3:00,1,0,1
3/24/14 4:00,5,0,5
3/24/14 5:00,22,4,18
3/24/14 6:00,66,12,54
3/24/14 7:00,111,10,101
3/24/14 8:00,105,10,95
3/24/14 9:00,54,5,49
3/24/14 10:00,26,13,13
3/24/14 11:00,17,8,9
3/24/14 12:00,20,8,12
3/24/14 13:00,42,19,23
3/24/14 14:00,40,24,16
3/24/14 15:00,83,56,27
3/24/14 16:00,117,92,25
3/24/14 17:00,164,129,35
3/24/14 18:00,102,78,24
3/24/14 19:00,49,33,16
3/24/14 20:00,21,12,9
3/24/14 21:00,11,8,3
3/24/14 22:00,8,6,2
3/24/14 23:00,6,4,2
3/25/14 0:00,5,4,1
3/25/14 1:00,0,0,0
3/25/14 2:00,1,1,0
3/25/14 3:00,1,1,0
3/25/14 4:00,4,1,3
3/25/14 5:00,24,6,18
3/25/14 6:00,54,11,43
3/25/14 7:00,91,21,70
3/25/14 8:00,71,10,61
3/25/14 9:00,34,3,31
3/25/14 10:00,6,2,4
3/25/14 11:00,6,3,3
3/25/14 12:00,13,8,5
3/25/14 13:00,8,3,5
3/25/14 14:00,13,8,5
3/25/14 15:00,29,18,11
3/25/14 16:00,47,40,7
3/25/14 17:00,65,61,4
3/25/14 18:00,55,47,8
3/25/14 19:00,19,17,2
3/25/14 20:00,12,9,3
3/25/14 21:00,7,5,2
3/25/14 22:00,2,1,1
3/25/14 23:00,0,0,0
3/26/14 0:00,1,0,1
3/26/14 1:00,0,0,0
3/26/14 2:00,2,1,1
3/26/14 3:00,3,1,2
3/26/14 4:00,3,1,2
3/26/14 5:00,18,4,14
3/26/14 6:00,44,6,38
3/26/14 7:00,72,15,57
3/26/14 8:00,79,5,74
3/26/14 9:00,31,5,26
3/26/14 10:00,13,3,10
3/26/14 11:00,13,4,9
3/26/14 12:00,9,4,5
3/26/14 13:00,18,6,12
3/26/14 14:00,11,8,3
3/26/14 15:00,32,27,5
3/26/14 16:00,49,34,15
3/26/14 17:00,87,78,9
3/26/14 18:00,52,44,8
3/26/14 19:00,16,15,1
3/26/14 20:00,13,9,4
3/26/14 21:00,6,6,0
3/26/14 22:00,4,4,0
3/26/14 23:00,4,3,1
3/27/14 0:00,2,1,1
3/27/14 1:00,3,0,3
3/27/14 2:00,1,0,1
3/27/14 3:00,2,0,2
3/27/14 4:00,2,1,1
3/27/14 5:00,16,2,14
3/27/14 6:00,51,9,42
3/27/14 7:00,76,10,66
3/27/14 8:00,68,4,64
3/27/14 9:00,33,8,25
3/27/14 10:00,10,2,8
3/27/14 11:00,7,2,5
3/27/14 12:00,21,10,11
3/27/14 13:00,13,6,7
3/27/14 14:00,24,12,12
3/27/14 15:00,39,25,14
3/27/14 16:00,57,46,11
3/27/14 17:00,92,70,22
3/27/14 18:00,77,64,13
3/27/14 19:00,24,17,7
3/27/14 20:00,12,8,4
3/27/14 21:00,12,8,4
3/27/14 22:00,5,2,3
3/27/14 23:00,4,3,1
3/28/14 0:00,2,1,1
3/28/14 1:00,1,1,0
3/28/14 2:00,2,1,1
3/28/14 3:00,2,1,1
3/28/14 4:00,3,0,3
3/28/14 5:00,15,2,13
3/28/14 6:00,25,5,20
3/28/14 7:00,43,4,39
3/28/14 8:00,47,3,44
3/28/14 9:00,18,5,13
3/28/14 10:00,10,2,8
3/28/14 11:00,8,3,5
3/28/14 12:00,6,2,4
3/28/14 13:00,6,4,2
3/28/14 14:00,16,12,4
3/28/14 15:00,14,8,6
3/28/14 16:00,39,34,5
3/28/14 17:00,46,41,5
3/28/14 18:00,30,25,5
3/28/14 19:00,16,15,1
3/28/14 20:00,7,5,2
3/28/14 21:00,3,2,1
3/28/14 22:00,2,1,1
3/28/14 23:00,4,3,1
3/29/14 0:00,0,0,0
3/29/14 1:00,2,2,0
3/29/14 2:00,1,0,1
3/29/14 3:00,1,1,0
3/29/14 4:00,1,0,1
3/29/14 5:00,3,0,3
3/29/14 6:00,1,0,1
3/29/14 7:00,5,1,4
3/29/14 8:00,7,3,4
3/29/14 9:00,7,2,5
3/29/14 10:00,6,0,6
3/29/14 11:00,6,3,3
3/29/14 12:00,8,4,4
3/29/14 13:00,13,11,2
3/29/14 14:00,13,6,7
3/29/14 15:00,12,5,7
3/29/14 16:00,4,1,3
3/29/14 17:00,8,4,4
3/29/14 18:00,8,4,4
3/29/14 19:00,5,1,4
3/29/14 20:00,3,3,0
3/29/14 21:00,1,0,1
3/29/14 22:00,2,0,2
3/29/14 23:00,0,0,0
3/30/14 0:00,0,0,0
3/30/14 1:00,3,3,0
3/30/14 2:00,0,0,0
3/30/14 3:00,0,0,0
3/30/14 4:00,2,1,1
3/30/14 5:00,0,0,0
3/30/14 6:00,9,2,7
3/30/14 7:00,6,1,5
3/30/14 8:00,7,4,3
3/30/14 9:00,22,10,12
3/30/14 10:00,14,3,11
3/30/14 11:00,30,16,14
3/30/14 12:00,32,11,21
3/30/14 13:00,33,20,13
3/30/14 14:00,39,28,11
3/30/14 15:00,37,14,23
3/30/14 16:00,32,15,17
3/30/14 17:00,20,14,6
3/30/14 18:00,13,4,9
3/30/14 19:00,10,3,7
3/30/14 20:00,5,3,2
3/30/14 21:00,1,0,1
3/30/14 22:00,3,1,2
3/30/14 23:00,6,2,4
3/31/14 0:00,1,1,0
3/31/14 1:00,0,0,0
3/31/14 2:00,2,0,2
3/31/14 3:00,2,0,2
3/31/14 4:00,5,2,3
3/31/14 5:00,20,1,19
3/31/14 6:00,67,14,53
3/31/14 7:00,101,12,89
3/31/14 8:00,112,8,104
3/31/14 9:00,58,10,48
3/31/14 10:00,26,4,22
3/31/14 11:00,24,8,16
3/31/14 12:00,24,8,16
3/31/14 13:00,29,16,13
3/31/14 14:00,31,17,14
3/31/14 15:00,60,37,23
3/31/14 16:00,87,61,26
3/31/14 17:00,158,134,24
3/31/14 18:00,120,95,25
3/31/14 19:00,47,33,14
3/31/14 20:00,15,12,3
3/31/14 21:00,9,8,1
3/31/14 22:00,10,6,4
3/31/14 23:00,2,2,0
4/1/14 0:00,3,3,0
4/1/14 1:00,0,0,0
4/1/14 2:00,0,0,0
4/1/14 3:00,0,0,0
4/1/14 4:00,3,0,3
4/1/14 5:00,28,6,22
4/1/14 6:00,66,10,56
4/1/14 7:00,123,20,103
4/1/14 8:00,122,14,108
4/1/14 9:00,53,10,43
4/1/14 10:00,28,5,23
4/1/14 11:00,17,9,8
4/1/14 12:00,24,9,15
4/1/14 13:00,24,8,16
4/1/14 14:00,35,23,12
4/1/14 15:00,52,33,19
4/1/14 16:00,98,74,24
4/1/14 17:00,155,129,26
4/1/14 18:00,113,90,23
4/1/14 19:00,44,35,9
4/1/14 20:00,26,14,12
4/1/14 21:00,12,10,2
4/1/14 22:00,9,6,3
4/1/14 23:00,5,5,0
4/2/14 0:00,2,2,0
4/2/14 1:00,2,1,1
4/2/14 2:00,1,0,1
4/2/14 3:00,2,1,1
4/2/14 4:00,4,0,4
4/2/14 5:00,22,4,18
4/2/14 6:00,66,14,52
4/2/14 7:00,101,17,84
4/2/14 8:00,113,10,103
4/2/14 9:00,39,1,38
4/2/14 10:00,25,6,19
4/2/14 11:00,14,6,8
4/2/14 12:00,24,11,13
4/2/14 13:00,29,14,15
4/2/14 14:00,34,16,18
4/2/14 15:00,51,29,22
4/2/14 16:00,82,57,25
4/2/14 17:00,146,126,20
4/2/14 18:00,97,76,21
4/2/14 19:00,42,31,11
4/2/14 20:00,26,17,9
4/2/14 21:00,16,15,1
4/2/14 22:00,5,5,0
4/2/14 23:00,4,3,1
4/3/14 0:00,3,2,1
4/3/14 1:00,3,3,0
4/3/14 2:00,2,1,1
4/3/14 3:00,4,2,2
4/3/14 4:00,6,2,4
4/3/14 5:00,24,3,21
4/3/14 6:00,52,12,40
4/3/14 7:00,88,10,78
4/3/14 8:00,100,15,85
4/3/14 9:00,37,7,30
4/3/14 10:00,14,1,13
4/3/14 11:00,10,4,6
4/3/14 12:00,14,8,6
4/3/14 13:00,25,10,15
4/3/14 14:00,30,13,17
4/3/14 15:00,22,16,6
4/3/14 16:00,54,39,15
4/3/14 17:00,86,74,12
4/3/14 18:00,57,50,7
4/3/14 19:00,20,17,3
4/3/14 20:00,9,6,3
4/3/14 21:00,6,4,2
4/3/14 22:00,6,4,2
4/3/14 23:00,3,3,0
4/4/14 0:00,2,2,0
4/4/14 1:00,0,0,0
4/4/14 2:00,0,0,0
4/4/14 3:00,2,0,2
4/4/14 4:00,3,0,3
4/4/14 5:00,15,2,13
4/4/14 6:00,39,7,32
4/4/14 7:00,78,10,68
4/4/14 8:00,74,5,69
4/4/14 9:00,35,4,31
4/4/14 10:00,15,5,10
4/4/14 11:00,12,5,7
4/4/14 12:00,18,5,13
4/4/14 13:00,13,8,5
4/4/14 14:00,27,21,6
4/4/14 15:00,39,21,18
4/4/14 16:00,75,53,22
4/4/14 17:00,93,77,16
4/4/14 18:00,68,57,11
4/4/14 19:00,22,15,7
4/4/14 20:00,17,14,3
4/4/14 21:00,3,3,0
4/4/14 22:00,7,5,2
4/4/14 23:00,5,3,2
4/5/14 0:00,3,2,1
4/5/14 1:00,2,1,1
4/5/14 2:00,3,3,0
4/5/14 3:00,1,1,0
4/5/14 4:00,2,1,1
4/5/14 5:00,4,1,3
4/5/14 6:00,4,2,2
4/5/14 7:00,4,1,3
4/5/14 8:00,22,10,12
4/5/14 9:00,26,8,18
4/5/14 10:00,16,3,13
4/5/14 11:00,38,24,14
4/5/14 12:00,27,17,10
4/5/14 13:00,27,17,10
4/5/14 14:00,29,10,19
4/5/14 15:00,9,5,4
4/5/14 16:00,16,6,10
4/5/14 17:00,12,7,5
4/5/14 18:00,7,6,1
4/5/14 19:00,7,5,2
4/5/14 20:00,5,2,3
4/5/14 21:00,5,4,1
4/5/14 22:00,3,1,2
4/5/14 23:00,3,0,3
4/6/14 0:00,3,3,0
4/6/14 1:00,2,1,1
4/6/14 2:00,3,3,0
4/6/14 3:00,2,0,2
4/6/14 4:00,0,0,0
4/6/14 5:00,3,2,1
4/6/14 6:00,3,1,2
4/6/14 7:00,9,3,6
4/6/14 8:00,16,9,7
4/6/14 9:00,33,13,20
4/6/14 10:00,26,9,17
4/6/14 11:00,50,27,23
4/6/14 12:00,62,34,28
4/6/14 13:00,52,19,33
4/6/14 14:00,41,18,23
4/6/14 15:00,47,24,23
4/6/14 16:00,51,21,30
4/6/14 17:00,21,18,3
4/6/14 18:00,26,15,11
4/6/14 19:00,9,6,3
4/6/14 20:00,4,4,0
4/6/14 21:00,3,0,3
4/6/14 22:00,4,2,2
4/6/14 23:00,0,0,0
4/7/14 0:00,2,2,0
4/7/14 1:00,1,0,1
4/7/14 2:00,1,0,1
4/7/14 3:00,1,0,1
4/7/14 4:00,4,1,3
4/7/14 5:00,17,2,15
4/7/14 6:00,74,14,60
4/7/14 7:00,139,21,118
4/7/14 8:00,126,16,110
4/7/14 9:00,73,11,62
4/7/14 10:00,24,6,18
4/7/14 11:00,39,18,21
4/7/14 12:00,47,16,31
4/7/14 13:00,39,18,21
4/7/14 14:00,58,37,21
4/7/14 15:00,80,49,31
4/7/14 16:00,134,94,40
4/7/14 17:00,204,159,45
4/7/14 18:00,142,113,29
4/7/14 19:00,49,35,14
4/7/14 20:00,20,15,5
4/7/14 21:00,20,10,10
4/7/14 22:00,12,10,2
4/7/14 23:00,2,2,0
4/8/14 0:00,4,3,1
4/8/14 1:00,2,2,0
4/8/14 2:00,3,2,1
4/8/14 3:00,0,0,0
4/8/14 4:00,3,1,2
4/8/14 5:00,20,6,14
4/8/14 6:00,48,12,36
4/8/14 7:00,109,12,97
4/8/14 8:00,102,9,93
4/8/14 9:00,39,7,32
4/8/14 10:00,17,1,16
4/8/14 11:00,15,6,9
4/8/14 12:00,13,8,5
4/8/14 13:00,16,9,7
4/8/14 14:00,20,13,7
4/8/14 15:00,39,27,12
4/8/14 16:00,53,38,15
4/8/14 17:00,87,70,17
4/8/14 18:00,65,58,7
4/8/14 19:00,27,24,3
4/8/14 20:00,12,10,2
4/8/14 21:00,11,10,1
4/8/14 22:00,5,4,1
4/8/14 23:00,4,4,0
4/9/14 0:00,2,2,0
4/9/14 1:00,1,1,0
4/9/14 2:00,1,1,0
4/9/14 3:00,0,0,0
4/9/14 4:00,4,0,4
4/9/14 5:00,17,3,14
4/9/14 6:00,69,18,51
4/9/14 7:00,102,22,80
4/9/14 8:00,112,13,99
4/9/14 9:00,48,7,41
4/9/14 10:00,27,13,14
4/9/14 11:00,25,5,20
4/9/14 12:00,26,10,16
4/9/14 13:00,27,11,16
4/9/14 14:00,33,20,13
4/9/14 15:00,52,31,21
4/9/14 16:00,88,66,22
4/9/14 17:00,138,120,18
4/9/14 18:00,104,83,21
4/9/14 19:00,36,31,5
4/9/14 20:00,25,20,5
4/9/14 21:00,13,10,3
4/9/14 22:00,8,7,1
4/9/14 23:00,4,3,1
4/10/14 0:00,6,4,2
4/10/14 1:00,0,0,0
4/10/14 2:00,2,1,1
4/10/14 3:00,2,0,2
4/10/14 4:00,3,0,3
4/10/14 5:00,21,4,17
4/10/14 6:00,67,13,54
4/10/14 7:00,137,21,116
4/10/14 8:00,107,7,100
4/10/14 9:00,53,6,47
4/10/14 10:00,25,6,19
4/10/14 11:00,18,7,11
4/10/14 12:00,31,19,12
4/10/14 13:00,50,21,29
4/10/14 14:00,31,21,10
4/10/14 15:00,45,28,17
4/10/14 16:00,92,64,28
4/10/14 17:00,163,138,25
4/10/14 18:00,107,87,20
4/10/14 19:00,56,45,11
4/10/14 20:00,25,9,16
4/10/14 21:00,9,5,4
4/10/14 22:00,5,2,3
4/10/14 23:00,13,11,2
4/11/14 0:00,1,0,1
4/11/14 1:00,1,1,0
4/11/14 2:00,3,1,2
4/11/14 3:00,4,2,2
4/11/14 4:00,6,1,5
4/11/14 5:00,28,4,24
4/11/14 6:00,63,12,51
4/11/14 7:00,90,14,76
4/11/14 8:00,115,12,103
4/11/14 9:00,43,10,33
4/11/14 10:00,23,5,18
4/11/14 11:00,19,12,7
4/11/14 12:00,25,12,13
4/11/14 13:00,30,19,11
4/11/14 14:00,37,16,21
4/11/14 15:00,46,34,12
4/11/14 16:00,100,68,32
4/11/14 17:00,141,106,35
4/11/14 18:00,94,73,21
4/11/14 19:00,40,35,5
4/11/14 20:00,15,10,5
4/11/14 21:00,1,0,1
4/11/14 22:00,7,6,1
4/11/14 23:00,6,3,3
4/12/14 0:00,1,1,0
4/12/14 1:00,3,3,0
4/12/14 2:00,4,4,0
4/12/14 3:00,0,0,0
4/12/14 4:00,0,0,0
4/12/14 5:00,1,0,1
4/12/14 6:00,8,5,3
4/12/14 7:00,9,2,7
4/12/14 8:00,22,6,16
4/12/14 9:00,48,19,29
4/12/14 10:00,22,10,12
4/12/14 11:00,57,26,31
4/12/14 12:00,58,32,26
4/12/14 13:00,70,42,28
4/12/14 14:00,57,29,28
4/12/14 15:00,61,29,32
4/12/14 16:00,58,31,27
4/12/14 17:00,54,29,25
4/12/14 18:00,41,22,19
4/12/14 19:00,24,11,13
4/12/14 20:00,10,6,4
4/12/14 21:00,10,4,6
4/12/14 22:00,6,5,1
4/12/14 23:00,7,3,4
4/13/14 0:00,4,1,3
4/13/14 1:00,1,1,0
4/13/14 2:00,7,2,5
4/13/14 3:00,1,1,0
4/13/14 4:00,0,0,0
4/13/14 5:00,0,0,0
4/13/14 6:00,8,3,5
4/13/14 7:00,10,2,8
4/13/14 8:00,15,5,10
4/13/14 9:00,61,24,37
4/13/14 10:00,69,23,46
4/13/14 11:00,94,59,35
4/13/14 12:00,110,62,48
4/13/14 13:00,90,50,40
4/13/14 14:00,107,58,49
4/13/14 15:00,103,49,54
4/13/14 16:00,72,38,34
4/13/14 17:00,53,25,28
4/13/14 18:00,42,18,24
4/13/14 19:00,27,17,10
4/13/14 20:00,9,5,4
4/13/14 21:00,8,4,4
4/13/14 22:00,3,1,2
4/13/14 23:00,4,2,2
4/14/14 0:00,2,2,0
4/14/14 1:00,1,0,1
4/14/14 2:00,1,1,0
4/14/14 3:00,2,2,0
4/14/14 4:00,4,0,4
4/14/14 5:00,19,4,15
4/14/14 6:00,75,18,57
4/14/14 7:00,121,17,104
4/14/14 8:00,108,9,99
4/14/14 9:00,59,7,52
4/14/14 10:00,33,12,21
4/14/14 11:00,29,13,16
4/14/14 12:00,31,17,14
4/14/14 13:00,33,13,20
4/14/14 14:00,48,29,19
4/14/14 15:00,57,39,18
4/14/14 16:00,82,61,21
4/14/14 17:00,162,133,29
4/14/14 18:00,101,88,13
4/14/14 19:00,56,37,19
4/14/14 20:00,23,14,9
4/14/14 21:00,10,6,4
4/14/14 22:00,4,3,1
4/14/14 23:00,2,0,2
4/15/14 0:00,0,0,0
4/15/14 1:00,1,0,1
4/15/14 2:00,0,0,0
4/15/14 3:00,5,2,3
4/15/14 4:00,4,1,3
4/15/14 5:00,21,5,16
4/15/14 6:00,57,8,49
4/15/14 7:00,97,26,71
4/15/14 8:00,105,13,92
4/15/14 9:00,38,3,35
4/15/14 10:00,16,2,14
4/15/14 11:00,26,10,16
4/15/14 12:00,15,7,8
4/15/14 13:00,16,6,10
4/15/14 14:00,24,16,8
4/15/14 15:00,49,34,15
4/15/14 16:00,73,51,22
4/15/14 17:00,115,100,15
4/15/14 18:00,79,63,16
4/15/14 19:00,29,24,5
4/15/14 20:00,16,9,7
4/15/14 21:00,11,7,4
4/15/14 22:00,10,7,3
4/15/14 23:00,4,4,0
4/16/14 0:00,2,2,0
4/16/14 1:00,2,2,0
4/16/14 2:00,2,0,2
4/16/14 3:00,0,0,0
4/16/14 4:00,3,0,3
4/16/14 5:00,15,7,8
4/16/14 6:00,31,8,23
4/16/14 7:00,64,8,56
4/16/14 8:00,72,4,68
4/16/14 9:00,24,5,19
4/16/14 10:00,12,1,11
4/16/14 11:00,10,0,10
4/16/14 12:00,6,2,4
4/16/14 13:00,9,7,2
4/16/14 14:00,12,9,3
4/16/14 15:00,28,20,8
4/16/14 16:00,41,30,11
4/16/14 17:00,62,51,11
4/16/14 18:00,44,39,5
4/16/14 19:00,20,19,1
4/16/14 20:00,9,7,2
4/16/14 21:00,6,3,3
4/16/14 22:00,5,3,2
4/16/14 23:00,5,4,1
4/17/14 0:00,1,1,0
4/17/14 1:00,0,0,0
4/17/14 2:00,3,1,2
4/17/14 3:00,0,0,0
4/17/14 4:00,3,0,3
4/17/14 5:00,14,4,10
4/17/14 6:00,41,9,32
4/17/14 7:00,69,8,61
4/17/14 8:00,62,7,55
4/17/14 9:00,25,4,21
4/17/14 10:00,7,1,6
4/17/14 11:00,8,4,4
4/17/14 12:00,7,5,2
4/17/14 13:00,9,6,3
4/17/14 14:00,9,7,2
4/17/14 15:00,20,15,5
4/17/14 16:00,36,26,10
4/17/14 17:00,75,63,12
4/17/14 18:00,48,39,9
4/17/14 19:00,13,11,2
4/17/14 20:00,5,2,3
4/17/14 21:00,5,2,3
4/17/14 22:00,4,2,2
4/17/14 23:00,2,1,1
4/18/14 0:00,0,0,0
4/18/14 1:00,0,0,0
4/18/14 2:00,1,1,0
4/18/14 3:00,1,1,0
4/18/14 4:00,4,1,3
4/18/14 5:00,17,1,16
4/18/14 6:00,47,12,35
4/18/14 7:00,79,8,71
4/18/14 8:00,76,6,70
4/18/14 9:00,48,11,37
4/18/14 10:00,29,6,23
4/18/14 11:00,36,16,20
4/18/14 12:00,29,23,6
4/18/14 13:00,23,11,12
4/18/14 14:00,34,14,20
4/18/14 15:00,48,28,20
4/18/14 16:00,79,54,25
4/18/14 17:00,111,86,25
4/18/14 18:00,73,55,18
4/18/14 19:00,43,34,9
4/18/14 20:00,16,10,6
4/18/14 21:00,6,3,3
4/18/14 22:00,6,4,2
4/18/14 23:00,1,0,1
4/19/14 0:00,6,5,1
4/19/14 1:00,0,0,0
4/19/14 2:00,1,1,0
4/19/14 3:00,4,1,3
4/19/14 4:00,0,0,0
4/19/14 5:00,4,0,4
4/19/14 6:00,7,3,4
4/19/14 7:00,20,5,15
4/19/14 8:00,29,13,16
4/19/14 9:00,30,15,15
4/19/14 10:00,71,51,20
4/19/14 11:00,24,11,13
4/19/14 12:00,12,8,4
4/19/14 13:00,6,2,4
4/19/14 14:00,7,5,2
4/19/14 15:00,3,2,1
4/19/14 16:00,3,0,3
4/19/14 17:00,9,6,3
4/19/14 18:00,6,5,1
4/19/14 19:00,6,5,1
4/19/14 20:00,3,3,0
4/19/14 21:00,1,0,1
4/19/14 22:00,3,2,1
4/19/14 23:00,3,3,0
4/20/14 0:00,2,0,2
4/20/14 1:00,0,0,0
4/20/14 2:00,0,0,0
4/20/14 3:00,0,0,0
4/20/14 4:00,1,0,1
4/20/14 5:00,0,0,0
4/20/14 6:00,4,2,2
4/20/14 7:00,5,3,2
4/20/14 8:00,16,8,8
4/20/14 9:00,46,24,22
4/20/14 10:00,31,14,17
4/20/14 11:00,68,33,35
4/20/14 12:00,59,26,33
4/20/14 13:00,65,35,30
4/20/14 14:00,42,28,14
4/20/14 15:00,64,30,34
4/20/14 16:00,42,29,13
4/20/14 17:00,46,20,26
4/20/14 18:00,20,7,13
4/20/14 19:00,13,7,6
4/20/14 20:00,3,0,3
4/20/14 21:00,6,2,4
4/20/14 22:00,6,3,3
4/20/14 23:00,3,2,1
4/21/14 0:00,0,0,0
4/21/14 1:00,1,1,0
4/21/14 2:00,1,0,1
4/21/14 3:00,0,0,0
4/21/14 4:00,1,0,1
4/21/14 5:00,25,4,21
4/21/14 6:00,70,12,58
4/21/14 7:00,133,26,107
4/21/14 8:00,95,13,82
4/21/14 9:00,54,12,42
4/21/14 10:00,24,10,14
4/21/14 11:00,15,4,11
4/21/14 12:00,12,6,6
4/21/14 13:00,23,10,13
4/21/14 14:00,25,15,10
4/21/14 15:00,51,32,19
4/21/14 16:00,85,57,28
4/21/14 17:00,146,123,23
4/21/14 18:00,84,76,8
4/21/14 19:00,29,23,6
4/21/14 20:00,14,12,2
4/21/14 21:00,12,12,0
4/21/14 22:00,6,4,2
4/21/14 23:00,1,1,0
4/22/14 0:00,0,0,0
4/22/14 1:00,1,1,0
4/22/14 2:00,0,0,0
4/22/14 3:00,1,0,1
4/22/14 4:00,1,0,1
4/22/14 5:00,13,4,9
4/22/14 6:00,45,5,40
4/22/14 7:00,87,14,73
4/22/14 8:00,58,4,54
4/22/14 9:00,38,5,33
4/22/14 10:00,16,2,14
4/22/14 11:00,17,9,8
4/22/14 12:00,19,6,13
4/22/14 13:00,13,6,7
4/22/14 14:00,17,13,4
4/22/14 15:00,36,23,13
4/22/14 16:00,60,45,15
4/22/14 17:00,95,74,21
4/22/14 18:00,64,52,12
4/22/14 19:00,30,21,9
4/22/14 20:00,8,5,3
4/22/14 21:00,4,1,3
4/22/14 22:00,2,2,0
4/22/14 23:00,3,3,0
4/23/14 0:00,2,2,0
4/23/14 1:00,2,0,2
4/23/14 2:00,2,2,0
4/23/14 3:00,1,1,0
4/23/14 4:00,2,1,1
4/23/14 5:00,15,2,13
4/23/14 6:00,60,9,51
4/23/14 7:00,97,18,79
4/23/14 8:00,99,10,89
4/23/14 9:00,35,8,27
4/23/14 10:00,16,3,13
4/23/14 11:00,14,3,11
4/23/14 12:00,16,6,10
4/23/14 13:00,18,10,8
4/23/14 14:00,24,16,8
4/23/14 15:00,30,19,11
4/23/14 16:00,77,57,20
4/23/14 17:00,117,96,21
4/23/14 18:00,58,48,10
4/23/14 19:00,26,24,2
4/23/14 20:00,16,13,3
4/23/14 21:00,11,10,1
4/23/14 22:00,5,5,0
4/23/14 23:00,2,1,1
4/24/14 0:00,2,2,0
4/24/14 1:00,0,0,0
4/24/14 2:00,0,0,0
4/24/14 3:00,1,1,0
4/24/14 4:00,1,0,1
4/24/14 5:00,11,2,9
4/24/14 6:00,53,9,44
4/24/14 7:00,79,17,62
4/24/14 8:00,92,13,79
4/24/14 9:00,24,4,20
4/24/14 10:00,14,1,13
4/24/14 11:00,14,5,9
4/24/14 12:00,15,12,3
4/24/14 13:00,10,2,8
4/24/14 14:00,17,10,7
4/24/14 15:00,27,19,8
4/24/14 16:00,63,44,19
4/24/14 17:00,95,77,18
4/24/14 18:00,83,64,19
4/24/14 19:00,22,16,6
4/24/14 20:00,16,12,4
4/24/14 21:00,5,4,1
4/24/14 22:00,7,3,4
4/24/14 23:00,7,4,3
4/25/14 0:00,3,2,1
4/25/14 1:00,3,2,1
4/25/14 2:00,0,0,0
4/25/14 3:00,0,0,0
4/25/14 4:00,5,2,3
4/25/14 5:00,22,3,19
4/25/14 6:00,60,9,51
4/25/14 7:00,108,18,90
4/25/14 8:00,104,10,94
4/25/14 9:00,41,8,33
4/25/14 10:00,25,4,21
4/25/14 11:00,41,27,14
4/25/14 12:00,25,10,15
4/25/14 13:00,37,12,25
4/25/14 14:00,48,28,20
4/25/14 15:00,56,36,20
4/25/14 16:00,85,71,14
4/25/14 17:00,135,109,26
4/25/14 18:00,81,69,12
4/25/14 19:00,43,29,14
4/25/14 20:00,20,13,7
4/25/14 21:00,6,4,2
4/25/14 22:00,8,6,2
4/25/14 23:00,6,5,1
4/26/14 0:00,1,1,0
4/26/14 1:00,0,0,0
4/26/14 2:00,2,1,1
4/26/14 3:00,2,2,0
4/26/14 4:00,0,0,0
4/26/14 5:00,6,0,6
4/26/14 6:00,6,3,3
4/26/14 7:00,21,2,19
4/26/14 8:00,36,9,27
4/26/14 9:00,35,15,20
4/26/14 10:00,60,30,30
4/26/14 11:00,67,30,37
4/26/14 12:00,79,38,41
4/26/14 13:00,67,41,26
4/26/14 14:00,72,35,37
4/26/14 15:00,43,25,18
4/26/14 16:00,47,31,16
4/26/14 17:00,42,14,28
4/26/14 18:00,20,9,11
4/26/14 19:00,12,8,4
4/26/14 20:00,11,9,2
4/26/14 21:00,5,4,1
4/26/14 22:00,5,4,1
4/26/14 23:00,4,1,3
4/27/14 0:00,1,1,0
4/27/14 1:00,0,0,0
4/27/14 2:00,2,1,1
4/27/14 3:00,2,1,1
4/27/14 4:00,1,1,0
4/27/14 5:00,0,0,0
4/27/14 6:00,6,1,5
4/27/14 7:00,7,2,5
4/27/14 8:00,13,2,11
4/27/14 9:00,27,14,13
4/27/14 10:00,25,8,17
4/27/14 11:00,30,19,11
4/27/14 12:00,18,7,11
4/27/14 13:00,34,23,11
4/27/14 14:00,25,8,17
4/27/14 15:00,19,7,12
4/27/14 16:00,19,11,8
4/27/14 17:00,23,16,7
4/27/14 18:00,11,5,6
4/27/14 19:00,13,7,6
4/27/14 20:00,3,0,3
4/27/14 21:00,4,1,3
4/27/14 22:00,3,1,2
4/27/14 23:00,4,4,0
4/28/14 0:00,0,0,0
4/28/14 1:00,2,0,2
4/28/14 2:00,2,1,1
4/28/14 3:00,3,3,0
4/28/14 4:00,3,1,2
4/28/14 5:00,25,2,23
4/28/14 6:00,71,13,58
4/28/14 7:00,134,19,115
4/28/14 8:00,130,11,119
4/28/14 9:00,63,10,53
4/28/14 10:00,22,6,16
4/28/14 11:00,15,3,12
4/28/14 12:00,26,12,14
4/28/14 13:00,22,10,12
4/28/14 14:00,40,29,11
4/28/14 15:00,63,44,19
4/28/14 16:00,99,71,28
4/28/14 17:00,191,153,38
4/28/14 18:00,126,104,22
4/28/14 19:00,50,37,13
4/28/14 20:00,18,15,3
4/28/14 21:00,16,13,3
4/28/14 22:00,9,4,5
4/28/14 23:00,2,1,1
4/29/14 0:00,5,3,2
4/29/14 1:00,1,0,1
4/29/14 2:00,2,1,1
4/29/14 3:00,0,0,0
4/29/14 4:00,2,1,1
4/29/14 5:00,29,5,24
4/29/14 6:00,92,9,83
4/29/14 7:00,175,30,145
4/29/14 8:00,133,18,115
4/29/14 9:00,72,12,60
4/29/14 10:00,31,7,24
4/29/14 11:00,21,9,12
4/29/14 12:00,37,20,17
4/29/14 13:00,33,15,18
4/29/14 14:00,34,14,20
4/29/14 15:00,72,52,20
4/29/14 16:00,114,86,28
4/29/14 17:00,241,192,49
4/29/14 18:00,147,113,34
4/29/14 19:00,71,53,18
4/29/14 20:00,41,20,21
4/29/14 21:00,11,3,8
4/29/14 22:00,6,6,0
4/29/14 23:00,1,1,0
4/30/14 0:00,4,2,2
4/30/14 1:00,4,2,2
4/30/14 2:00,2,0,2
4/30/14 3:00,1,1,0
4/30/14 4:00,5,1,4
4/30/14 5:00,28,4,24
4/30/14 6:00,118,22,96
4/30/14 7:00,185,30,155
4/30/14 8:00,146,15,131
4/30/14 9:00,62,7,55
4/30/14 10:00,37,8,29
4/30/14 11:00,27,11,16
4/30/14 12:00,37,15,22
4/30/14 13:00,31,12,19
4/30/14 14:00,78,42,36
4/30/14 15:00,79,52,27
4/30/14 16:00,159,115,44
4/30/14 17:00,209,176,33
4/30/14 18:00,158,128,30
4/30/14 19:00,81,52,29
4/30/14 20:00,49,28,21
4/30/14 21:00,11,9,2
4/30/14 22:00,20,14,6
4/30/14 23:00,5,4,1
5/1/14 0:00,6,5,1
5/1/14 1:00,1,1,0
5/1/14 2:00,0,0,0
5/1/14 3:00,1,1,0
5/1/14 4:00,5,1,4
5/1/14 5:00,33,5,28
5/1/14 6:00,128,22,106
5/1/14 7:00,211,33,178
5/1/14 8:00,194,12,182
5/1/14 9:00,99,8,91
5/1/14 10:00,39,7,32
5/1/14 11:00,31,15,16
5/1/14 12:00,41,18,23
5/1/14 13:00,59,33,26
5/1/14 14:00,67,39,28
5/1/14 15:00,88,57,31
5/1/14 16:00,180,140,40
5/1/14 17:00,245,212,33
5/1/14 18:00,176,138,38
5/1/14 19:00,79,55,24
5/1/14 20:00,45,27,18
5/1/14 21:00,26,17,9
5/1/14 22:00,11,8,3
5/1/14 23:00,7,3,4
5/2/14 0:00,4,3,1
5/2/14 1:00,6,6,0
5/2/14 2:00,1,1,0
5/2/14 3:00,4,1,3
5/2/14 4:00,6,0,6
5/2/14 5:00,26,2,24
5/2/14 6:00,87,17,70
5/2/14 7:00,189,29,160
5/2/14 8:00,160,15,145
5/2/14 9:00,75,13,62
5/2/14 10:00,33,8,25
5/2/14 11:00,29,13,16
5/2/14 12:00,37,21,16
5/2/14 13:00,38,16,22
5/2/14 14:00,45,28,17
5/2/14 15:00,74,53,21
5/2/14 16:00,140,107,33
5/2/14 17:00,185,159,26
5/2/14 18:00,102,88,14
5/2/14 19:00,49,32,17
5/2/14 20:00,19,17,2
5/2/14 21:00,9,8,1
5/2/14 22:00,48,7,41
5/2/14 23:00,3,1,2
5/3/14 0:00,8,6,2
5/3/14 1:00,4,2,2
5/3/14 2:00,4,4,0
5/3/14 3:00,1,1,0
5/3/14 4:00,1,1,0
5/3/14 5:00,1,0,1
5/3/14 6:00,14,5,9
5/3/14 7:00,20,4,16
5/3/14 8:00,39,8,31
5/3/14 9:00,51,37,14
5/3/14 10:00,62,26,36
5/3/14 11:00,48,25,23
5/3/14 12:00,43,20,23
5/3/14 13:00,17,7,10
5/3/14 14:00,18,11,7
5/3/14 15:00,11,9,2
5/3/14 16:00,7,3,4
5/3/14 17:00,11,8,3
5/3/14 18:00,12,8,4
5/3/14 19:00,2,2,0
5/3/14 20:00,0,0,0
5/3/14 21:00,1,1,0
5/3/14 22:00,5,2,3
5/3/14 23:00,1,1,0
5/4/14 0:00,2,2,0
5/4/14 1:00,0,0,0
5/4/14 2:00,1,1,0
5/4/14 3:00,0,0,0
5/4/14 4:00,0,0,0
5/4/14 5:00,1,0,1
5/4/14 6:00,1,0,1
5/4/14 7:00,4,2,2
5/4/14 8:00,13,7,6
5/4/14 9:00,31,5,26
5/4/14 10:00,16,8,8
5/4/14 11:00,28,8,20
5/4/14 12:00,13,6,7
5/4/14 13:00,20,14,6
5/4/14 14:00,17,5,12
5/4/14 15:00,16,9,7
5/4/14 16:00,9,2,7
5/4/14 17:00,11,6,5
5/4/14 18:00,6,4,2
5/4/14 19:00,10,5,5
5/4/14 20:00,3,2,1
5/4/14 21:00,5,3,2
5/4/14 22:00,0,0,0
5/4/14 23:00,1,1,0
5/5/14 0:00,0,0,0
5/5/14 1:00,0,0,0
5/5/14 2:00,2,2,0
5/5/14 3:00,1,1,0
5/5/14 4:00,2,2,0
5/5/14 5:00,19,5,14
5/5/14 6:00,64,10,54
5/5/14 7:00,109,13,96
5/5/14 8:00,95,11,84
5/5/14 9:00,36,4,32
5/5/14 10:00,23,4,19
5/5/14 11:00,9,1,8
5/5/14 12:00,18,8,10
5/5/14 13:00,10,3,7
5/5/14 14:00,23,15,8
5/5/14 15:00,40,35,5
5/5/14 16:00,69,53,16
5/5/14 17:00,123,99,24
5/5/14 18:00,85,70,15
5/5/14 19:00,45,30,15
5/5/14 20:00,16,9,7
5/5/14 21:00,11,6,5
5/5/14 22:00,7,6,1
5/5/14 23:00,3,2,1
5/6/14 0:00,2,2,0
5/6/14 1:00,0,0,0
5/6/14 2:00,0,0,0
5/6/14 3:00,2,1,1
5/6/14 4:00,7,2,5
5/6/14 5:00,34,4,30
5/6/14 6:00,119,19,100
5/6/14 7:00,182,27,155
5/6/14 8:00,161,12,149
5/6/14 9:00,82,25,57
5/6/14 10:00,28,8,20
5/6/14 11:00,15,5,10
5/6/14 12:00,24,11,13
5/6/14 13:00,20,8,12
5/6/14 14:00,31,17,14
5/6/14 15:00,49,39,10
5/6/14 16:00,118,86,32
5/6/14 17:00,214,184,30
5/6/14 18:00,154,135,19
5/6/14 19:00,74,64,10
5/6/14 20:00,36,21,15
5/6/14 21:00,11,7,4
5/6/14 22:00,10,5,5
5/6/14 23:00,4,4,0
5/7/14 0:00,2,2,0
5/7/14 1:00,0,0,0
5/7/14 2:00,1,0,1
5/7/14 3:00,1,1,0
5/7/14 4:00,6,0,6
5/7/14 5:00,28,4,24
5/7/14 6:00,130,27,103
5/7/14 7:00,197,28,169
5/7/14 8:00,156,15,141
5/7/14 9:00,70,9,61
5/7/14 10:00,38,9,29
5/7/14 11:00,41,16,25
5/7/14 12:00,28,13,15
5/7/14 13:00,42,17,25
5/7/14 14:00,48,28,20
5/7/14 15:00,93,65,28
5/7/14 16:00,132,102,30
5/7/14 17:00,256,200,56
5/7/14 18:00,150,120,30
5/7/14 19:00,78,53,25
5/7/14 20:00,33,19,14
5/7/14 21:00,44,33,11
5/7/14 22:00,13,10,3
5/7/14 23:00,5,1,4
5/8/14 0:00,7,3,4
5/8/14 1:00,2,2,0
5/8/14 2:00,1,1,0
5/8/14 3:00,3,2,1
5/8/14 4:00,9,3,6
5/8/14 5:00,27,1,26
5/8/14 6:00,82,15,67
5/8/14 7:00,132,20,112
5/8/14 8:00,131,9,122
5/8/14 9:00,56,7,49
5/8/14 10:00,13,3,10
5/8/14 11:00,13,5,8
5/8/14 12:00,22,11,11
5/8/14 13:00,14,7,7
5/8/14 14:00,14,11,3
5/8/14 15:00,29,24,5
5/8/14 16:00,54,46,8
5/8/14 17:00,118,101,17
5/8/14 18:00,80,69,11
5/8/14 19:00,36,29,7
5/8/14 20:00,14,10,4
5/8/14 21:00,6,5,1
5/8/14 22:00,4,4,0
5/8/14 23:00,1,1,0
5/9/14 0:00,2,0,2
5/9/14 1:00,1,1,0
5/9/14 2:00,1,0,1
5/9/14 3:00,0,0,0
5/9/14 4:00,4,0,4
5/9/14 5:00,18,3,15
5/9/14 6:00,46,7,39
5/9/14 7:00,119,19,100
5/9/14 8:00,99,4,95
5/9/14 9:00,42,3,39
5/9/14 10:00,24,6,18
5/9/14 11:00,10,7,3
5/9/14 12:00,10,6,4
5/9/14 13:00,17,7,10
5/9/14 14:00,17,12,5
5/9/14 15:00,39,29,10
5/9/14 16:00,63,44,19
5/9/14 17:00,135,111,24
5/9/14 18:00,66,61,5
5/9/14 19:00,27,24,3
5/9/14 20:00,11,8,3
5/9/14 21:00,8,4,4
5/9/14 22:00,5,5,0
5/9/14 23:00,1,0,1
5/10/14 0:00,3,2,1
5/10/14 1:00,1,1,0
5/10/14 2:00,0,0,0
5/10/14 3:00,1,0,1
5/10/14 4:00,1,0,1
5/10/14 5:00,9,3,6
5/10/14 6:00,7,3,4
5/10/14 7:00,8,2,6
5/10/14 8:00,16,8,8
5/10/14 9:00,24,9,15
5/10/14 10:00,41,29,12
5/10/14 11:00,42,12,30
5/10/14 12:00,50,17,33
5/10/14 13:00,47,27,20
5/10/14 14:00,67,29,38
5/10/14 15:00,45,20,25
5/10/14 16:00,31,16,15
5/10/14 17:00,36,18,18
5/10/14 18:00,14,9,5
5/10/14 19:00,19,12,7
5/10/14 20:00,18,11,7
5/10/14 21:00,10,3,7
5/10/14 22:00,3,3,0
5/10/14 23:00,2,2,0
5/11/14 0:00,3,3,0
5/11/14 1:00,1,0,1
5/11/14 2:00,0,0,0
5/11/14 3:00,1,1,0
5/11/14 4:00,2,2,0
5/11/14 5:00,4,1,3
5/11/14 6:00,6,3,3
5/11/14 7:00,11,6,5
5/11/14 8:00,17,2,15
5/11/14 9:00,39,11,28
5/11/14 10:00,23,13,10
5/11/14 11:00,68,22,46
5/11/14 12:00,75,35,40
5/11/14 13:00,71,36,35
5/11/14 14:00,95,49,46
5/11/14 15:00,79,40,39
5/11/14 16:00,68,45,23
5/11/14 17:00,56,26,30
5/11/14 18:00,48,23,25
5/11/14 19:00,31,16,15
5/11/14 20:00,13,8,5
5/11/14 21:00,7,2,5
5/11/14 22:00,5,3,2
5/11/14 23:00,1,1,0
5/12/14 0:00,5,3,2
5/12/14 1:00,1,1,0
5/12/14 2:00,0,0,0
5/12/14 3:00,2,2,0
5/12/14 4:00,9,0,9
5/12/14 5:00,35,8,27
5/12/14 6:00,105,17,88
5/12/14 7:00,206,32,174
5/12/14 8:00,173,19,154
5/12/14 9:00,75,6,69
5/12/14 10:00,32,9,23
5/12/14 11:00,22,8,14
5/12/14 12:00,39,14,25
5/12/14 13:00,29,16,13
5/12/14 14:00,52,29,23
5/12/14 15:00,73,47,26
5/12/14 16:00,136,97,39
5/12/14 17:00,258,216,42
5/12/14 18:00,186,165,21
5/12/14 19:00,63,45,18
5/12/14 20:00,49,32,17
5/12/14 21:00,17,6,11
5/12/14 22:00,17,11,6
5/12/14 23:00,9,4,5
5/13/14 0:00,5,3,2
5/13/14 1:00,3,3,0
5/13/14 2:00,0,0,0
5/13/14 3:00,2,2,0
5/13/14 4:00,1,0,1
5/13/14 5:00,32,4,28
5/13/14 6:00,136,20,116
5/13/14 7:00,220,20,200
5/13/14 8:00,177,12,165
5/13/14 9:00,80,7,73
5/13/14 10:00,47,12,35
5/13/14 11:00,30,15,15
5/13/14 12:00,40,21,19
5/13/14 13:00,34,16,18
5/13/14 14:00,53,33,20
5/13/14 15:00,76,48,28
5/13/14 16:00,160,119,41
5/13/14 17:00,285,237,48
5/13/14 18:00,173,145,28
5/13/14 19:00,94,70,24
5/13/14 20:00,69,42,27
5/13/14 21:00,18,13,5
5/13/14 22:00,13,10,3
5/13/14 23:00,4,1,3
5/14/14 0:00,7,5,2
5/14/14 1:00,3,2,1
5/14/14 2:00,1,0,1
5/14/14 3:00,1,1,0
5/14/14 4:00,5,1,4
5/14/14 5:00,37,8,29
5/14/14 6:00,135,29,106
5/14/14 7:00,211,24,187
5/14/14 8:00,182,10,172
5/14/14 9:00,85,9,76
5/14/14 10:00,24,8,16
5/14/14 11:00,36,15,21
5/14/14 12:00,60,30,30
5/14/14 13:00,53,27,26
5/14/14 14:00,46,34,12
5/14/14 15:00,82,54,28
5/14/14 16:00,164,127,37
5/14/14 17:00,287,241,46
5/14/14 18:00,180,142,38
5/14/14 19:00,121,94,27
5/14/14 20:00,75,46,29
5/14/14 21:00,27,10,17
5/14/14 22:00,22,10,12
5/14/14 23:00,3,1,2
5/15/14 0:00,6,4,2
5/15/14 1:00,2,2,0
5/15/14 2:00,2,0,2
5/15/14 3:00,0,0,0
5/15/14 4:00,8,3,5
5/15/14 5:00,32,4,28
5/15/14 6:00,121,16,105
5/15/14 7:00,217,24,193
5/15/14 8:00,175,10,165
5/15/14 9:00,77,6,71
5/15/14 10:00,50,24,26
5/15/14 11:00,32,9,23
5/15/14 12:00,43,24,19
5/15/14 13:00,45,26,19
5/15/14 14:00,44,31,13
5/15/14 15:00,63,35,28
5/15/14 16:00,144,120,24
5/15/14 17:00,259,212,47
5/15/14 18:00,155,128,27
5/15/14 19:00,89,71,18
5/15/14 20:00,31,14,17
5/15/14 21:00,34,22,12
5/15/14 22:00,17,11,6
5/15/14 23:00,2,1,1
5/16/14 0:00,8,6,2
5/16/14 1:00,3,0,3
5/16/14 2:00,1,1,0
5/16/14 3:00,4,2,2
5/16/14 4:00,5,2,3
5/16/14 5:00,45,11,34
5/16/14 6:00,135,30,105
5/16/14 7:00,249,29,220
5/16/14 8:00,194,23,171
5/16/14 9:00,93,15,78
5/16/14 10:00,33,8,25
5/16/14 11:00,31,15,16
5/16/14 12:00,71,55,16
5/16/14 13:00,39,21,18
5/16/14 14:00,95,49,46
5/16/14 15:00,66,47,19
5/16/14 16:00,179,128,51
5/16/14 17:00,231,193,38
5/16/14 18:00,120,102,18
5/16/14 19:00,73,61,12
5/16/14 20:00,37,21,16
5/16/14 21:00,10,8,2
5/16/14 22:00,8,4,4
5/16/14 23:00,5,2,3
5/17/14 0:00,8,4,4
5/17/14 1:00,2,2,0
5/17/14 2:00,4,4,0
5/17/14 3:00,1,0,1
5/17/14 4:00,1,1,0
5/17/14 5:00,3,1,2
5/17/14 6:00,16,3,13
5/17/14 7:00,23,10,13
5/17/14 8:00,22,9,13
5/17/14 9:00,48,21,27
5/17/14 10:00,37,21,16
5/17/14 11:00,63,34,29
5/17/14 12:00,51,25,26
5/17/14 13:00,67,36,31
5/17/14 14:00,57,21,36
5/17/14 15:00,58,27,31
5/17/14 16:00,56,22,34
5/17/14 17:00,27,16,11
5/17/14 18:00,32,17,15
5/17/14 19:00,20,11,9
5/17/14 20:00,9,5,4
5/17/14 21:00,9,9,0
5/17/14 22:00,10,8,2
5/17/14 23:00,5,2,3
5/18/14 0:00,4,4,0
5/18/14 1:00,3,2,1
5/18/14 2:00,1,1,0
5/18/14 3:00,0,0,0
5/18/14 4:00,2,1,1
5/18/14 5:00,5,1,4
5/18/14 6:00,4,1,3
5/18/14 7:00,9,3,6
5/18/14 8:00,26,9,17
5/18/14 9:00,33,10,23
5/18/14 10:00,45,17,28
5/18/14 11:00,56,33,23
5/18/14 12:00,73,33,40
5/18/14 13:00,70,30,40
5/18/14 14:00,102,50,52
5/18/14 15:00,52,21,31
5/18/14 16:00,37,17,20
5/18/14 17:00,37,22,15
5/18/14 18:00,19,6,13
5/18/14 19:00,14,5,9
5/18/14 20:00,8,4,4
5/18/14 21:00,3,3,0
5/18/14 22:00,3,1,2
5/18/14 23:00,2,1,1
5/19/14 0:00,1,0,1
5/19/14 1:00,0,0,0
5/19/14 2:00,1,1,0
5/19/14 3:00,1,0,1
5/19/14 4:00,6,2,4
5/19/14 5:00,23,4,19
5/19/14 6:00,101,10,91
5/19/14 7:00,176,22,154
5/19/14 8:00,152,11,141
5/19/14 9:00,69,7,62
5/19/14 10:00,39,8,31
5/19/14 11:00,29,9,20
5/19/14 12:00,28,14,14
5/19/14 13:00,24,13,11
5/19/14 14:00,53,35,18
5/19/14 15:00,53,34,19
5/19/14 16:00,120,91,29
5/19/14 17:00,215,186,29
5/19/14 18:00,139,131,8
5/19/14 19:00,65,50,15
5/19/14 20:00,35,21,14
5/19/14 21:00,24,15,9
5/19/14 22:00,11,7,4
5/19/14 23:00,9,5,4
5/20/14 0:00,7,7,0
5/20/14 1:00,9,3,6
5/20/14 2:00,0,0,0
5/20/14 3:00,1,0,1
5/20/14 4:00,6,2,4
5/20/14 5:00,43,6,37
5/20/14 6:00,147,26,121
5/20/14 7:00,200,25,175
5/20/14 8:00,210,12,198
5/20/14 9:00,82,4,78
5/20/14 10:00,35,15,20
5/20/14 11:00,31,13,18
5/20/14 12:00,25,11,14
5/20/14 13:00,37,19,18
5/20/14 14:00,48,26,22
5/20/14 15:00,81,53,28
5/20/14 16:00,150,119,31
5/20/14 17:00,253,225,28
5/20/14 18:00,167,140,27
5/20/14 19:00,73,54,19
5/20/14 20:00,36,31,5
5/20/14 21:00,32,18,14
5/20/14 22:00,12,8,4
5/20/14 23:00,6,4,2
5/21/14 0:00,1,1,0
5/21/14 1:00,3,3,0
5/21/14 2:00,2,1,1
5/21/14 3:00,0,0,0
5/21/14 4:00,10,3,7
5/21/14 5:00,33,1,32
5/21/14 6:00,119,14,105
5/21/14 7:00,207,25,182
5/21/14 8:00,131,10,121
5/21/14 9:00,101,12,89
5/21/14 10:00,30,8,22
5/21/14 11:00,26,17,9
5/21/14 12:00,35,13,22
5/21/14 13:00,46,21,25
5/21/14 14:00,42,17,25
5/21/14 15:00,65,43,22
5/21/14 16:00,127,100,27
5/21/14 17:00,226,191,35
5/21/14 18:00,164,141,23
5/21/14 19:00,68,49,19
5/21/14 20:00,36,27,9
5/21/14 21:00,21,15,6
5/21/14 22:00,16,10,6
5/21/14 23:00,9,7,2
5/22/14 0:00,6,4,2
5/22/14 1:00,2,0,2
5/22/14 2:00,2,2,0
5/22/14 3:00,2,1,1
5/22/14 4:00,8,1,7
5/22/14 5:00,32,7,25
5/22/14 6:00,118,18,100
5/22/14 7:00,194,24,170
5/22/14 8:00,183,20,163
5/22/14 9:00,79,5,74
5/22/14 10:00,31,9,22
5/22/14 11:00,40,15,25
5/22/14 12:00,33,15,18
5/22/14 13:00,50,25,25
5/22/14 14:00,45,32,13
5/22/14 15:00,59,39,20
5/22/14 16:00,128,98,30
5/22/14 17:00,225,196,29
5/22/14 18:00,175,148,27
5/22/14 19:00,74,53,21
5/22/14 20:00,33,23,10
5/22/14 21:00,15,9,6
5/22/14 22:00,16,11,5
5/22/14 23:00,1,1,0
5/23/14 0:00,8,6,2
5/23/14 1:00,1,1,0
5/23/14 2:00,2,1,1
5/23/14 3:00,1,0,1
5/23/14 4:00,4,1,3
5/23/14 5:00,19,5,14
5/23/14 6:00,82,16,66
5/23/14 7:00,106,13,93
5/23/14 8:00,76,6,70
5/23/14 9:00,38,3,35
5/23/14 10:00,17,8,9
5/23/14 11:00,11,8,3
5/23/14 12:00,17,10,7
5/23/14 13:00,15,3,12
5/23/14 14:00,33,27,6
5/23/14 15:00,46,36,10
5/23/14 16:00,68,56,12
5/23/14 17:00,81,67,14
5/23/14 18:00,60,47,13
5/23/14 19:00,32,26,6
5/23/14 20:00,13,10,3
5/23/14 21:00,9,6,3
5/23/14 22:00,7,3,4
5/23/14 23:00,5,0,5
5/24/14 0:00,0,0,0
5/24/14 1:00,1,1,0
5/24/14 2:00,1,1,0
5/24/14 3:00,2,2,0
5/24/14 4:00,0,0,0
5/24/14 5:00,5,2,3
5/24/14 6:00,10,2,8
5/24/14 7:00,16,2,14
5/24/14 8:00,44,21,23
5/24/14 9:00,41,20,21
5/24/14 10:00,52,24,28
5/24/14 11:00,68,34,34
5/24/14 12:00,69,47,22
5/24/14 13:00,67,29,38
5/24/14 14:00,65,40,25
5/24/14 15:00,44,24,20
5/24/14 16:00,50,19,31
5/24/14 17:00,36,23,13
5/24/14 18:00,27,10,17
5/24/14 19:00,16,7,9
5/24/14 20:00,16,8,8
5/24/14 21:00,10,10,0
5/24/14 22:00,8,5,3
5/24/14 23:00,6,5,1
5/25/14 0:00,5,2,3
5/25/14 1:00,2,2,0
5/25/14 2:00,1,0,1
5/25/14 3:00,0,0,0
5/25/14 4:00,0,0,0
5/25/14 5:00,1,0,1
5/25/14 6:00,6,3,3
5/25/14 7:00,9,2,7
5/25/14 8:00,15,4,11
5/25/14 9:00,37,17,20
5/25/14 10:00,49,28,21
5/25/14 11:00,47,28,19
5/25/14 12:00,42,18,24
5/25/14 13:00,33,19,14
5/25/14 14:00,36,20,16
5/25/14 15:00,21,8,13
5/25/14 16:00,21,9,12
5/25/14 17:00,11,3,8
5/25/14 18:00,10,8,2
5/25/14 19:00,1,1,0
5/25/14 20:00,8,6,2
5/25/14 21:00,3,3,0
5/25/14 22:00,5,3,2
5/25/14 23:00,3,2,1
5/26/14 0:00,0,0,0
5/26/14 1:00,0,0,0
5/26/14 2:00,1,1,0
5/26/14 3:00,0,0,0
5/26/14 4:00,0,0,0
5/26/14 5:00,3,2,1
5/26/14 6:00,6,0,6
5/26/14 7:00,10,4,6
5/26/14 8:00,17,4,13
5/26/14 9:00,24,10,14
5/26/14 10:00,40,19,21
5/26/14 11:00,44,13,31
5/26/14 12:00,70,36,34
5/26/14 13:00,79,45,34
5/26/14 14:00,68,29,39
5/26/14 15:00,73,42,31
5/26/14 16:00,62,34,28
5/26/14 17:00,37,27,10
5/26/14 18:00,55,24,31
5/26/14 19:00,26,9,17
5/26/14 20:00,13,10,3
5/26/14 21:00,12,6,6
5/26/14 22:00,7,6,1
5/26/14 23:00,5,2,3
5/27/14 0:00,1,0,1
5/27/14 1:00,0,0,0
5/27/14 2:00,1,1,0
5/27/14 3:00,0,0,0
5/27/14 4:00,5,1,4
5/27/14 5:00,24,3,21
5/27/14 6:00,109,11,98
5/27/14 7:00,189,21,168
5/27/14 8:00,173,12,161
5/27/14 9:00,73,9,64
5/27/14 10:00,33,7,26
5/27/14 11:00,23,10,13
5/27/14 12:00,30,16,14
5/27/14 13:00,32,17,15
5/27/14 14:00,42,25,17
5/27/14 15:00,59,46,13
5/27/14 16:00,107,86,21
5/27/14 17:00,266,221,45
5/27/14 18:00,157,127,30
5/27/14 19:00,76,61,15
5/27/14 20:00,50,23,27
5/27/14 21:00,16,12,4
5/27/14 22:00,11,9,2
5/27/14 23:00,5,4,1
5/28/14 0:00,5,4,1
5/28/14 1:00,1,1,0
5/28/14 2:00,1,0,1
5/28/14 3:00,1,0,1
5/28/14 4:00,5,3,2
5/28/14 5:00,16,4,12
5/28/14 6:00,86,12,74
5/28/14 7:00,132,22,110
5/28/14 8:00,125,9,116
5/28/14 9:00,51,4,47
5/28/14 10:00,27,9,18
5/28/14 11:00,27,17,10
5/28/14 12:00,26,8,18
5/28/14 13:00,40,8,32
5/28/14 14:00,31,15,16
5/28/14 15:00,53,38,15
5/28/14 16:00,104,85,19
5/28/14 17:00,132,110,22
5/28/14 18:00,107,89,18
5/28/14 19:00,35,30,5
5/28/14 20:00,24,18,6
5/28/14 21:00,15,9,6
5/28/14 22:00,11,8,3
5/28/14 23:00,6,4,2
5/29/14 0:00,1,1,0
5/29/14 1:00,3,3,0
5/29/14 2:00,0,0,0
5/29/14 3:00,0,0,0
5/29/14 4:00,3,0,3
5/29/14 5:00,39,4,35
5/29/14 6:00,108,14,94
5/29/14 7:00,165,17,148
5/29/14 8:00,142,15,127
5/29/14 9:00,81,10,71
5/29/14 10:00,30,11,19
5/29/14 11:00,27,14,13
5/29/14 12:00,38,13,25
5/29/14 13:00,35,15,20
5/29/14 14:00,31,11,20
5/29/14 15:00,60,44,16
5/29/14 16:00,113,91,22
5/29/14 17:00,207,165,42
5/29/14 18:00,154,132,22
5/29/14 19:00,50,39,11
5/29/14 20:00,29,22,7
5/29/14 21:00,25,20,5
5/29/14 22:00,8,6,2
5/29/14 23:00,4,4,0
5/30/14 0:00,4,4,0
5/30/14 1:00,4,4,0
5/30/14 2:00,4,3,1
5/30/14 3:00,0,0,0
5/30/14 4:00,3,0,3
5/30/14 5:00,34,5,29
5/30/14 6:00,92,23,69
5/30/14 7:00,191,20,171
5/30/14 8:00,173,10,163
5/30/14 9:00,72,7,65
5/30/14 10:00,31,12,19
5/30/14 11:00,32,14,18
5/30/14 12:00,37,20,17
5/30/14 13:00,38,19,19
5/30/14 14:00,52,33,19
5/30/14 15:00,64,44,20
5/30/14 16:00,143,111,32
5/30/14 17:00,203,176,27
5/30/14 18:00,168,144,24
5/30/14 19:00,62,50,12
5/30/14 20:00,26,15,11
5/30/14 21:00,10,5,5
5/30/14 22:00,29,11,18
5/30/14 23:00,5,2,3
5/31/14 0:00,2,0,2
5/31/14 1:00,8,4,4
5/31/14 2:00,4,3,1
5/31/14 3:00,1,1,0
5/31/14 4:00,0,0,0
5/31/14 5:00,3,0,3
5/31/14 6:00,21,6,15
5/31/14 7:00,28,9,19
5/31/14 8:00,46,13,33
5/31/14 9:00,65,32,33
5/31/14 10:00,71,35,36
5/31/14 11:00,100,49,51
5/31/14 12:00,123,50,73
5/31/14 13:00,78,42,36
5/31/14 14:00,108,58,50
5/31/14 15:00,109,68,41
5/31/14 16:00,84,42,42
5/31/14 17:00,85,39,46
5/31/14 18:00,49,36,13
5/31/14 19:00,45,17,28
5/31/14 20:00,38,17,21
5/31/14 21:00,20,14,6
5/31/14 22:00,9,3,6
5/31/14 23:00,7,3,4
6/1/14 0:00,10,6,4
6/1/14 1:00,1,1,0
6/1/14 2:00,3,2,1
6/1/14 3:00,0,0,0
6/1/14 4:00,4,2,2
6/1/14 5:00,2,0,2
6/1/14 6:00,18,6,12
6/1/14 7:00,21,9,12
6/1/14 8:00,41,19,22
6/1/14 9:00,35,22,13
6/1/14 10:00,58,31,27
6/1/14 11:00,75,37,38
6/1/14 12:00,75,35,40
6/1/14 13:00,68,34,34
6/1/14 14:00,96,46,50
6/1/14 15:00,75,40,35
6/1/14 16:00,80,45,35
6/1/14 17:00,73,36,37
6/1/14 18:00,43,17,26
6/1/14 19:00,32,15,17
6/1/14 20:00,17,7,10
6/1/14 21:00,8,5,3
6/1/14 22:00,6,2,4
6/1/14 23:00,3,0,3
6/2/14 0:00,3,3,0
6/2/14 1:00,0,0,0
6/2/14 2:00,2,2,0
6/2/14 3:00,1,0,1
6/2/14 4:00,4,1,3
6/2/14 5:00,35,8,27
6/2/14 6:00,88,11,77
6/2/14 7:00,173,19,154
6/2/14 8:00,147,14,133
6/2/14 9:00,66,5,61
6/2/14 10:00,29,8,21
6/2/14 11:00,20,6,14
6/2/14 12:00,39,24,15
6/2/14 13:00,33,16,17
6/2/14 14:00,36,21,15
6/2/14 15:00,64,49,15
6/2/14 16:00,122,91,31
6/2/14 17:00,198,162,36
6/2/14 18:00,143,122,21
6/2/14 19:00,68,56,12
6/2/14 20:00,41,21,20
6/2/14 21:00,23,13,10
6/2/14 22:00,6,2,4
6/2/14 23:00,6,6,0
6/3/14 0:00,4,3,1
6/3/14 1:00,1,0,1
6/3/14 2:00,2,0,2
6/3/14 3:00,0,0,0
6/3/14 4:00,4,1,3
6/3/14 5:00,37,4,33
6/3/14 6:00,110,14,96
6/3/14 7:00,179,21,158
6/3/14 8:00,170,16,154
6/3/14 9:00,70,12,58
6/3/14 10:00,31,6,25
6/3/14 11:00,21,6,15
6/3/14 12:00,20,12,8
6/3/14 13:00,24,11,13
6/3/14 14:00,34,22,12
6/3/14 15:00,52,42,10
6/3/14 16:00,123,97,26
6/3/14 17:00,224,191,33
6/3/14 18:00,142,113,29
6/3/14 19:00,91,73,18
6/3/14 20:00,24,18,6
6/3/14 21:00,17,5,12
6/3/14 22:00,30,10,20
6/3/14 23:00,6,3,3
6/4/14 0:00,2,2,0
6/4/14 1:00,1,0,1
6/4/14 2:00,0,0,0
6/4/14 3:00,2,2,0
6/4/14 4:00,5,1,4
6/4/14 5:00,21,4,17
6/4/14 6:00,110,19,91
6/4/14 7:00,182,26,156
6/4/14 8:00,139,8,131
6/4/14 9:00,71,9,62
6/4/14 10:00,38,12,26
6/4/14 11:00,25,9,16
6/4/14 12:00,30,14,16
6/4/14 13:00,27,13,14
6/4/14 14:00,40,17,23
6/4/14 15:00,60,48,12
6/4/14 16:00,126,98,28
6/4/14 17:00,203,160,43
6/4/14 18:00,125,110,15
6/4/14 19:00,81,57,24
6/4/14 20:00,50,38,12
6/4/14 21:00,28,16,12
6/4/14 22:00,21,11,10
6/4/14 23:00,5,4,1
6/5/14 0:00,7,4,3
6/5/14 1:00,0,0,0
6/5/14 2:00,0,0,0
6/5/14 3:00,3,2,1
6/5/14 4:00,5,1,4
6/5/14 5:00,38,7,31
6/5/14 6:00,107,16,91
6/5/14 7:00,165,22,143
6/5/14 8:00,125,18,107
6/5/14 9:00,80,11,69
6/5/14 10:00,30,6,24
6/5/14 11:00,25,8,17
6/5/14 12:00,35,18,17
6/5/14 13:00,37,17,20
6/5/14 14:00,42,25,17
6/5/14 15:00,58,42,16
6/5/14 16:00,115,87,28
6/5/14 17:00,201,170,31
6/5/14 18:00,137,115,22
6/5/14 19:00,85,74,11
6/5/14 20:00,58,34,24
6/5/14 21:00,23,18,5
6/5/14 22:00,11,4,7
6/5/14 23:00,17,10,7
6/6/14 0:00,7,6,1
6/6/14 1:00,3,3,0
6/6/14 2:00,1,1,0
6/6/14 3:00,1,0,1
6/6/14 4:00,6,1,5
6/6/14 5:00,35,1,34
6/6/14 6:00,73,10,63
6/6/14 7:00,146,27,119
6/6/14 8:00,127,10,117
6/6/14 9:00,60,9,51
6/6/14 10:00,37,11,26
6/6/14 11:00,36,15,21
6/6/14 12:00,34,21,13
6/6/14 13:00,45,23,22
6/6/14 14:00,43,22,21
6/6/14 15:00,48,34,14
6/6/14 16:00,132,99,33
6/6/14 17:00,174,139,35
6/6/14 18:00,100,81,19
6/6/14 19:00,56,36,20
6/6/14 20:00,35,23,12
6/6/14 21:00,20,11,9
6/6/14 22:00,7,6,1
6/6/14 23:00,10,9,1
6/7/14 0:00,9,4,5
6/7/14 1:00,2,2,0
6/7/14 2:00,3,2,1
6/7/14 3:00,2,2,0
6/7/14 4:00,1,1,0
6/7/14 5:00,4,1,3
6/7/14 6:00,12,7,5
6/7/14 7:00,35,6,29
6/7/14 8:00,51,19,32
6/7/14 9:00,66,32,34
6/7/14 10:00,67,33,34
6/7/14 11:00,72,41,31
6/7/14 12:00,74,36,38
6/7/14 13:00,111,53,58
6/7/14 14:00,89,48,41
6/7/14 15:00,93,57,36
6/7/14 16:00,104,49,55
6/7/14 17:00,79,54,25
6/7/14 18:00,38,15,23
6/7/14 19:00,26,10,16
6/7/14 20:00,36,20,16
6/7/14 21:00,19,12,7
6/7/14 22:00,12,5,7
6/7/14 23:00,4,3,1
6/8/14 0:00,12,0,12
6/8/14 1:00,5,4,1
6/8/14 2:00,6,3,3
6/8/14 3:00,2,2,0
6/8/14 4:00,2,1,1
6/8/14 5:00,10,4,6
6/8/14 6:00,7,3,4
6/8/14 7:00,22,11,11
6/8/14 8:00,49,10,39
6/8/14 9:00,40,22,18
6/8/14 10:00,69,29,40
6/8/14 11:00,69,40,29
6/8/14 12:00,56,25,31
6/8/14 13:00,77,39,38
6/8/14 14:00,68,39,29
6/8/14 15:00,69,36,33
6/8/14 16:00,90,42,48
6/8/14 17:00,40,28,12
6/8/14 18:00,36,16,20
6/8/14 19:00,28,16,12
6/8/14 20:00,20,10,10
6/8/14 21:00,6,4,2
6/8/14 22:00,8,7,1
6/8/14 23:00,8,3,5
6/9/14 0:00,3,1,2
6/9/14 1:00,0,0,0
6/9/14 2:00,0,0,0
6/9/14 3:00,1,1,0
6/9/14 4:00,4,0,4
6/9/14 5:00,25,4,21
6/9/14 6:00,80,8,72
6/9/14 7:00,144,17,127
6/9/14 8:00,130,14,116
6/9/14 9:00,63,6,57
6/9/14 10:00,32,4,28
6/9/14 11:00,31,11,20
6/9/14 12:00,17,8,9
6/9/14 13:00,14,8,6
6/9/14 14:00,41,30,11
6/9/14 15:00,43,30,13
6/9/14 16:00,101,81,20
6/9/14 17:00,201,172,29
6/9/14 18:00,126,108,18
6/9/14 19:00,49,32,17
6/9/14 20:00,35,25,10
6/9/14 21:00,16,10,6
6/9/14 22:00,13,8,5
6/9/14 23:00,4,3,1
6/10/14 0:00,3,2,1
6/10/14 1:00,0,0,0
6/10/14 2:00,1,1,0
6/10/14 3:00,2,0,2
6/10/14 4:00,3,1,2
6/10/14 5:00,37,5,32
6/10/14 6:00,95,19,76
6/10/14 7:00,171,18,153
6/10/14 8:00,143,14,129
6/10/14 9:00,63,5,58
6/10/14 10:00,28,7,21
6/10/14 11:00,21,7,14
6/10/14 12:00,32,14,18
6/10/14 13:00,21,8,13
6/10/14 14:00,33,17,16
6/10/14 15:00,57,38,19
6/10/14 16:00,111,86,25
6/10/14 17:00,209,178,31
6/10/14 18:00,143,116,27
6/10/14 19:00,46,36,10
6/10/14 20:00,32,22,10
6/10/14 21:00,22,19,3
6/10/14 22:00,18,14,4
6/10/14 23:00,3,2,1
6/11/14 0:00,3,3,0
6/11/14 1:00,1,1,0
6/11/14 2:00,0,0,0
6/11/14 3:00,1,1,0
6/11/14 4:00,6,2,4
6/11/14 5:00,34,4,30
6/11/14 6:00,103,17,86
6/11/14 7:00,170,18,152
6/11/14 8:00,148,13,135
6/11/14 9:00,90,10,80
6/11/14 10:00,34,9,25
6/11/14 11:00,22,8,14
6/11/14 12:00,34,17,17
6/11/14 13:00,39,19,20
6/11/14 14:00,50,30,20
6/11/14 15:00,89,61,28
6/11/14 16:00,134,107,27
6/11/14 17:00,219,172,47
6/11/14 18:00,152,122,30
6/11/14 19:00,75,60,15
6/11/14 20:00,41,29,12
6/11/14 21:00,23,13,10
6/11/14 22:00,20,14,6
6/11/14 23:00,4,4,0
6/12/14 0:00,5,4,1
6/12/14 1:00,1,1,0
6/12/14 2:00,0,0,0
6/12/14 3:00,1,1,0
6/12/14 4:00,5,1,4
6/12/14 5:00,35,6,29
6/12/14 6:00,89,14,75
6/12/14 7:00,149,16,133
6/12/14 8:00,133,8,125
6/12/14 9:00,48,10,38
6/12/14 10:00,27,4,23
6/12/14 11:00,22,7,15
6/12/14 12:00,32,12,20
6/12/14 13:00,31,13,18
6/12/14 14:00,30,19,11
6/12/14 15:00,48,33,15
6/12/14 16:00,93,64,29
6/12/14 17:00,157,131,26
6/12/14 18:00,108,95,13
6/12/14 19:00,62,43,19
6/12/14 20:00,23,17,6
6/12/14 21:00,16,9,7
6/12/14 22:00,9,8,1
6/12/14 23:00,9,9,0
6/13/14 0:00,3,2,1
6/13/14 1:00,1,1,0
6/13/14 2:00,0,0,0
6/13/14 3:00,3,2,1
6/13/14 4:00,4,1,3
6/13/14 5:00,12,4,8
6/13/14 6:00,41,5,36
6/13/14 7:00,65,9,56
6/13/14 8:00,62,3,59
6/13/14 9:00,30,5,25
6/13/14 10:00,9,3,6
6/13/14 11:00,9,4,5
6/13/14 12:00,8,3,5
6/13/14 13:00,12,7,5
6/13/14 14:00,13,8,5
6/13/14 15:00,27,20,7
6/13/14 16:00,73,57,16
6/13/14 17:00,83,73,10
6/13/14 18:00,53,44,9
6/13/14 19:00,19,13,6
6/13/14 20:00,12,9,3
6/13/14 21:00,7,7,0
6/13/14 22:00,6,3,3
6/13/14 23:00,6,4,2
6/14/14 0:00,5,4,1
6/14/14 1:00,2,0,2
6/14/14 2:00,0,0,0
6/14/14 3:00,4,4,0
6/14/14 4:00,2,1,1
6/14/14 5:00,4,0,4
6/14/14 6:00,13,6,7
6/14/14 7:00,21,4,17
6/14/14 8:00,38,15,23
6/14/14 9:00,42,14,28
6/14/14 10:00,43,23,20
6/14/14 11:00,40,27,13
6/14/14 12:00,52,33,19
6/14/14 13:00,55,22,33
6/14/14 14:00,66,30,36
6/14/14 15:00,100,59,41
6/14/14 16:00,94,38,56
6/14/14 17:00,36,16,20
6/14/14 18:00,41,18,23
6/14/14 19:00,9,7,2
6/14/14 20:00,11,10,1
6/14/14 21:00,4,1,3
6/14/14 22:00,11,6,5
6/14/14 23:00,2,1,1
6/15/14 0:00,4,3,1
6/15/14 1:00,2,1,1
6/15/14 2:00,2,2,0
6/15/14 3:00,1,1,0
6/15/14 4:00,2,2,0
6/15/14 5:00,3,1,2
6/15/14 6:00,5,2,3
6/15/14 7:00,7,2,5
6/15/14 8:00,27,7,20
6/15/14 9:00,24,12,12
6/15/14 10:00,51,20,31
6/15/14 11:00,54,27,27
6/15/14 12:00,39,23,16
6/15/14 13:00,44,18,26
6/15/14 14:00,31,14,17
6/15/14 15:00,42,23,19
6/15/14 16:00,39,19,20
6/15/14 17:00,31,12,19
6/15/14 18:00,11,5,6
6/15/14 19:00,9,3,6
6/15/14 20:00,5,3,2
6/15/14 21:00,6,5,1
6/15/14 22:00,4,3,1
6/15/14 23:00,12,12,0
6/16/14 0:00,1,1,0
6/16/14 1:00,0,0,0
6/16/14 2:00,1,1,0
6/16/14 3:00,1,0,1
6/16/14 4:00,2,1,1
6/16/14 5:00,18,4,14
6/16/14 6:00,55,6,49
6/16/14 7:00,115,11,104
6/16/14 8:00,100,9,91
6/16/14 9:00,45,8,37
6/16/14 10:00,19,5,14
6/16/14 11:00,9,4,5
6/16/14 12:00,15,5,10
6/16/14 13:00,12,2,10
6/16/14 14:00,35,25,10
6/16/14 15:00,56,36,20
6/16/14 16:00,74,53,21
6/16/14 17:00,139,114,25
6/16/14 18:00,104,85,19
6/16/14 19:00,42,29,13
6/16/14 20:00,26,20,6
6/16/14 21:00,21,12,9
6/16/14 22:00,7,6,1
6/16/14 23:00,5,4,1
6/17/14 0:00,4,3,1
6/17/14 1:00,1,0,1
6/17/14 2:00,2,2,0
6/17/14 3:00,0,0,0
6/17/14 4:00,0,0,0
6/17/14 5:00,21,4,17
6/17/14 6:00,76,9,67
6/17/14 7:00,137,17,120
6/17/14 8:00,131,11,120
6/17/14 9:00,54,7,47
6/17/14 10:00,34,4,30
6/17/14 11:00,18,8,10
6/17/14 12:00,23,10,13
6/17/14 13:00,24,10,14
6/17/14 14:00,24,12,12
6/17/14 15:00,45,28,17
6/17/14 16:00,94,83,11
6/17/14 17:00,161,131,30
6/17/14 18:00,126,106,20
6/17/14 19:00,50,34,16
6/17/14 20:00,28,22,6
6/17/14 21:00,12,8,4
6/17/14 22:00,9,6,3
6/17/14 23:00,5,4,1
6/18/14 0:00,5,4,1
6/18/14 1:00,4,2,2
6/18/14 2:00,3,1,2
6/18/14 3:00,2,1,1
6/18/14 4:00,8,4,4
6/18/14 5:00,27,7,20
6/18/14 6:00,109,19,90
6/18/14 7:00,152,17,135
6/18/14 8:00,151,10,141
6/18/14 9:00,39,7,32
6/18/14 10:00,38,11,27
6/18/14 11:00,23,7,16
6/18/14 12:00,25,13,12
6/18/14 13:00,28,17,11
6/18/14 14:00,42,23,19
6/18/14 15:00,55,37,18
6/18/14 16:00,119,90,29
6/18/14 17:00,163,92,71
6/18/14 18:00,123,62,61
6/18/14 19:00,34,26,8
6/18/14 20:00,36,25,11
6/18/14 21:00,17,12,5
6/18/14 22:00,10,6,4
6/18/14 23:00,7,3,4
6/19/14 0:00,7,4,3
6/19/14 1:00,3,1,2
6/19/14 2:00,0,0,0
6/19/14 3:00,1,1,0
6/19/14 4:00,6,1,5
6/19/14 5:00,26,4,22
6/19/14 6:00,103,12,91
6/19/14 7:00,151,21,130
6/19/14 8:00,136,18,118
6/19/14 9:00,49,6,43
6/19/14 10:00,24,1,23
6/19/14 11:00,27,16,11
6/19/14 12:00,34,15,19
6/19/14 13:00,42,22,20
6/19/14 14:00,41,27,14
6/19/14 15:00,57,30,27
6/19/14 16:00,110,88,22
6/19/14 17:00,196,162,34
6/19/14 18:00,128,109,19
6/19/14 19:00,59,39,20
6/19/14 20:00,32,21,11
6/19/14 21:00,22,20,2
6/19/14 22:00,13,6,7
6/19/14 23:00,3,3,0
6/20/14 0:00,3,3,0
6/20/14 1:00,2,2,0
6/20/14 2:00,1,1,0
6/20/14 3:00,2,0,2
6/20/14 4:00,2,0,2
6/20/14 5:00,31,5,26
6/20/14 6:00,53,4,49
6/20/14 7:00,118,17,101
6/20/14 8:00,119,11,108
6/20/14 9:00,52,10,42
6/20/14 10:00,29,7,22
6/20/14 11:00,14,7,7
6/20/14 12:00,32,19,13
6/20/14 13:00,18,8,10
6/20/14 14:00,33,25,8
6/20/14 15:00,60,38,22
6/20/14 16:00,103,74,29
6/20/14 17:00,168,139,29
6/20/14 18:00,79,68,11
6/20/14 19:00,36,27,9
6/20/14 20:00,21,12,9
6/20/14 21:00,15,4,11
6/20/14 22:00,21,12,9
6/20/14 23:00,8,4,4
6/21/14 0:00,7,5,2
6/21/14 1:00,13,5,8
6/21/14 2:00,1,1,0
6/21/14 3:00,0,0,0
6/21/14 4:00,1,0,1
6/21/14 5:00,5,0,5
6/21/14 6:00,6,3,3
6/21/14 7:00,40,20,20
6/21/14 8:00,56,32,24
6/21/14 9:00,77,37,40
6/21/14 10:00,86,37,49
6/21/14 11:00,93,39,54
6/21/14 12:00,89,34,55
6/21/14 13:00,102,26,76
6/21/14 14:00,118,43,75
6/21/14 15:00,83,37,46
6/21/14 16:00,92,53,39
6/21/14 17:00,85,55,30
6/21/14 18:00,53,37,16
6/21/14 19:00,42,29,13
6/21/14 20:00,36,24,12
6/21/14 21:00,29,23,6
6/21/14 22:00,9,5,4
6/21/14 23:00,12,6,6
6/22/14 0:00,10,7,3
6/22/14 1:00,6,4,2
6/22/14 2:00,4,1,3
6/22/14 3:00,3,2,1
6/22/14 4:00,3,2,1
6/22/14 5:00,3,0,3
6/22/14 6:00,9,1,8
6/22/14 7:00,23,11,12
6/22/14 8:00,49,25,24
6/22/14 9:00,60,24,36
6/22/14 10:00,86,43,43
6/22/14 11:00,49,22,27
6/22/14 12:00,88,39,49
6/22/14 13:00,97,45,52
6/22/14 14:00,84,44,40
6/22/14 15:00,63,26,37
6/22/14 16:00,66,32,34
6/22/14 17:00,60,32,28
6/22/14 18:00,52,36,16
6/22/14 19:00,36,18,18
6/22/14 20:00,26,13,13
6/22/14 21:00,15,9,6
6/22/14 22:00,14,8,6
6/22/14 23:00,4,3,1
6/23/14 0:00,4,1,3
6/23/14 1:00,0,0,0
6/23/14 2:00,1,0,1
6/23/14 3:00,3,1,2
6/23/14 4:00,4,3,1
6/23/14 5:00,33,8,25
6/23/14 6:00,82,11,71
6/23/14 7:00,155,15,140
6/23/14 8:00,143,13,130
6/23/14 9:00,63,7,56
6/23/14 10:00,30,9,21
6/23/14 11:00,46,12,34
6/23/14 12:00,40,20,20
6/23/14 13:00,41,21,20
6/23/14 14:00,43,24,19
6/23/14 15:00,58,39,19
6/23/14 16:00,95,72,23
6/23/14 17:00,217,181,36
6/23/14 18:00,141,125,16
6/23/14 19:00,77,60,17
6/23/14 20:00,38,22,16
6/23/14 21:00,16,13,3
6/23/14 22:00,7,3,4
6/23/14 23:00,3,2,1
6/24/14 0:00,6,4,2
6/24/14 1:00,1,1,0
6/24/14 2:00,3,2,1
6/24/14 3:00,2,1,1
6/24/14 4:00,6,2,4
6/24/14 5:00,29,5,24
6/24/14 6:00,68,15,53
6/24/14 7:00,129,16,113
6/24/14 8:00,132,8,124
6/24/14 9:00,51,8,43
6/24/14 10:00,23,7,16
6/24/14 11:00,16,6,10
6/24/14 12:00,35,16,19
6/24/14 13:00,29,16,13
6/24/14 14:00,34,19,15
6/24/14 15:00,65,40,25
6/24/14 16:00,91,70,21
6/24/14 17:00,185,155,30
6/24/14 18:00,117,101,16
6/24/14 19:00,69,50,19
6/24/14 20:00,36,23,13
6/24/14 21:00,17,11,6
6/24/14 22:00,19,15,4
6/24/14 23:00,9,5,4
6/25/14 0:00,2,1,1
6/25/14 1:00,1,1,0
6/25/14 2:00,0,0,0
6/25/14 3:00,1,0,1
6/25/14 4:00,8,3,5
6/25/14 5:00,35,5,30
6/25/14 6:00,84,8,76
6/25/14 7:00,160,21,139
6/25/14 8:00,145,17,128
6/25/14 9:00,65,5,60
6/25/14 10:00,46,16,30
6/25/14 11:00,33,13,20
6/25/14 12:00,31,16,15
6/25/14 13:00,42,18,24
6/25/14 14:00,46,20,26
6/25/14 15:00,65,44,21
6/25/14 16:00,130,99,31
6/25/14 17:00,185,156,29
6/25/14 18:00,124,94,30
6/25/14 19:00,68,54,14
6/25/14 20:00,40,26,14
6/25/14 21:00,25,13,12
6/25/14 22:00,26,21,5
6/25/14 23:00,12,9,3
6/26/14 0:00,8,6,2
6/26/14 1:00,6,3,3
6/26/14 2:00,1,1,0
6/26/14 3:00,1,1,0
6/26/14 4:00,7,3,4
6/26/14 5:00,32,6,26
6/26/14 6:00,77,14,63
6/26/14 7:00,154,17,137
6/26/14 8:00,120,14,106
6/26/14 9:00,67,9,58
6/26/14 10:00,21,9,12
6/26/14 11:00,21,10,11
6/26/14 12:00,28,13,15
6/26/14 13:00,25,7,18
6/26/14 14:00,33,11,22
6/26/14 15:00,63,41,22
6/26/14 16:00,99,69,30
6/26/14 17:00,168,142,26
6/26/14 18:00,126,102,24
6/26/14 19:00,65,49,16
6/26/14 20:00,28,18,10
6/26/14 21:00,28,20,8
6/26/14 22:00,11,7,4
6/26/14 23:00,9,6,3
6/27/14 0:00,4,3,1
6/27/14 1:00,9,8,1
6/27/14 2:00,2,2,0
6/27/14 3:00,2,1,1
6/27/14 4:00,5,1,4
6/27/14 5:00,15,6,9
6/27/14 6:00,45,5,40
6/27/14 7:00,77,6,71
6/27/14 8:00,69,12,57
6/27/14 9:00,39,8,31
6/27/14 10:00,16,4,12
6/27/14 11:00,26,8,18
6/27/14 12:00,17,8,9
6/27/14 13:00,24,11,13
6/27/14 14:00,31,25,6
6/27/14 15:00,40,22,18
6/27/14 16:00,66,52,14
6/27/14 17:00,101,77,24
6/27/14 18:00,64,50,14
6/27/14 19:00,24,20,4
6/27/14 20:00,11,6,5
6/27/14 21:00,11,8,3
6/27/14 22:00,7,6,1
6/27/14 23:00,5,3,2
6/28/14 0:00,3,2,1
6/28/14 1:00,2,2,0
6/28/14 2:00,1,0,1
6/28/14 3:00,0,0,0
6/28/14 4:00,1,1,0
6/28/14 5:00,3,0,3
6/28/14 6:00,8,1,7
6/28/14 7:00,13,5,8
6/28/14 8:00,26,11,15
6/28/14 9:00,40,11,29
6/28/14 10:00,25,14,11
6/28/14 11:00,60,29,31
6/28/14 12:00,55,24,31
6/28/14 13:00,40,23,17
6/28/14 14:00,46,21,25
6/28/14 15:00,49,25,24
6/28/14 16:00,31,15,16
6/28/14 17:00,36,17,19
6/28/14 18:00,33,17,16
6/28/14 19:00,26,17,9
6/28/14 20:00,16,8,8
6/28/14 21:00,20,11,9
6/28/14 22:00,10,6,4
6/28/14 23:00,5,3,2
6/29/14 0:00,3,3,0
6/29/14 1:00,1,0,1
6/29/14 2:00,2,2,0
6/29/14 3:00,2,2,0
6/29/14 4:00,0,0,0
6/29/14 5:00,7,3,4
6/29/14 6:00,12,2,10
6/29/14 7:00,16,7,9
6/29/14 8:00,26,9,17
6/29/14 9:00,55,23,32
6/29/14 10:00,66,27,39
6/29/14 11:00,69,29,40
6/29/14 12:00,70,38,32
6/29/14 13:00,70,37,33
6/29/14 14:00,87,40,47
6/29/14 15:00,77,43,34
6/29/14 16:00,64,35,29
6/29/14 17:00,53,29,24
6/29/14 18:00,47,25,22
6/29/14 19:00,14,2,12
6/29/14 20:00,17,12,5
6/29/14 21:00,7,6,1
6/29/14 22:00,12,5,7
6/29/14 23:00,4,1,3
6/30/14 0:00,1,1,0
6/30/14 1:00,3,3,0
6/30/14 2:00,2,1,1
6/30/14 3:00,2,1,1
6/30/14 4:00,6,2,4
6/30/14 5:00,35,7,28
6/30/14 6:00,94,11,83
6/30/14 7:00,141,14,127
6/30/14 8:00,138,14,124
6/30/14 9:00,67,14,53
6/30/14 10:00,35,8,27
6/30/14 11:00,25,9,16
6/30/14 12:00,31,16,15
6/30/14 13:00,50,24,26
6/30/14 14:00,29,22,7
6/30/14 15:00,57,40,17
6/30/14 16:00,125,99,26
6/30/14 17:00,205,176,29
6/30/14 18:00,155,126,29
6/30/14 19:00,70,52,18
6/30/14 20:00,42,16,26
6/30/14 21:00,23,14,9
6/30/14 22:00,15,9,6
6/30/14 23:00,8,6,2
7/1/14 0:00,6,4,2
7/1/14 1:00,3,1,2
7/1/14 2:00,1,1,0
7/1/14 3:00,2,0,2
7/1/14 4:00,5,0,5
7/1/14 5:00,32,6,26
7/1/14 6:00,114,19,95
7/1/14 7:00,155,27,128
7/1/14 8:00,172,18,154
7/1/14 9:00,73,10,63
7/1/14 10:00,40,13,27
7/1/14 11:00,29,10,19
7/1/14 12:00,28,11,17
7/1/14 13:00,36,18,18
7/1/14 14:00,32,23,9
7/1/14 15:00,59,39,20
7/1/14 16:00,109,86,23
7/1/14 17:00,221,188,33
7/1/14 18:00,164,139,25
7/1/14 19:00,95,65,30
7/1/14 20:00,44,22,22
7/1/14 21:00,22,9,13
7/1/14 22:00,11,8,3
7/1/14 23:00,14,10,4
7/2/14 0:00,8,6,2
7/2/14 1:00,4,2,2
7/2/14 2:00,0,0,0
7/2/14 3:00,4,1,3
7/2/14 4:00,7,2,5
7/2/14 5:00,33,5,28
7/2/14 6:00,97,15,82
7/2/14 7:00,159,20,139
7/2/14 8:00,144,19,125
7/2/14 9:00,80,19,61
7/2/14 10:00,40,8,32
7/2/14 11:00,31,13,18
7/2/14 12:00,28,12,16
7/2/14 13:00,43,22,21
7/2/14 14:00,38,23,15
7/2/14 15:00,60,39,21
7/2/14 16:00,102,77,25
7/2/14 17:00,194,159,35
7/2/14 18:00,161,136,25
7/2/14 19:00,68,56,12
7/2/14 20:00,50,29,21
7/2/14 21:00,25,13,12
7/2/14 22:00,6,5,1
7/2/14 23:00,13,10,3
7/3/14 0:00,4,3,1
7/3/14 1:00,2,1,1
7/3/14 2:00,1,1,0
7/3/14 3:00,1,0,1
7/3/14 4:00,3,1,2
7/3/14 5:00,21,5,16
7/3/14 6:00,82,8,74
7/3/14 7:00,113,19,94
7/3/14 8:00,114,16,98
7/3/14 9:00,53,10,43
7/3/14 10:00,38,14,24
7/3/14 11:00,27,10,17
7/3/14 12:00,27,11,16
7/3/14 13:00,41,25,16
7/3/14 14:00,35,23,12
7/3/14 15:00,83,57,26
7/3/14 16:00,99,79,20
7/3/14 17:00,125,99,26
7/3/14 18:00,79,63,16
7/3/14 19:00,43,35,8
7/3/14 20:00,30,22,8
7/3/14 21:00,20,10,10
7/3/14 22:00,10,6,4
7/3/14 23:00,9,6,3
7/4/14 0:00,13,6,7
7/4/14 1:00,4,1,3
7/4/14 2:00,2,2,0
7/4/14 3:00,1,0,1
7/4/14 4:00,2,1,1
7/4/14 5:00,8,2,6
7/4/14 6:00,18,5,13
7/4/14 7:00,32,11,21
7/4/14 8:00,39,19,20
7/4/14 9:00,70,32,38
7/4/14 10:00,81,48,33
7/4/14 11:00,78,38,40
7/4/14 12:00,103,41,62
7/4/14 13:00,76,35,41
7/4/14 14:00,73,46,27
7/4/14 15:00,83,48,35
7/4/14 16:00,72,36,36
7/4/14 17:00,43,31,12
7/4/14 18:00,32,15,17
7/4/14 19:00,17,3,14
7/4/14 20:00,10,4,6
7/4/14 21:00,15,6,9
7/4/14 22:00,12,7,5
7/4/14 23:00,14,10,4
7/5/14 0:00,17,14,3
7/5/14 1:00,8,6,2
7/5/14 2:00,4,4,0
7/5/14 3:00,3,2,1
7/5/14 4:00,3,0,3
7/5/14 5:00,6,1,5
7/5/14 6:00,7,1,6
7/5/14 7:00,17,3,14
7/5/14 8:00,28,13,15
7/5/14 9:00,45,22,23
7/5/14 10:00,48,19,29
7/5/14 11:00,45,26,19
7/5/14 12:00,67,45,22
7/5/14 13:00,69,32,37
7/5/14 14:00,57,25,32
7/5/14 15:00,38,21,17
7/5/14 16:00,43,19,24
7/5/14 17:00,25,17,8
7/5/14 18:00,36,13,23
7/5/14 19:00,24,14,10
7/5/14 20:00,17,9,8
7/5/14 21:00,5,2,3
7/5/14 22:00,5,1,4
7/5/14 23:00,4,1,3
7/6/14 0:00,4,4,0
7/6/14 1:00,2,2,0
7/6/14 2:00,3,1,2
7/6/14 3:00,1,1,0
7/6/14 4:00,1,0,1
7/6/14 5:00,3,0,3
7/6/14 6:00,9,3,6
7/6/14 7:00,11,3,8
7/6/14 8:00,44,23,21
7/6/14 9:00,41,23,18
7/6/14 10:00,80,35,45
7/6/14 11:00,68,36,32
7/6/14 12:00,119,59,60
7/6/14 13:00,101,55,46
7/6/14 14:00,114,54,60
7/6/14 15:00,75,40,35
7/6/14 16:00,85,54,31
7/6/14 17:00,82,45,37
7/6/14 18:00,38,19,19
7/6/14 19:00,53,29,24
7/6/14 20:00,24,10,14
7/6/14 21:00,7,2,5
7/6/14 22:00,11,7,4
7/6/14 23:00,3,2,1
7/7/14 0:00,2,2,0
7/7/14 1:00,2,1,1
7/7/14 2:00,2,1,1
7/7/14 3:00,5,3,2
7/7/14 4:00,3,0,3
7/7/14 5:00,21,5,16
7/7/14 6:00,86,7,79
7/7/14 7:00,152,16,136
7/7/14 8:00,127,10,117
7/7/14 9:00,63,10,53
7/7/14 10:00,30,11,19
7/7/14 11:00,25,9,16
7/7/14 12:00,34,20,14
7/7/14 13:00,30,14,16
7/7/14 14:00,41,21,20
7/7/14 15:00,55,38,17
7/7/14 16:00,111,76,35
7/7/14 17:00,180,150,30
7/7/14 18:00,135,112,23
7/7/14 19:00,83,57,26
7/7/14 20:00,21,16,5
7/7/14 21:00,22,17,5
7/7/14 22:00,9,7,2
7/7/14 23:00,9,7,2
7/8/14 0:00,8,6,2
7/8/14 1:00,3,2,1
7/8/14 2:00,0,0,0
7/8/14 3:00,2,1,1
7/8/14 4:00,6,2,4
7/8/14 5:00,30,5,25
7/8/14 6:00,95,16,79
7/8/14 7:00,175,20,155
7/8/14 8:00,168,13,155
7/8/14 9:00,65,5,60
7/8/14 10:00,46,14,32
7/8/14 11:00,28,12,16
7/8/14 12:00,40,15,25
7/8/14 13:00,41,21,20
7/8/14 14:00,45,20,25
7/8/14 15:00,64,40,24
7/8/14 16:00,125,96,29
7/8/14 17:00,220,184,36
7/8/14 18:00,133,112,21
7/8/14 19:00,85,59,26
7/8/14 20:00,52,38,14
7/8/14 21:00,24,18,6
7/8/14 22:00,28,16,12
7/8/14 23:00,8,3,5
7/9/14 0:00,5,3,2
7/9/14 1:00,3,1,2
7/9/14 2:00,6,4,2
7/9/14 3:00,3,1,2
7/9/14 4:00,5,1,4
7/9/14 5:00,37,5,32
7/9/14 6:00,87,8,79
7/9/14 7:00,172,20,152
7/9/14 8:00,151,16,135
7/9/14 9:00,53,9,44
7/9/14 10:00,46,9,37
7/9/14 11:00,35,9,26
7/9/14 12:00,44,21,23
7/9/14 13:00,38,16,22
7/9/14 14:00,39,27,12
7/9/14 15:00,48,35,13
7/9/14 16:00,117,86,31
7/9/14 17:00,199,165,34
7/9/14 18:00,155,131,24
7/9/14 19:00,73,51,22
7/9/14 20:00,51,36,15
7/9/14 21:00,41,25,16
7/9/14 22:00,18,8,10
7/9/14 23:00,16,12,4
7/10/14 0:00,14,9,5
7/10/14 1:00,1,1,0
7/10/14 2:00,6,4,2
7/10/14 3:00,3,2,1
7/10/14 4:00,2,1,1
7/10/14 5:00,27,3,24
7/10/14 6:00,97,13,84
7/10/14 7:00,156,23,133
7/10/14 8:00,144,13,131
7/10/14 9:00,54,6,48
7/10/14 10:00,42,15,27
7/10/14 11:00,34,12,22
7/10/14 12:00,34,17,17
7/10/14 13:00,33,12,21
7/10/14 14:00,42,29,13
7/10/14 15:00,46,33,13
7/10/14 16:00,93,71,22
7/10/14 17:00,182,147,35
7/10/14 18:00,134,113,21
7/10/14 19:00,61,45,16
7/10/14 20:00,54,36,18
7/10/14 21:00,39,30,9
7/10/14 22:00,12,10,2
7/10/14 23:00,6,3,3
7/11/14 0:00,3,2,1
7/11/14 1:00,5,5,0
7/11/14 2:00,1,1,0
7/11/14 3:00,3,0,3
7/11/14 4:00,8,3,5
7/11/14 5:00,29,5,24
7/11/14 6:00,80,14,66
7/11/14 7:00,134,14,120
7/11/14 8:00,105,8,97
7/11/14 9:00,71,14,57
7/11/14 10:00,36,11,25
7/11/14 11:00,32,11,21
7/11/14 12:00,35,17,18
7/11/14 13:00,52,17,35
7/11/14 14:00,48,25,23
7/11/14 15:00,72,52,20
7/11/14 16:00,109,82,27
7/11/14 17:00,144,128,16
7/11/14 18:00,102,82,20
7/11/14 19:00,54,36,18
7/11/14 20:00,28,16,12
7/11/14 21:00,16,6,10
7/11/14 22:00,22,10,12
7/11/14 23:00,8,6,2
7/12/14 0:00,3,2,1
7/12/14 1:00,5,2,3
7/12/14 2:00,2,1,1
7/12/14 3:00,4,1,3
7/12/14 4:00,11,1,10
7/12/14 5:00,16,1,15
7/12/14 6:00,19,5,14
7/12/14 7:00,32,16,16
7/12/14 8:00,50,33,17
7/12/14 9:00,71,20,51
7/12/14 10:00,59,33,26
7/12/14 11:00,71,40,31
7/12/14 12:00,59,31,28
7/12/14 13:00,60,29,31
7/12/14 14:00,70,33,37
7/12/14 15:00,58,35,23
7/12/14 16:00,58,35,23
7/12/14 17:00,53,26,27
7/12/14 18:00,36,25,11
7/12/14 19:00,49,24,25
7/12/14 20:00,27,13,14
7/12/14 21:00,26,16,10
7/12/14 22:00,10,4,6
7/12/14 23:00,24,8,16
7/13/14 0:00,13,3,10
7/13/14 1:00,11,7,4
7/13/14 2:00,5,3,2
7/13/14 3:00,1,0,1
7/13/14 4:00,3,2,1
7/13/14 5:00,1,1,0
7/13/14 6:00,18,5,13
7/13/14 7:00,28,9,19
7/13/14 8:00,52,28,24
7/13/14 9:00,63,27,36
7/13/14 10:00,77,32,45
7/13/14 11:00,52,33,19
7/13/14 12:00,66,29,37
7/13/14 13:00,36,17,19
7/13/14 14:00,38,23,15
7/13/14 15:00,60,26,34
7/13/14 16:00,46,23,23
7/13/14 17:00,46,21,25
7/13/14 18:00,33,13,20
7/13/14 19:00,37,20,17
7/13/14 20:00,14,5,9
7/13/14 21:00,9,5,4
7/13/14 22:00,18,15,3
7/13/14 23:00,9,5,4
7/14/14 0:00,3,1,2
7/14/14 1:00,2,1,1
7/14/14 2:00,1,0,1
7/14/14 3:00,1,1,0
7/14/14 4:00,6,1,5
7/14/14 5:00,22,6,16
7/14/14 6:00,77,7,70
7/14/14 7:00,161,15,146
7/14/14 8:00,140,14,126
7/14/14 9:00,65,9,56
7/14/14 10:00,41,18,23
7/14/14 11:00,31,12,19
7/14/14 12:00,29,12,17
7/14/14 13:00,29,10,19
7/14/14 14:00,37,22,15
7/14/14 15:00,35,20,15
7/14/14 16:00,109,82,27
7/14/14 17:00,209,177,32
7/14/14 18:00,133,119,14
7/14/14 19:00,63,45,18
7/14/14 20:00,35,20,15
7/14/14 21:00,21,12,9
7/14/14 22:00,9,4,5
7/14/14 23:00,9,6,3
7/15/14 0:00,3,3,0
7/15/14 1:00,2,2,0
7/15/14 2:00,2,2,0
7/15/14 3:00,3,0,3
7/15/14 4:00,4,2,2
7/15/14 5:00,38,7,31
7/15/14 6:00,88,13,75
7/15/14 7:00,154,14,140
7/15/14 8:00,155,15,140
7/15/14 9:00,59,9,50
7/15/14 10:00,30,10,20
7/15/14 11:00,41,20,21
7/15/14 12:00,28,14,14
7/15/14 13:00,31,15,16
7/15/14 14:00,30,16,14
7/15/14 15:00,42,32,10
7/15/14 16:00,101,79,22
7/15/14 17:00,203,174,29
7/15/14 18:00,161,130,31
7/15/14 19:00,73,51,22
7/15/14 20:00,46,32,14
7/15/14 21:00,25,15,10
7/15/14 22:00,15,11,4
7/15/14 23:00,9,7,2
7/16/14 0:00,1,1,0
7/16/14 1:00,2,1,1
7/16/14 2:00,0,0,0
7/16/14 3:00,0,0,0
7/16/14 4:00,7,1,6
7/16/14 5:00,24,4,20
7/16/14 6:00,82,15,67
7/16/14 7:00,186,20,166
7/16/14 8:00,151,8,143
7/16/14 9:00,68,7,61
7/16/14 10:00,34,14,20
7/16/14 11:00,32,16,16
7/16/14 12:00,45,23,22
7/16/14 13:00,27,15,12
7/16/14 14:00,39,23,16
7/16/14 15:00,50,37,13
7/16/14 16:00,108,84,24
7/16/14 17:00,210,177,33
7/16/14 18:00,132,114,18
7/16/14 19:00,90,71,19
7/16/14 20:00,51,32,19
7/16/14 21:00,27,17,10
7/16/14 22:00,23,13,10
7/16/14 23:00,15,5,10
7/17/14 0:00,2,2,0
7/17/14 1:00,4,2,2
7/17/14 2:00,4,2,2
7/17/14 3:00,3,1,2
7/17/14 4:00,10,2,8
7/17/14 5:00,22,3,19
7/17/14 6:00,90,12,78
7/17/14 7:00,146,16,130
7/17/14 8:00,138,15,123
7/17/14 9:00,57,4,53
7/17/14 10:00,25,6,19
7/17/14 11:00,21,10,11
7/17/14 12:00,30,12,18
7/17/14 13:00,41,20,21
7/17/14 14:00,24,19,5
7/17/14 15:00,47,33,14
7/17/14 16:00,101,74,27
7/17/14 17:00,178,149,29
7/17/14 18:00,144,105,39
7/17/14 19:00,72,54,18
7/17/14 20:00,62,40,22
7/17/14 21:00,24,11,13
7/17/14 22:00,17,10,7
7/17/14 23:00,5,2,3
7/18/14 0:00,6,3,3
7/18/14 1:00,8,5,3
7/18/14 2:00,1,0,1
7/18/14 3:00,2,0,2
7/18/14 4:00,6,1,5
7/18/14 5:00,24,6,18
7/18/14 6:00,67,9,58
7/18/14 7:00,132,14,118
7/18/14 8:00,113,11,102
7/18/14 9:00,54,14,40
7/18/14 10:00,42,15,27
7/18/14 11:00,43,14,29
7/18/14 12:00,48,25,23
7/18/14 13:00,30,16,14
7/18/14 14:00,52,29,23
7/18/14 15:00,63,45,18
7/18/14 16:00,102,77,25
7/18/14 17:00,143,117,26
7/18/14 18:00,78,64,14
7/18/14 19:00,45,36,9
7/18/14 20:00,33,20,13
7/18/14 21:00,19,11,8
7/18/14 22:00,7,5,2
7/18/14 23:00,3,2,1
7/19/14 0:00,12,5,7
7/19/14 1:00,1,1,0
7/19/14 2:00,1,0,1
7/19/14 3:00,2,1,1
7/19/14 4:00,2,2,0
7/19/14 5:00,7,2,5
7/19/14 6:00,9,3,6
7/19/14 7:00,18,4,14
7/19/14 8:00,25,12,13
7/19/14 9:00,44,21,23
7/19/14 10:00,40,17,23
7/19/14 11:00,48,21,27
7/19/14 12:00,42,17,25
7/19/14 13:00,52,25,27
7/19/14 14:00,62,34,28
7/19/14 15:00,57,34,23
7/19/14 16:00,51,28,23
7/19/14 17:00,51,26,25
7/19/14 18:00,41,16,25
7/19/14 19:00,23,15,8
7/19/14 20:00,27,20,7
7/19/14 21:00,9,2,7
7/19/14 22:00,7,4,3
7/19/14 23:00,2,2,0
7/20/14 0:00,2,2,0
7/20/14 1:00,4,3,1
7/20/14 2:00,2,2,0
7/20/14 3:00,0,0,0
7/20/14 4:00,2,1,1
7/20/14 5:00,6,0,6
7/20/14 6:00,14,3,11
7/20/14 7:00,4,1,3
7/20/14 8:00,36,18,18
7/20/14 9:00,26,10,16
7/20/14 10:00,35,17,18
7/20/14 11:00,55,30,25
7/20/14 12:00,58,28,30
7/20/14 13:00,53,31,22
7/20/14 14:00,64,23,41
7/20/14 15:00,70,34,36
7/20/14 16:00,47,23,24
7/20/14 17:00,36,19,17
7/20/14 18:00,24,19,5
7/20/14 19:00,21,14,7
7/20/14 20:00,15,9,6
7/20/14 21:00,6,3,3
7/20/14 22:00,4,2,2
7/20/14 23:00,1,1,0
7/21/14 0:00,5,1,4
7/21/14 1:00,1,1,0
7/21/14 2:00,2,2,0
7/21/14 3:00,1,0,1
7/21/14 4:00,5,1,4
7/21/14 5:00,33,4,29
7/21/14 6:00,81,9,72
7/21/14 7:00,144,13,131
7/21/14 8:00,145,11,134
7/21/14 9:00,64,8,56
7/21/14 10:00,26,7,19
7/21/14 11:00,30,15,15
7/21/14 12:00,27,13,14
7/21/14 13:00,48,21,27
7/21/14 14:00,38,25,13
7/21/14 15:00,57,39,18
7/21/14 16:00,107,79,28
7/21/14 17:00,200,157,43
7/21/14 18:00,181,155,26
7/21/14 19:00,68,47,21
7/21/14 20:00,79,54,25
7/21/14 21:00,20,10,10
7/21/14 22:00,17,13,4
7/21/14 23:00,10,5,5
7/22/14 0:00,5,4,1
7/22/14 1:00,4,2,2
7/22/14 2:00,3,2,1
7/22/14 3:00,4,1,3
7/22/14 4:00,7,3,4
7/22/14 5:00,38,5,33
7/22/14 6:00,92,6,86
7/22/14 7:00,161,19,142
7/22/14 8:00,154,14,140
7/22/14 9:00,68,8,60
7/22/14 10:00,24,3,21
7/22/14 11:00,24,7,17
7/22/14 12:00,28,13,15
7/22/14 13:00,33,15,18
7/22/14 14:00,36,23,13
7/22/14 15:00,59,41,18
7/22/14 16:00,99,80,19
7/22/14 17:00,205,168,37
7/22/14 18:00,151,128,23
7/22/14 19:00,64,54,10
7/22/14 20:00,25,18,7
7/22/14 21:00,16,7,9
7/22/14 22:00,17,11,6
7/22/14 23:00,8,8,0
7/23/14 0:00,3,3,0
7/23/14 1:00,1,1,0
7/23/14 2:00,1,0,1
7/23/14 3:00,3,1,2
7/23/14 4:00,5,2,3
7/23/14 5:00,22,3,19
7/23/14 6:00,69,7,62
7/23/14 7:00,74,9,65
7/23/14 8:00,75,7,68
7/23/14 9:00,36,1,35
7/23/14 10:00,8,2,6
7/23/14 11:00,6,0,6
7/23/14 12:00,10,5,5
7/23/14 13:00,13,5,8
7/23/14 14:00,11,10,1
7/23/14 15:00,16,14,2
7/23/14 16:00,41,34,7
7/23/14 17:00,90,72,18
7/23/14 18:00,63,58,5
7/23/14 19:00,42,32,10
7/23/14 20:00,20,8,12
7/23/14 21:00,2,2,0
7/23/14 22:00,4,4,0
7/23/14 23:00,3,2,1
7/24/14 0:00,1,0,1
7/24/14 1:00,0,0,0
7/24/14 2:00,5,3,2
7/24/14 3:00,1,0,1
7/24/14 4:00,4,0,4
7/24/14 5:00,24,3,21
7/24/14 6:00,58,7,51
7/24/14 7:00,111,15,96
7/24/14 8:00,104,10,94
7/24/14 9:00,36,3,33
7/24/14 10:00,24,1,23
7/24/14 11:00,17,6,11
7/24/14 12:00,23,6,17
7/24/14 13:00,34,20,14
7/24/14 14:00,26,15,11
7/24/14 15:00,40,31,9
7/24/14 16:00,76,57,19
7/24/14 17:00,150,126,24
7/24/14 18:00,90,74,16
7/24/14 19:00,38,27,11
7/24/14 20:00,23,15,8
7/24/14 21:00,12,7,5
7/24/14 22:00,15,11,4
7/24/14 23:00,6,2,4
7/25/14 0:00,6,0,6
7/25/14 1:00,6,3,3
7/25/14 2:00,12,1,11
7/25/14 3:00,2,0,2
7/25/14 4:00,7,0,7
7/25/14 5:00,31,6,25
7/25/14 6:00,63,7,56
7/25/14 7:00,107,17,90
7/25/14 8:00,115,15,100
7/25/14 9:00,74,14,60
7/25/14 10:00,65,12,53
7/25/14 11:00,31,8,23
7/25/14 12:00,32,19,13
7/25/14 13:00,41,23,18
7/25/14 14:00,60,45,15
7/25/14 15:00,59,42,17
7/25/14 16:00,108,85,23
7/25/14 17:00,162,128,34
7/25/14 18:00,108,86,22
7/25/14 19:00,58,41,17
7/25/14 20:00,39,19,20
7/25/14 21:00,8,4,4
7/25/14 22:00,9,7,2
7/25/14 23:00,16,11,5
7/26/14 0:00,6,6,0
7/26/14 1:00,6,4,2
7/26/14 2:00,1,0,1
7/26/14 3:00,2,2,0
7/26/14 4:00,1,0,1
7/26/14 5:00,4,0,4
7/26/14 6:00,19,8,11
7/26/14 7:00,29,11,18
7/26/14 8:00,52,18,34
7/26/14 9:00,55,34,21
7/26/14 10:00,60,25,35
7/26/14 11:00,83,37,46
7/26/14 12:00,96,52,44
7/26/14 13:00,69,37,32
7/26/14 14:00,85,41,44
7/26/14 15:00,105,71,34
7/26/14 16:00,75,39,36
7/26/14 17:00,59,30,29
7/26/14 18:00,60,34,26
7/26/14 19:00,45,20,25
7/26/14 20:00,27,13,14
7/26/14 21:00,16,6,10
7/26/14 22:00,11,4,7
7/26/14 23:00,14,6,8
7/27/14 0:00,7,3,4
7/27/14 1:00,6,4,2
7/27/14 2:00,4,1,3
7/27/14 3:00,1,1,0
7/27/14 4:00,3,2,1
7/27/14 5:00,7,0,7
7/27/14 6:00,5,0,5
7/27/14 7:00,14,3,11
7/27/14 8:00,21,12,9
7/27/14 9:00,65,31,34
7/27/14 10:00,72,24,48
7/27/14 11:00,80,39,41
7/27/14 12:00,83,38,45
7/27/14 13:00,92,59,33
7/27/14 14:00,83,50,33
7/27/14 15:00,84,40,44
7/27/14 16:00,75,44,31
7/27/14 17:00,80,37,43
7/27/14 18:00,63,35,28
7/27/14 19:00,38,17,21
7/27/14 20:00,31,18,13
7/27/14 21:00,25,7,18
7/27/14 22:00,12,7,5
7/27/14 23:00,10,2,8
7/28/14 0:00,5,4,1
7/28/14 1:00,2,2,0
7/28/14 2:00,2,1,1
7/28/14 3:00,4,2,2
7/28/14 4:00,4,1,3
7/28/14 5:00,26,5,21
7/28/14 6:00,78,13,65
7/28/14 7:00,176,19,157
7/28/14 8:00,146,14,132
7/28/14 9:00,70,7,63
7/28/14 10:00,42,12,30
7/28/14 11:00,27,15,12
7/28/14 12:00,43,18,25
7/28/14 13:00,30,14,16
7/28/14 14:00,51,33,18
7/28/14 15:00,57,30,27
7/28/14 16:00,107,79,28
7/28/14 17:00,200,170,30
7/28/14 18:00,161,129,32
7/28/14 19:00,91,67,24
7/28/14 20:00,34,20,14
7/28/14 21:00,37,28,9
7/28/14 22:00,16,9,7
7/28/14 23:00,7,6,1
7/29/14 0:00,1,1,0
7/29/14 1:00,5,4,1
7/29/14 2:00,3,2,1
7/29/14 3:00,2,1,1
7/29/14 4:00,7,3,4
7/29/14 5:00,38,7,31
7/29/14 6:00,92,8,84
7/29/14 7:00,176,24,152
7/29/14 8:00,173,22,151
7/29/14 9:00,78,9,69
7/29/14 10:00,39,12,27
7/29/14 11:00,37,16,21
7/29/14 12:00,38,22,16
7/29/14 13:00,52,24,28
7/29/14 14:00,42,25,17
7/29/14 15:00,49,31,18
7/29/14 16:00,114,83,31
7/29/14 17:00,247,207,40
7/29/14 18:00,159,133,26
7/29/14 19:00,76,59,17
7/29/14 20:00,57,38,19
7/29/14 21:00,16,8,8
7/29/14 22:00,12,8,4
7/29/14 23:00,9,6,3
7/30/14 0:00,6,5,1
7/30/14 1:00,3,2,1
7/30/14 2:00,4,3,1
7/30/14 3:00,4,1,3
7/30/14 4:00,6,2,4
7/30/14 5:00,35,11,24
7/30/14 6:00,87,10,77
7/30/14 7:00,175,21,154
7/30/14 8:00,169,20,149
7/30/14 9:00,72,11,61
7/30/14 10:00,46,13,33
7/30/14 11:00,35,13,22
7/30/14 12:00,35,15,20
7/30/14 13:00,43,20,23
7/30/14 14:00,51,27,24
7/30/14 15:00,53,35,18
7/30/14 16:00,119,90,29
7/30/14 17:00,212,181,31
7/30/14 18:00,146,119,27
7/30/14 19:00,73,57,16
7/30/14 20:00,62,41,21
7/30/14 21:00,28,12,16
7/30/14 22:00,19,14,5
7/30/14 23:00,9,6,3
7/31/14 0:00,5,2,3
7/31/14 1:00,2,1,1
7/31/14 2:00,4,2,2
7/31/14 3:00,3,2,1
7/31/14 4:00,5,2,3
7/31/14 5:00,32,6,26
7/31/14 6:00,36,13,23
7/31/14 7:00,160,14,146
7/31/14 8:00,152,19,133
7/31/14 9:00,70,9,61
7/31/14 10:00,35,16,19
7/31/14 11:00,30,7,23
7/31/14 12:00,45,15,30
7/31/14 13:00,26,13,13
7/31/14 14:00,43,23,20
7/31/14 15:00,55,33,22
7/31/14 16:00,91,70,21
7/31/14 17:00,186,164,22
7/31/14 18:00,130,112,18
7/31/14 19:00,88,55,33
7/31/14 20:00,49,33,16
7/31/14 21:00,14,8,6
7/31/14 22:00,18,14,4
7/31/14 23:00,10,6,4
8/1/14 0:00,5,1,4
8/1/14 1:00,3,1,2
8/1/14 2:00,7,3,4
8/1/14 3:00,2,2,0
8/1/14 4:00,3,0,3
8/1/14 5:00,26,4,22
8/1/14 6:00,69,7,62
8/1/14 7:00,142,17,125
8/1/14 8:00,132,15,117
8/1/14 9:00,60,6,54
8/1/14 10:00,39,16,23
8/1/14 11:00,26,10,16
8/1/14 12:00,41,12,29
8/1/14 13:00,38,23,15
8/1/14 14:00,38,25,13
8/1/14 15:00,65,49,16
8/1/14 16:00,123,87,36
8/1/14 17:00,178,136,42
8/1/14 18:00,179,158,21
8/1/14 19:00,59,40,19
8/1/14 20:00,30,25,5
8/1/14 21:00,21,14,7
8/1/14 22:00,16,9,7
8/1/14 23:00,15,8,7
8/2/14 0:00,17,15,2
8/2/14 1:00,9,9,0
8/2/14 2:00,11,7,4
8/2/14 3:00,7,3,4
8/2/14 4:00,4,3,1
8/2/14 5:00,4,1,3
8/2/14 6:00,15,1,14
8/2/14 7:00,14,4,10
8/2/14 8:00,43,19,24
8/2/14 9:00,37,16,21
8/2/14 10:00,66,35,31
8/2/14 11:00,68,44,24
8/2/14 12:00,77,22,55
8/2/14 13:00,67,26,41
8/2/14 14:00,66,27,39
8/2/14 15:00,72,35,37
8/2/14 16:00,72,43,29
8/2/14 17:00,49,24,25
8/2/14 18:00,55,29,26
8/2/14 19:00,20,11,9
8/2/14 20:00,23,4,19
8/2/14 21:00,5,3,2
8/2/14 22:00,6,3,3
8/2/14 23:00,11,7,4
8/3/14 0:00,7,4,3
8/3/14 1:00,6,5,1
8/3/14 2:00,1,1,0
8/3/14 3:00,2,2,0
8/3/14 4:00,1,0,1
8/3/14 5:00,3,0,3
8/3/14 6:00,10,2,8
8/3/14 7:00,11,4,7
8/3/14 8:00,29,7,22
8/3/14 9:00,36,16,20
8/3/14 10:00,64,31,33
8/3/14 11:00,94,38,56
8/3/14 12:00,92,44,48
8/3/14 13:00,96,49,47
8/3/14 14:00,54,29,25
8/3/14 15:00,98,55,43
8/3/14 16:00,79,48,31
8/3/14 17:00,65,42,23
8/3/14 18:00,53,26,27
8/3/14 19:00,38,15,23
8/3/14 20:00,16,9,7
8/3/14 21:00,9,3,6
8/3/14 22:00,5,3,2
8/3/14 23:00,3,1,2
8/4/14 0:00,1,0,1
8/4/14 1:00,2,1,1
8/4/14 2:00,2,1,1
8/4/14 3:00,3,1,2
8/4/14 4:00,3,2,1
8/4/14 5:00,24,5,19
8/4/14 6:00,84,11,73
8/4/14 7:00,152,13,139
8/4/14 8:00,134,9,125
8/4/14 9:00,73,13,60
8/4/14 10:00,26,8,18
8/4/14 11:00,27,17,10
8/4/14 12:00,23,11,12
8/4/14 13:00,32,16,16
8/4/14 14:00,18,6,12
8/4/14 15:00,58,45,13
8/4/14 16:00,91,69,22
8/4/14 17:00,210,166,44
8/4/14 18:00,131,108,23
8/4/14 19:00,70,54,16
8/4/14 20:00,39,25,14
8/4/14 21:00,25,16,9
8/4/14 22:00,11,9,2
8/4/14 23:00,7,5,2
8/5/14 0:00,3,3,0
8/5/14 1:00,2,1,1
8/5/14 2:00,0,0,0
8/5/14 3:00,1,0,1
8/5/14 4:00,3,2,1
8/5/14 5:00,30,5,25
8/5/14 6:00,87,12,75
8/5/14 7:00,172,21,151
8/5/14 8:00,141,13,128
8/5/14 9:00,71,7,64
8/5/14 10:00,33,5,28
8/5/14 11:00,29,15,14
8/5/14 12:00,29,14,15
8/5/14 13:00,33,14,19
8/5/14 14:00,36,18,18
8/5/14 15:00,49,33,16
8/5/14 16:00,114,91,23
8/5/14 17:00,204,172,32
8/5/14 18:00,138,111,27
8/5/14 19:00,69,52,17
8/5/14 20:00,46,28,18
8/5/14 21:00,18,14,4
8/5/14 22:00,10,7,3
8/5/14 23:00,11,10,1
8/6/14 0:00,2,1,1
8/6/14 1:00,3,2,1
8/6/14 2:00,0,0,0
8/6/14 3:00,1,0,1
8/6/14 4:00,2,1,1
8/6/14 5:00,24,4,20
8/6/14 6:00,74,8,66
8/6/14 7:00,155,14,141
8/6/14 8:00,154,18,136
8/6/14 9:00,75,10,65
8/6/14 10:00,27,8,19
8/6/14 11:00,43,10,33
8/6/14 12:00,31,11,20
8/6/14 13:00,50,32,18
8/6/14 14:00,38,24,14
8/6/14 15:00,56,36,20
8/6/14 16:00,122,93,29
8/6/14 17:00,190,159,31
8/6/14 18:00,147,122,25
8/6/14 19:00,85,61,24
8/6/14 20:00,63,42,21
8/6/14 21:00,16,10,6
8/6/14 22:00,11,6,5
8/6/14 23:00,8,7,1
8/7/14 0:00,3,3,0
8/7/14 1:00,2,1,1
8/7/14 2:00,0,0,0
8/7/14 3:00,4,2,2
8/7/14 4:00,3,0,3
8/7/14 5:00,29,4,25
8/7/14 6:00,75,6,69
8/7/14 7:00,167,20,147
8/7/14 8:00,116,10,106
8/7/14 9:00,82,11,71
8/7/14 10:00,42,10,32
8/7/14 11:00,17,8,9
8/7/14 12:00,30,12,18
8/7/14 13:00,34,17,17
8/7/14 14:00,45,30,15
8/7/14 15:00,56,43,13
8/7/14 16:00,100,64,36
8/7/14 17:00,196,170,26
8/7/14 18:00,145,112,33
8/7/14 19:00,63,42,21
8/7/14 20:00,51,33,18
8/7/14 21:00,20,15,5
8/7/14 22:00,14,10,4
8/7/14 23:00,8,4,4
8/8/14 0:00,5,3,2
8/8/14 1:00,2,2,0
8/8/14 2:00,5,3,2
8/8/14 3:00,2,1,1
8/8/14 4:00,4,2,2
8/8/14 5:00,30,6,24
8/8/14 6:00,59,7,52
8/8/14 7:00,132,21,111
8/8/14 8:00,116,12,104
8/8/14 9:00,56,9,47
8/8/14 10:00,33,13,20
8/8/14 11:00,28,13,15
8/8/14 12:00,35,13,22
8/8/14 13:00,39,19,20
8/8/14 14:00,56,26,30
8/8/14 15:00,59,48,11
8/8/14 16:00,107,76,31
8/8/14 17:00,148,119,29
8/8/14 18:00,84,62,22
8/8/14 19:00,54,41,13
8/8/14 20:00,28,20,8
8/8/14 21:00,15,11,4
8/8/14 22:00,10,7,3
8/8/14 23:00,8,5,3
8/9/14 0:00,5,4,1
8/9/14 1:00,0,0,0
8/9/14 2:00,0,0,0
8/9/14 3:00,2,2,0
8/9/14 4:00,2,0,2
8/9/14 5:00,3,0,3
8/9/14 6:00,10,2,8
8/9/14 7:00,22,6,16
8/9/14 8:00,38,18,20
8/9/14 9:00,49,26,23
8/9/14 10:00,62,37,25
8/9/14 11:00,64,31,33
8/9/14 12:00,82,37,45
8/9/14 13:00,89,40,49
8/9/14 14:00,49,23,26
8/9/14 15:00,61,29,32
8/9/14 16:00,63,31,32
8/9/14 17:00,54,26,28
8/9/14 18:00,40,21,19
8/9/14 19:00,36,22,14
8/9/14 20:00,19,11,8
8/9/14 21:00,22,12,10
8/9/14 22:00,9,5,4
8/9/14 23:00,7,3,4
8/10/14 0:00,6,4,2
8/10/14 1:00,6,4,2
8/10/14 2:00,2,2,0
8/10/14 3:00,1,0,1
8/10/14 4:00,2,2,0
8/10/14 5:00,3,0,3
8/10/14 6:00,13,8,5
8/10/14 7:00,22,4,18
8/10/14 8:00,24,10,14
8/10/14 9:00,43,20,23
8/10/14 10:00,80,36,44
8/10/14 11:00,121,37,84
8/10/14 12:00,111,39,72
8/10/14 13:00,102,42,60
8/10/14 14:00,58,33,25
8/10/14 15:00,93,51,42
8/10/14 16:00,58,27,31
8/10/14 17:00,72,35,37
8/10/14 18:00,35,16,19
8/10/14 19:00,33,12,21
8/10/14 20:00,19,11,8
8/10/14 21:00,17,10,7
8/10/14 22:00,13,9,4
8/10/14 23:00,6,6,0
8/11/14 0:00,0,0,0
8/11/14 1:00,3,2,1
8/11/14 2:00,1,0,1
8/11/14 3:00,3,1,2
8/11/14 4:00,1,0,1
8/11/14 5:00,31,6,25
8/11/14 6:00,72,18,54
8/11/14 7:00,160,18,142
8/11/14 8:00,139,13,126
8/11/14 9:00,49,8,41
8/11/14 10:00,30,7,23
8/11/14 11:00,23,11,12
8/11/14 12:00,33,17,16
8/11/14 13:00,20,6,14
8/11/14 14:00,32,16,16
8/11/14 15:00,54,40,14
8/11/14 16:00,90,65,25
8/11/14 17:00,177,151,26
8/11/14 18:00,131,109,22
8/11/14 19:00,52,41,11
8/11/14 20:00,33,24,9
8/11/14 21:00,17,14,3
8/11/14 22:00,12,6,6
8/11/14 23:00,2,2,0
8/12/14 0:00,2,2,0
8/12/14 1:00,1,0,1
8/12/14 2:00,2,2,0
8/12/14 3:00,2,0,2
8/12/14 4:00,1,0,1
8/12/14 5:00,35,2,33
8/12/14 6:00,69,9,60
8/12/14 7:00,138,17,121
8/12/14 8:00,114,11,103
8/12/14 9:00,45,6,39
8/12/14 10:00,12,3,9
8/12/14 11:00,11,1,10
8/12/14 12:00,22,12,10
8/12/14 13:00,22,7,15
8/12/14 14:00,35,22,13
8/12/14 15:00,40,28,12
8/12/14 16:00,83,72,11
8/12/14 17:00,156,128,28
8/12/14 18:00,105,91,14
8/12/14 19:00,38,27,11
8/12/14 20:00,27,17,10
8/12/14 21:00,8,5,3
8/12/14 22:00,7,6,1
8/12/14 23:00,3,2,1
8/13/14 0:00,1,1,0
8/13/14 1:00,3,3,0
8/13/14 2:00,1,0,1
8/13/14 3:00,0,0,0
8/13/14 4:00,2,1,1
8/13/14 5:00,15,4,11
8/13/14 6:00,38,5,33
8/13/14 7:00,90,15,75
8/13/14 8:00,97,11,86
8/13/14 9:00,45,8,37
8/13/14 10:00,12,1,11
8/13/14 11:00,15,7,8
8/13/14 12:00,16,7,9
8/13/14 13:00,19,7,12
8/13/14 14:00,18,8,10
8/13/14 15:00,35,23,12
8/13/14 16:00,56,39,17
8/13/14 17:00,115,98,17
8/13/14 18:00,98,82,16
8/13/14 19:00,39,31,8
8/13/14 20:00,27,17,10
8/13/14 21:00,12,9,3
8/13/14 22:00,11,8,3
8/13/14 23:00,5,4,1
8/14/14 0:00,6,4,2
8/14/14 1:00,4,3,1
8/14/14 2:00,1,0,1
8/14/14 3:00,2,0,2
8/14/14 4:00,2,0,2
8/14/14 5:00,26,5,21
8/14/14 6:00,65,8,57
8/14/14 7:00,141,24,117
8/14/14 8:00,122,15,107
8/14/14 9:00,58,9,49
8/14/14 10:00,27,8,19
8/14/14 11:00,21,8,13
8/14/14 12:00,29,11,18
8/14/14 13:00,28,15,13
8/14/14 14:00,24,14,10
8/14/14 15:00,34,21,13
8/14/14 16:00,86,69,17
8/14/14 17:00,141,123,18
8/14/14 18:00,112,97,15
8/14/14 19:00,51,39,12
8/14/14 20:00,33,18,15
8/14/14 21:00,7,7,0
8/14/14 22:00,12,7,5
8/14/14 23:00,11,4,7
8/15/14 0:00,4,4,0
8/15/14 1:00,2,1,1
8/15/14 2:00,2,0,2
8/15/14 3:00,2,0,2
8/15/14 4:00,4,2,2
8/15/14 5:00,25,5,20
8/15/14 6:00,49,7,42
8/15/14 7:00,86,14,72
8/15/14 8:00,80,8,72
8/15/14 9:00,51,8,43
8/15/14 10:00,21,4,17
8/15/14 11:00,18,10,8
8/15/14 12:00,15,6,9
8/15/14 13:00,25,8,17
8/15/14 14:00,35,22,13
8/15/14 15:00,45,23,22
8/15/14 16:00,80,62,18
8/15/14 17:00,107,82,25
8/15/14 18:00,68,51,17
8/15/14 19:00,42,32,10
8/15/14 20:00,17,12,5
8/15/14 21:00,15,13,2
8/15/14 22:00,12,9,3
8/15/14 23:00,12,11,1
8/16/14 0:00,4,1,3
8/16/14 1:00,4,4,0
8/16/14 2:00,2,1,1
8/16/14 3:00,0,0,0
8/16/14 4:00,0,0,0
8/16/14 5:00,5,0,5
8/16/14 6:00,11,3,8
8/16/14 7:00,16,6,10
8/16/14 8:00,19,8,11
8/16/14 9:00,53,25,28
8/16/14 10:00,44,23,21
8/16/14 11:00,68,30,38
8/16/14 12:00,52,25,27
8/16/14 13:00,77,37,40
8/16/14 14:00,66,32,34
8/16/14 15:00,54,39,15
8/16/14 16:00,53,27,26
8/16/14 17:00,59,33,26
8/16/14 18:00,30,21,9
8/16/14 19:00,31,20,11
8/16/14 20:00,31,7,24
8/16/14 21:00,10,6,4
8/16/14 22:00,2,1,1
8/16/14 23:00,12,4,8
8/17/14 0:00,7,5,2
8/17/14 1:00,8,5,3
8/17/14 2:00,3,3,0
8/17/14 3:00,2,1,1
8/17/14 4:00,2,2,0
8/17/14 5:00,4,0,4
8/17/14 6:00,7,1,6
8/17/14 7:00,17,5,12
8/17/14 8:00,21,2,19
8/17/14 9:00,39,19,20
8/17/14 10:00,31,18,13
8/17/14 11:00,49,20,29
8/17/14 12:00,61,37,24
8/17/14 13:00,61,30,31
8/17/14 14:00,74,31,43
8/17/14 15:00,66,31,35
8/17/14 16:00,47,26,21
8/17/14 17:00,72,36,36
8/17/14 18:00,48,19,29
8/17/14 19:00,28,15,13
8/17/14 20:00,25,10,15
8/17/14 21:00,8,8,0
8/17/14 22:00,12,9,3
8/17/14 23:00,3,2,1
8/18/14 0:00,3,2,1
8/18/14 1:00,2,2,0
8/18/14 2:00,1,0,1
8/18/14 3:00,4,3,1
8/18/14 4:00,2,0,2
8/18/14 5:00,33,6,27
8/18/14 6:00,73,8,65
8/18/14 7:00,148,22,126
8/18/14 8:00,142,16,126
8/18/14 9:00,66,11,55
8/18/14 10:00,36,11,25
8/18/14 11:00,26,11,15
8/18/14 12:00,43,24,19
8/18/14 13:00,35,18,17
8/18/14 14:00,44,23,21
8/18/14 15:00,42,30,12
8/18/14 16:00,104,80,24
8/18/14 17:00,194,172,22
8/18/14 18:00,150,130,20
8/18/14 19:00,95,59,36
8/18/14 20:00,33,18,15
8/18/14 21:00,11,7,4
8/18/14 22:00,7,6,1
8/18/14 23:00,5,3,2
8/19/14 0:00,6,6,0
8/19/14 1:00,2,2,0
8/19/14 2:00,5,3,2
8/19/14 3:00,1,0,1
8/19/14 4:00,3,2,1
8/19/14 5:00,23,4,19
8/19/14 6:00,86,10,76
8/19/14 7:00,197,18,179
8/19/14 8:00,166,19,147
8/19/14 9:00,58,9,49
8/19/14 10:00,26,4,22
8/19/14 11:00,26,7,19
8/19/14 12:00,26,15,11
8/19/14 13:00,37,15,22
8/19/14 14:00,33,20,13
8/19/14 15:00,66,44,22
8/19/14 16:00,114,86,28
8/19/14 17:00,198,161,37
8/19/14 18:00,144,123,21
8/19/14 19:00,64,45,19
8/19/14 20:00,41,25,16
8/19/14 21:00,17,11,6
8/19/14 22:00,6,5,1
8/19/14 23:00,4,4,0
8/20/14 0:00,8,7,1
8/20/14 1:00,1,1,0
8/20/14 2:00,3,2,1
8/20/14 3:00,4,2,2
8/20/14 4:00,7,1,6
8/20/14 5:00,27,5,22
8/20/14 6:00,76,4,72
8/20/14 7:00,127,16,111
8/20/14 8:00,168,16,152
8/20/14 9:00,73,13,60
8/20/14 10:00,25,5,20
8/20/14 11:00,32,12,20
8/20/14 12:00,28,15,13
8/20/14 13:00,32,12,20
8/20/14 14:00,24,16,8
8/20/14 15:00,48,34,14
8/20/14 16:00,100,81,19
8/20/14 17:00,177,153,24
8/20/14 18:00,132,113,19
8/20/14 19:00,54,40,14
8/20/14 20:00,38,23,15
8/20/14 21:00,21,19,2
8/20/14 22:00,11,5,6
8/20/14 23:00,6,5,1
8/21/14 0:00,7,4,3
8/21/14 1:00,4,3,1
8/21/14 2:00,3,1,2
8/21/14 3:00,0,0,0
8/21/14 4:00,3,1,2
8/21/14 5:00,28,5,23
8/21/14 6:00,66,10,56
8/21/14 7:00,143,14,129
8/21/14 8:00,133,19,114
8/21/14 9:00,52,5,47
8/21/14 10:00,20,4,16
8/21/14 11:00,21,7,14
8/21/14 12:00,31,17,14
8/21/14 13:00,34,17,17
8/21/14 14:00,19,10,9
8/21/14 15:00,44,28,16
8/21/14 16:00,100,69,31
8/21/14 17:00,147,132,15
8/21/14 18:00,136,107,29
8/21/14 19:00,118,106,12
8/21/14 20:00,32,17,15
8/21/14 21:00,24,9,15
8/21/14 22:00,17,3,14
8/21/14 23:00,16,5,11
8/22/14 0:00,15,8,7
8/22/14 1:00,21,1,20
8/22/14 2:00,1,0,1
8/22/14 3:00,0,0,0
8/22/14 4:00,7,3,4
8/22/14 5:00,20,6,14
8/22/14 6:00,54,9,45
8/22/14 7:00,124,23,101
8/22/14 8:00,108,9,99
8/22/14 9:00,58,11,47
8/22/14 10:00,30,8,22
8/22/14 11:00,39,18,21
8/22/14 12:00,38,13,25
8/22/14 13:00,27,15,12
8/22/14 14:00,47,28,19
8/22/14 15:00,69,48,21
8/22/14 16:00,123,87,36
8/22/14 17:00,141,103,38
8/22/14 18:00,79,61,18
8/22/14 19:00,35,26,9
8/22/14 20:00,25,14,11
8/22/14 21:00,12,8,4
8/22/14 22:00,17,15,2
8/22/14 23:00,12,7,5
8/23/14 0:00,10,6,4
8/23/14 1:00,5,4,1
8/23/14 2:00,4,3,1
8/23/14 3:00,2,1,1
8/23/14 4:00,2,1,1
8/23/14 5:00,3,0,3
8/23/14 6:00,19,4,15
8/23/14 7:00,23,11,12
8/23/14 8:00,50,23,27
8/23/14 9:00,46,19,27
8/23/14 10:00,77,33,44
8/23/14 11:00,135,93,42
8/23/14 12:00,138,40,98
8/23/14 13:00,70,37,33
8/23/14 14:00,82,46,36
8/23/14 15:00,91,41,50
8/23/14 16:00,60,30,30
8/23/14 17:00,66,37,29
8/23/14 18:00,66,39,27
8/23/14 19:00,36,18,18
8/23/14 20:00,28,14,14
8/23/14 21:00,16,9,7
8/23/14 22:00,9,3,6
8/23/14 23:00,11,7,4
8/24/14 0:00,4,2,2
8/24/14 1:00,4,4,0
8/24/14 2:00,1,1,0
8/24/14 3:00,6,3,3
8/24/14 4:00,2,1,1
8/24/14 5:00,2,0,2
8/24/14 6:00,6,3,3
8/24/14 7:00,26,10,16
8/24/14 8:00,27,9,18
8/24/14 9:00,65,40,25
8/24/14 10:00,58,21,37
8/24/14 11:00,64,36,28
8/24/14 12:00,62,26,36
8/24/14 13:00,78,39,39
8/24/14 14:00,67,35,32
8/24/14 15:00,67,31,36
8/24/14 16:00,78,51,27
8/24/14 17:00,63,30,33
8/24/14 18:00,50,27,23
8/24/14 19:00,35,19,16
8/24/14 20:00,28,10,18
8/24/14 21:00,11,5,6
8/24/14 22:00,6,4,2
8/24/14 23:00,5,3,2
8/25/14 0:00,2,1,1
8/25/14 1:00,2,1,1
8/25/14 2:00,4,2,2
8/25/14 3:00,0,0,0
8/25/14 4:00,5,4,1
8/25/14 5:00,31,4,27
8/25/14 6:00,76,9,67
8/25/14 7:00,193,20,173
8/25/14 8:00,177,20,157
8/25/14 9:00,87,10,77
8/25/14 10:00,50,13,37
8/25/14 11:00,25,12,13
8/25/14 12:00,30,13,17
8/25/14 13:00,32,15,17
8/25/14 14:00,44,27,17
8/25/14 15:00,53,36,17
8/25/14 16:00,119,91,28
8/25/14 17:00,244,206,38
8/25/14 18:00,183,157,26
8/25/14 19:00,72,53,19
8/25/14 20:00,31,19,12
8/25/14 21:00,19,13,6
8/25/14 22:00,17,15,2
8/25/14 23:00,10,7,3
8/26/14 0:00,4,4,0
8/26/14 1:00,3,1,2
8/26/14 2:00,2,1,1
8/26/14 3:00,0,0,0
8/26/14 4:00,6,2,4
8/26/14 5:00,34,9,25
8/26/14 6:00,92,16,76
8/26/14 7:00,194,16,178
8/26/14 8:00,168,24,144
8/26/14 9:00,80,13,67
8/26/14 10:00,34,13,21
8/26/14 11:00,35,11,24
8/26/14 12:00,30,12,18
8/26/14 13:00,27,17,10
8/26/14 14:00,28,15,13
8/26/14 15:00,75,53,22
8/26/14 16:00,112,81,31
8/26/14 17:00,242,201,41
8/26/14 18:00,167,140,27
8/26/14 19:00,59,49,10
8/26/14 20:00,35,24,11
8/26/14 21:00,8,5,3
8/26/14 22:00,13,11,2
8/26/14 23:00,11,11,0
8/27/14 0:00,5,4,1
8/27/14 1:00,2,2,0
8/27/14 2:00,4,1,3
8/27/14 3:00,0,0,0
8/27/14 4:00,10,4,6
8/27/14 5:00,24,5,19
8/27/14 6:00,80,10,70
8/27/14 7:00,143,18,125
8/27/14 8:00,173,18,155
8/27/14 9:00,68,8,60
8/27/14 10:00,39,13,26
8/27/14 11:00,27,5,22
8/27/14 12:00,51,34,17
8/27/14 13:00,36,20,16
8/27/14 14:00,39,21,18
8/27/14 15:00,63,39,24
8/27/14 16:00,106,80,26
8/27/14 17:00,199,167,32
8/27/14 18:00,138,122,16
8/27/14 19:00,93,74,19
8/27/14 20:00,43,25,18
8/27/14 21:00,29,20,9
8/27/14 22:00,9,4,5
8/27/14 23:00,11,6,5
8/28/14 0:00,5,2,3
8/28/14 1:00,1,0,1
8/28/14 2:00,4,3,1
8/28/14 3:00,0,0,0
8/28/14 4:00,4,0,4
8/28/14 5:00,27,9,18
8/28/14 6:00,67,12,55
8/28/14 7:00,142,17,125
8/28/14 8:00,132,13,119
8/28/14 9:00,59,7,52
8/28/14 10:00,28,6,22
8/28/14 11:00,22,6,16
8/28/14 12:00,28,10,18
8/28/14 13:00,19,7,12
8/28/14 14:00,32,16,16
8/28/14 15:00,39,25,14
8/28/14 16:00,96,70,26
8/28/14 17:00,179,141,38
8/28/14 18:00,110,94,16
8/28/14 19:00,68,55,13
8/28/14 20:00,37,27,10
8/28/14 21:00,16,12,4
8/28/14 22:00,6,4,2
8/28/14 23:00,14,11,3
8/29/14 0:00,2,2,0
8/29/14 1:00,1,1,0
8/29/14 2:00,1,0,1
8/29/14 3:00,0,0,0
8/29/14 4:00,2,0,2
8/29/14 5:00,17,2,15
8/29/14 6:00,47,3,44
8/29/14 7:00,114,13,101
8/29/14 8:00,92,7,85
8/29/14 9:00,54,12,42
8/29/14 10:00,33,7,26
8/29/14 11:00,22,9,13
8/29/14 12:00,22,12,10
8/29/14 13:00,21,12,9
8/29/14 14:00,30,18,12
8/29/14 15:00,40,26,14
8/29/14 16:00,82,67,15
8/29/14 17:00,117,98,19
8/29/14 18:00,83,68,15
8/29/14 19:00,40,32,8
8/29/14 20:00,22,18,4
8/29/14 21:00,11,8,3
8/29/14 22:00,7,4,3
8/29/14 23:00,6,5,1
8/30/14 0:00,5,4,1
8/30/14 1:00,4,2,2
8/30/14 2:00,0,0,0
8/30/14 3:00,1,1,0
8/30/14 4:00,1,1,0
8/30/14 5:00,4,1,3
8/30/14 6:00,4,2,2
8/30/14 7:00,5,1,4
8/30/14 8:00,23,6,17
8/30/14 9:00,17,6,11
8/30/14 10:00,14,6,8
8/30/14 11:00,17,11,6
8/30/14 12:00,16,9,7
8/30/14 13:00,15,9,6
8/30/14 14:00,14,5,9
8/30/14 15:00,19,9,10
8/30/14 16:00,14,9,5
8/30/14 17:00,10,4,6
8/30/14 18:00,16,8,8
8/30/14 19:00,5,2,3
8/30/14 20:00,5,2,3
8/30/14 21:00,4,4,0
8/30/14 22:00,3,2,1
8/30/14 23:00,9,7,2
8/31/14 0:00,0,0,0
8/31/14 1:00,5,4,1
8/31/14 2:00,1,1,0
8/31/14 3:00,1,0,1
8/31/14 4:00,2,2,0
8/31/14 5:00,0,0,0
8/31/14 6:00,3,0,3
8/31/14 7:00,4,3,1
8/31/14 8:00,6,1,5
8/31/14 9:00,25,13,12
8/31/14 10:00,48,22,26
8/31/14 11:00,47,17,30
8/31/14 12:00,31,17,14
8/31/14 13:00,49,10,39
8/31/14 14:00,39,20,19
8/31/14 15:00,62,32,30
8/31/14 16:00,50,32,18
8/31/14 17:00,38,18,20
8/31/14 18:00,26,15,11
8/31/14 19:00,14,8,6
8/31/14 20:00,11,7,4
8/31/14 21:00,6,2,4
8/31/14 22:00,5,4,1
8/31/14 23:00,5,2,3
9/1/14 0:00,0,0,0
9/1/14 1:00,1,1,0
9/1/14 2:00,0,0,0
9/1/14 3:00,3,0,3
9/1/14 4:00,1,1,0
9/1/14 5:00,3,2,1
9/1/14 6:00,8,3,5
9/1/14 7:00,12,1,11
9/1/14 8:00,26,9,17
9/1/14 9:00,87,79,8
9/1/14 10:00,33,11,22
9/1/14 11:00,62,33,29
9/1/14 12:00,75,36,39
9/1/14 13:00,70,28,42
9/1/14 14:00,86,50,36
9/1/14 15:00,94,45,49
9/1/14 16:00,81,48,33
9/1/14 17:00,59,31,28
9/1/14 18:00,37,21,16
9/1/14 19:00,17,7,10
9/1/14 20:00,15,8,7
9/1/14 21:00,8,2,6
9/1/14 22:00,2,1,1
9/1/14 23:00,3,1,2
9/2/14 0:00,5,3,2
9/2/14 1:00,2,2,0
9/2/14 2:00,5,2,3
9/2/14 3:00,2,1,1
9/2/14 4:00,3,1,2
9/2/14 5:00,16,2,14
9/2/14 6:00,52,6,46
9/2/14 7:00,135,14,121
9/2/14 8:00,126,12,114
9/2/14 9:00,57,7,50
9/2/14 10:00,20,3,17
9/2/14 11:00,29,19,10
9/2/14 12:00,26,6,20
9/2/14 13:00,20,11,9
9/2/14 14:00,25,16,9
9/2/14 15:00,29,23,6
9/2/14 16:00,66,53,13
9/2/14 17:00,147,127,20
9/2/14 18:00,110,97,13
9/2/14 19:00,37,29,8
9/2/14 20:00,11,8,3
9/2/14 21:00,6,4,2
9/2/14 22:00,4,2,2
9/2/14 23:00,2,1,1
9/3/14 0:00,1,1,0
9/3/14 1:00,2,1,1
9/3/14 2:00,0,0,0
9/3/14 3:00,4,1,3
9/3/14 4:00,5,2,3
9/3/14 5:00,20,3,17
9/3/14 6:00,69,13,56
9/3/14 7:00,122,20,102
9/3/14 8:00,123,12,111
9/3/14 9:00,62,11,51
9/3/14 10:00,34,5,29
9/3/14 11:00,20,8,12
9/3/14 12:00,23,11,12
9/3/14 13:00,31,13,18
9/3/14 14:00,34,23,11
9/3/14 15:00,40,27,13
9/3/14 16:00,99,79,20
9/3/14 17:00,166,139,27
9/3/14 18:00,139,124,15
9/3/14 19:00,53,38,15
9/3/14 20:00,35,25,10
9/3/14 21:00,8,6,2
9/3/14 22:00,7,5,2
9/3/14 23:00,10,9,1
9/4/14 0:00,6,4,2
9/4/14 1:00,3,2,1
9/4/14 2:00,1,1,0
9/4/14 3:00,3,1,2
9/4/14 4:00,7,0,7
9/4/14 5:00,33,6,27
9/4/14 6:00,84,14,70
9/4/14 7:00,177,15,162
9/4/14 8:00,163,19,144
9/4/14 9:00,70,5,65
9/4/14 10:00,44,17,27
9/4/14 11:00,40,15,25
9/4/14 12:00,45,23,22
9/4/14 13:00,35,11,24
9/4/14 14:00,45,25,20
9/4/14 15:00,62,41,21
9/4/14 16:00,159,124,35
9/4/14 17:00,237,206,31
9/4/14 18:00,100,87,13
9/4/14 19:00,40,35,5
9/4/14 20:00,17,13,4
9/4/14 21:00,34,20,14
9/4/14 22:00,8,8,0
9/4/14 23:00,9,7,2
9/5/14 0:00,5,5,0
9/5/14 1:00,2,2,0
9/5/14 2:00,2,1,1
9/5/14 3:00,5,2,3
9/5/14 4:00,3,0,3
9/5/14 5:00,19,1,18
9/5/14 6:00,51,5,46
9/5/14 7:00,122,10,112
9/5/14 8:00,138,8,130
9/5/14 9:00,56,16,40
9/5/14 10:00,42,12,30
9/5/14 11:00,23,9,14
9/5/14 12:00,32,19,13
9/5/14 13:00,41,21,20
9/5/14 14:00,40,26,14
9/5/14 15:00,62,37,25
9/5/14 16:00,110,78,32
9/5/14 17:00,127,106,21
9/5/14 18:00,122,97,25
9/5/14 19:00,44,34,10
9/5/14 20:00,23,18,5
9/5/14 21:00,15,8,7
9/5/14 22:00,8,3,5
9/5/14 23:00,8,3,5
9/6/14 0:00,2,2,0
9/6/14 1:00,9,5,4
9/6/14 2:00,3,3,0
9/6/14 3:00,1,1,0
9/6/14 4:00,1,0,1
9/6/14 5:00,4,0,4
9/6/14 6:00,10,3,7
9/6/14 7:00,14,6,8
9/6/14 8:00,36,13,23
9/6/14 9:00,37,13,24
9/6/14 10:00,54,24,30
9/6/14 11:00,58,25,33
9/6/14 12:00,60,33,27
9/6/14 13:00,85,43,42
9/6/14 14:00,73,42,31
9/6/14 15:00,63,34,29
9/6/14 16:00,59,36,23
9/6/14 17:00,41,22,19
9/6/14 18:00,41,27,14
9/6/14 19:00,26,13,13
9/6/14 20:00,18,11,7
9/6/14 21:00,15,6,9
9/6/14 22:00,6,2,4
9/6/14 23:00,8,7,1
9/7/14 0:00,2,1,1
9/7/14 1:00,2,0,2
9/7/14 2:00,4,2,2
9/7/14 3:00,8,6,2
9/7/14 4:00,1,0,1
9/7/14 5:00,6,3,3
9/7/14 6:00,3,1,2
9/7/14 7:00,9,4,5
9/7/14 8:00,21,5,16
9/7/14 9:00,39,13,26
9/7/14 10:00,46,16,30
9/7/14 11:00,58,31,27
9/7/14 12:00,73,40,33
9/7/14 13:00,53,27,26
9/7/14 14:00,66,34,32
9/7/14 15:00,63,35,28
9/7/14 16:00,51,32,19
9/7/14 17:00,46,22,24
9/7/14 18:00,36,19,17
9/7/14 19:00,17,6,11
9/7/14 20:00,12,8,4
9/7/14 21:00,10,4,6
9/7/14 22:00,10,5,5
9/7/14 23:00,7,5,2
9/8/14 0:00,0,0,0
9/8/14 1:00,2,1,1
9/8/14 2:00,5,3,2
9/8/14 3:00,3,1,2
9/8/14 4:00,7,2,5
9/8/14 5:00,25,6,19
9/8/14 6:00,63,7,56
9/8/14 7:00,132,15,117
9/8/14 8:00,117,13,104
9/8/14 9:00,78,4,74
9/8/14 10:00,32,9,23
9/8/14 11:00,19,9,10
9/8/14 12:00,20,10,10
9/8/14 13:00,23,14,9
9/8/14 14:00,22,9,13
9/8/14 15:00,37,26,11
9/8/14 16:00,90,69,21
9/8/14 17:00,187,156,31
9/8/14 18:00,118,104,14
9/8/14 19:00,36,28,8
9/8/14 20:00,12,9,3
9/8/14 21:00,5,2,3
9/8/14 22:00,5,4,1
9/8/14 23:00,8,7,1
9/9/14 0:00,3,2,1
9/9/14 1:00,2,2,0
9/9/14 2:00,2,2,0
9/9/14 3:00,1,1,0
9/9/14 4:00,2,1,1
9/9/14 5:00,24,3,21
9/9/14 6:00,57,11,46
9/9/14 7:00,131,18,113
9/9/14 8:00,116,13,103
9/9/14 9:00,49,0,49
9/9/14 10:00,21,7,14
9/9/14 11:00,22,9,13
9/9/14 12:00,28,13,15
9/9/14 13:00,21,9,12
9/9/14 14:00,27,12,15
9/9/14 15:00,36,25,11
9/9/14 16:00,76,51,25
9/9/14 17:00,178,153,25
9/9/14 18:00,123,103,20
9/9/14 19:00,65,52,13
9/9/14 20:00,23,15,8
9/9/14 21:00,8,5,3
9/9/14 22:00,15,10,5
9/9/14 23:00,2,2,0
9/10/14 0:00,7,4,3
9/10/14 1:00,1,0,1
9/10/14 2:00,5,4,1
9/10/14 3:00,2,0,2
9/10/14 4:00,7,3,4
9/10/14 5:00,20,5,15
9/10/14 6:00,63,8,55
9/10/14 7:00,123,13,110
9/10/14 8:00,123,12,111
9/10/14 9:00,54,7,47
9/10/14 10:00,30,6,24
9/10/14 11:00,19,6,13
9/10/14 12:00,13,4,9
9/10/14 13:00,25,17,8
9/10/14 14:00,25,12,13
9/10/14 15:00,46,31,15
9/10/14 16:00,90,58,32
9/10/14 17:00,155,129,26
9/10/14 18:00,126,99,27
9/10/14 19:00,42,32,10
9/10/14 20:00,24,17,7
9/10/14 21:00,9,7,2
9/10/14 22:00,10,2,8
9/10/14 23:00,9,9,0
9/11/14 0:00,8,8,0
9/11/14 1:00,6,4,2
9/11/14 2:00,2,0,2
9/11/14 3:00,4,1,3
9/11/14 4:00,3,1,2
9/11/14 5:00,21,5,16
9/11/14 6:00,60,14,46
9/11/14 7:00,141,14,127
9/11/14 8:00,129,7,122
9/11/14 9:00,63,3,60
9/11/14 10:00,23,8,15
9/11/14 11:00,18,2,16
9/11/14 12:00,26,14,12
9/11/14 13:00,35,21,14
9/11/14 14:00,25,20,5
9/11/14 15:00,50,34,16
9/11/14 16:00,81,64,17
9/11/14 17:00,177,151,26
9/11/14 18:00,122,108,14
9/11/14 19:00,48,40,8
9/11/14 20:00,25,13,12
9/11/14 21:00,18,8,10
9/11/14 22:00,6,2,4
9/11/14 23:00,4,4,0
9/12/14 0:00,9,6,3
9/12/14 1:00,3,1,2
9/12/14 2:00,5,2,3
9/12/14 3:00,2,1,1
9/12/14 4:00,1,0,1
9/12/14 5:00,19,8,11
9/12/14 6:00,51,8,43
9/12/14 7:00,121,11,110
9/12/14 8:00,118,10,108
9/12/14 9:00,51,9,42
9/12/14 10:00,37,11,26
9/12/14 11:00,20,5,15
9/12/14 12:00,25,12,13
9/12/14 13:00,31,17,14
9/12/14 14:00,31,16,15
9/12/14 15:00,50,28,22
9/12/14 16:00,86,65,21
9/12/14 17:00,146,122,24
9/12/14 18:00,96,71,25
9/12/14 19:00,42,27,15
9/12/14 20:00,12,6,6
9/12/14 21:00,13,10,3
9/12/14 22:00,20,16,4
9/12/14 23:00,5,5,0
9/13/14 0:00,11,9,2
9/13/14 1:00,5,4,1
9/13/14 2:00,3,3,0
9/13/14 3:00,5,4,1
9/13/14 4:00,1,1,0
9/13/14 5:00,2,1,1
9/13/14 6:00,16,6,10
9/13/14 7:00,15,7,8
9/13/14 8:00,14,5,9
9/13/14 9:00,36,15,21
9/13/14 10:00,42,22,20
9/13/14 11:00,41,22,19
9/13/14 12:00,55,28,27
9/13/14 13:00,77,37,40
9/13/14 14:00,47,22,25
9/13/14 15:00,64,33,31
9/13/14 16:00,52,22,30
9/13/14 17:00,52,23,29
9/13/14 18:00,44,30,14
9/13/14 19:00,29,15,14
9/13/14 20:00,16,8,8
9/13/14 21:00,15,8,7
9/13/14 22:00,24,16,8
9/13/14 23:00,5,3,2
9/14/14 0:00,5,2,3
9/14/14 1:00,1,1,0
9/14/14 2:00,3,2,1
9/14/14 3:00,4,3,1
9/14/14 4:00,0,0,0
9/14/14 5:00,1,0,1
9/14/14 6:00,3,2,1
9/14/14 7:00,13,4,9
9/14/14 8:00,29,9,20
9/14/14 9:00,49,22,27
9/14/14 10:00,49,25,24
9/14/14 11:00,46,17,29
9/14/14 12:00,61,44,17
9/14/14 13:00,69,45,24
9/14/14 14:00,60,29,31
9/14/14 15:00,73,30,43
9/14/14 16:00,61,31,30
9/14/14 17:00,50,27,23
9/14/14 18:00,31,11,20
9/14/14 19:00,33,17,16
9/14/14 20:00,14,8,6
9/14/14 21:00,9,5,4
9/14/14 22:00,9,6,3
9/14/14 23:00,2,2,0
9/15/14 0:00,1,1,0
9/15/14 1:00,3,0,3
9/15/14 2:00,1,1,0
9/15/14 3:00,3,2,1
9/15/14 4:00,4,2,2
9/15/14 5:00,23,6,17
9/15/14 6:00,57,12,45
9/15/14 7:00,149,14,135
9/15/14 8:00,152,19,133
9/15/14 9:00,50,4,46
9/15/14 10:00,19,5,14
9/15/14 11:00,28,14,14
9/15/14 12:00,29,13,16
9/15/14 13:00,29,12,17
9/15/14 14:00,38,22,16
9/15/14 15:00,45,27,18
9/15/14 16:00,83,59,24
9/15/14 17:00,202,170,32
9/15/14 18:00,144,126,18
9/15/14 19:00,49,35,14
9/15/14 20:00,21,14,7
9/15/14 21:00,16,8,8
9/15/14 22:00,10,4,6
9/15/14 23:00,15,12,3
9/16/14 0:00,2,2,0
9/16/14 1:00,5,2,3
9/16/14 2:00,1,1,0
9/16/14 3:00,1,0,1
9/16/14 4:00,3,2,1
9/16/14 5:00,32,5,27
9/16/14 6:00,58,8,50
9/16/14 7:00,156,22,134
9/16/14 8:00,168,18,150
9/16/14 9:00,51,7,44
9/16/14 10:00,19,4,15
9/16/14 11:00,23,6,17
9/16/14 12:00,40,18,22
9/16/14 13:00,20,11,9
9/16/14 14:00,35,20,15
9/16/14 15:00,54,42,12
9/16/14 16:00,105,78,27
9/16/14 17:00,193,158,35
9/16/14 18:00,130,118,12
9/16/14 19:00,67,56,11
9/16/14 20:00,17,12,5
9/16/14 21:00,9,6,3
9/16/14 22:00,7,6,1
9/16/14 23:00,6,5,1
9/17/14 0:00,3,3,0
9/17/14 1:00,1,0,1
9/17/14 2:00,1,1,0
9/17/14 3:00,0,0,0
9/17/14 4:00,8,5,3
9/17/14 5:00,36,9,27
9/17/14 6:00,70,10,60
9/17/14 7:00,137,16,121
9/17/14 8:00,138,13,125
9/17/14 9:00,45,5,40
9/17/14 10:00,24,3,21
9/17/14 11:00,12,6,6
9/17/14 12:00,26,14,12
9/17/14 13:00,23,9,14
9/17/14 14:00,23,17,6
9/17/14 15:00,36,29,7
9/17/14 16:00,106,82,24
9/17/14 17:00,178,142,36
9/17/14 18:00,133,115,18
9/17/14 19:00,35,28,7
9/17/14 20:00,23,16,7
9/17/14 21:00,11,9,2
9/17/14 22:00,5,4,1
9/17/14 23:00,2,0,2
9/18/14 0:00,3,3,0
9/18/14 1:00,2,0,2
9/18/14 2:00,1,0,1
9/18/14 3:00,2,1,1
9/18/14 4:00,0,0,0
9/18/14 5:00,23,2,21
9/18/14 6:00,53,9,44
9/18/14 7:00,91,14,77
9/18/14 8:00,112,11,101
9/18/14 9:00,37,1,36
9/18/14 10:00,25,6,19
9/18/14 11:00,14,6,8
9/18/14 12:00,21,7,14
9/18/14 13:00,16,7,9
9/18/14 14:00,23,17,6
9/18/14 15:00,36,29,7
9/18/14 16:00,55,42,13
9/18/14 17:00,115,96,19
9/18/14 18:00,97,74,23
9/18/14 19:00,53,37,16
9/18/14 20:00,14,10,4
9/18/14 21:00,14,9,5
9/18/14 22:00,10,8,2
9/18/14 23:00,11,8,3
9/19/14 0:00,0,0,0
9/19/14 1:00,4,3,1
9/19/14 2:00,1,1,0
9/19/14 3:00,1,0,1
9/19/14 4:00,4,0,4
9/19/14 5:00,20,6,14
9/19/14 6:00,50,7,43
9/19/14 7:00,97,11,86
9/19/14 8:00,129,13,116
9/19/14 9:00,54,12,42
9/19/14 10:00,23,5,18
9/19/14 11:00,27,15,12
9/19/14 12:00,34,12,22
9/19/14 13:00,25,13,12
9/19/14 14:00,26,16,10
9/19/14 15:00,39,26,13
9/19/14 16:00,77,62,15
9/19/14 17:00,149,115,34
9/19/14 18:00,71,60,11
9/19/14 19:00,35,24,11
9/19/14 20:00,25,15,10
9/19/14 21:00,5,1,4
9/19/14 22:00,3,3,0
9/19/14 23:00,4,2,2
9/20/14 0:00,9,5,4
9/20/14 1:00,8,7,1
9/20/14 2:00,8,7,1
9/20/14 3:00,0,0,0
9/20/14 4:00,4,1,3
9/20/14 5:00,6,1,5
9/20/14 6:00,9,0,9
9/20/14 7:00,19,3,16
9/20/14 8:00,32,12,20
9/20/14 9:00,26,10,16
9/20/14 10:00,53,36,17
9/20/14 11:00,53,32,21
9/20/14 12:00,46,24,22
9/20/14 13:00,55,24,31
9/20/14 14:00,61,34,27
9/20/14 15:00,46,29,17
9/20/14 16:00,48,27,21
9/20/14 17:00,65,25,40
9/20/14 18:00,43,23,20
9/20/14 19:00,24,18,6
9/20/14 20:00,8,3,5
9/20/14 21:00,7,4,3
9/20/14 22:00,7,5,2
9/20/14 23:00,4,2,2
9/21/14 0:00,4,3,1
9/21/14 1:00,5,4,1
9/21/14 2:00,2,2,0
9/21/14 3:00,1,1,0
9/21/14 4:00,1,1,0
9/21/14 5:00,6,0,6
9/21/14 6:00,2,2,0
9/21/14 7:00,16,4,12
9/21/14 8:00,20,3,17
9/21/14 9:00,35,13,22
9/21/14 10:00,52,24,28
9/21/14 11:00,61,22,39
9/21/14 12:00,96,45,51
9/21/14 13:00,64,27,37
9/21/14 14:00,46,23,23
9/21/14 15:00,51,27,24
9/21/14 16:00,48,34,14
9/21/14 17:00,59,34,25
9/21/14 18:00,42,24,18
9/21/14 19:00,30,18,12
9/21/14 20:00,10,5,5
9/21/14 21:00,5,2,3
9/21/14 22:00,6,5,1
9/21/14 23:00,6,4,2
9/22/14 0:00,4,3,1
9/22/14 1:00,1,0,1
9/22/14 2:00,1,1,0
9/22/14 3:00,3,2,1
9/22/14 4:00,2,0,2
9/22/14 5:00,23,2,21
9/22/14 6:00,60,9,51
9/22/14 7:00,135,15,120
9/22/14 8:00,145,8,137
9/22/14 9:00,52,7,45
9/22/14 10:00,25,4,21
9/22/14 11:00,22,12,10
9/22/14 12:00,20,8,12
9/22/14 13:00,23,11,12
9/22/14 14:00,33,24,9
9/22/14 15:00,48,32,16
9/22/14 16:00,91,75,16
9/22/14 17:00,187,154,33
9/22/14 18:00,124,108,16
9/22/14 19:00,41,34,7
9/22/14 20:00,25,21,4
9/22/14 21:00,11,4,7
9/22/14 22:00,3,2,1
9/22/14 23:00,6,6,0
9/23/14 0:00,4,3,1
9/23/14 1:00,1,0,1
9/23/14 2:00,3,2,1
9/23/14 3:00,3,2,1
9/23/14 4:00,3,0,3
9/23/14 5:00,20,1,19
9/23/14 6:00,55,6,49
9/23/14 7:00,130,14,116
9/23/14 8:00,124,13,111
9/23/14 9:00,46,9,37
9/23/14 10:00,27,6,21
9/23/14 11:00,8,4,4
9/23/14 12:00,15,9,6
9/23/14 13:00,18,9,9
9/23/14 14:00,15,7,8
9/23/14 15:00,29,25,4
9/23/14 16:00,68,53,15
9/23/14 17:00,135,118,17
9/23/14 18:00,91,85,6
9/23/14 19:00,17,16,1
9/23/14 20:00,9,8,1
9/23/14 21:00,5,5,0
9/23/14 22:00,4,3,1
9/23/14 23:00,0,0,0
9/24/14 0:00,2,1,1
9/24/14 1:00,1,1,0
9/24/14 2:00,0,0,0
9/24/14 3:00,0,0,0
9/24/14 4:00,3,1,2
9/24/14 5:00,18,4,14
9/24/14 6:00,33,3,30
9/24/14 7:00,53,12,41
9/24/14 8:00,71,9,62
9/24/14 9:00,28,3,25
9/24/14 10:00,5,3,2
9/24/14 11:00,5,1,4
9/24/14 12:00,13,6,7
9/24/14 13:00,11,2,9
9/24/14 14:00,15,9,6
9/24/14 15:00,22,18,4
9/24/14 16:00,47,39,8
9/24/14 17:00,86,74,12
9/24/14 18:00,67,55,12
9/24/14 19:00,33,26,7
9/24/14 20:00,13,10,3
9/24/14 21:00,13,7,6
9/24/14 22:00,12,7,5
9/24/14 23:00,2,0,2
9/25/14 0:00,2,2,0
9/25/14 1:00,3,2,1
9/25/14 2:00,1,0,1
9/25/14 3:00,0,0,0
9/25/14 4:00,4,2,2
9/25/14 5:00,23,4,19
9/25/14 6:00,38,4,34
9/25/14 7:00,99,12,87
9/25/14 8:00,105,8,97
9/25/14 9:00,37,8,29
9/25/14 10:00,15,2,13
9/25/14 11:00,9,3,6
9/25/14 12:00,16,6,10
9/25/14 13:00,18,9,9
9/25/14 14:00,17,7,10
9/25/14 15:00,32,26,6
9/25/14 16:00,75,56,19
9/25/14 17:00,120,100,20
9/25/14 18:00,86,74,12
9/25/14 19:00,32,29,3
9/25/14 20:00,13,9,4
9/25/14 21:00,15,12,3
9/25/14 22:00,14,10,4
9/25/14 23:00,4,3,1
9/26/14 0:00,4,4,0
9/26/14 1:00,2,1,1
9/26/14 2:00,1,1,0
9/26/14 3:00,1,1,0
9/26/14 4:00,7,3,4
9/26/14 5:00,17,2,15
9/26/14 6:00,26,4,22
9/26/14 7:00,64,14,50
9/26/14 8:00,57,7,50
9/26/14 9:00,34,2,32
9/26/14 10:00,13,3,10
9/26/14 11:00,13,3,10
9/26/14 12:00,13,6,7
9/26/14 13:00,18,9,9
9/26/14 14:00,32,17,15
9/26/14 15:00,36,23,13
9/26/14 16:00,53,38,15
9/26/14 17:00,71,55,16
9/26/14 18:00,69,58,11
9/26/14 19:00,23,16,7
9/26/14 20:00,10,8,2
9/26/14 21:00,7,5,2
9/26/14 22:00,10,6,4
9/26/14 23:00,7,4,3
9/27/14 0:00,4,2,2
9/27/14 1:00,8,6,2
9/27/14 2:00,0,0,0
9/27/14 3:00,2,2,0
9/27/14 4:00,1,1,0
9/27/14 5:00,7,3,4
9/27/14 6:00,6,1,5
9/27/14 7:00,14,5,9
9/27/14 8:00,25,8,17
9/27/14 9:00,37,20,17
9/27/14 10:00,36,12,24
9/27/14 11:00,53,36,17
9/27/14 12:00,76,22,54
9/27/14 13:00,46,15,31
9/27/14 14:00,85,50,35
9/27/14 15:00,59,39,20
9/27/14 16:00,74,30,44
9/27/14 17:00,58,33,25
9/27/14 18:00,25,12,13
9/27/14 19:00,28,19,9
9/27/14 20:00,13,9,4
9/27/14 21:00,7,2,5
9/27/14 22:00,4,4,0
9/27/14 23:00,6,1,5
9/28/14 0:00,4,4,0
9/28/14 1:00,6,4,2
9/28/14 2:00,5,3,2
9/28/14 3:00,1,1,0
9/28/14 4:00,1,1,0
9/28/14 5:00,2,1,1
9/28/14 6:00,9,3,6
9/28/14 7:00,8,2,6
9/28/14 8:00,25,8,17
9/28/14 9:00,26,8,18
9/28/14 10:00,37,16,21
9/28/14 11:00,48,24,24
9/28/14 12:00,47,25,22
9/28/14 13:00,47,23,24
9/28/14 14:00,43,19,24
9/28/14 15:00,30,13,17
9/28/14 16:00,42,28,14
9/28/14 17:00,41,24,17
9/28/14 18:00,35,14,21
9/28/14 19:00,8,6,2
9/28/14 20:00,4,2,2
9/28/14 21:00,6,4,2
9/28/14 22:00,6,3,3
9/28/14 23:00,3,2,1
9/29/14 0:00,1,1,0
9/29/14 1:00,1,0,1
9/29/14 2:00,1,0,1
9/29/14 3:00,1,0,1
9/29/14 4:00,4,3,1
9/29/14 5:00,17,2,15
9/29/14 6:00,55,11,44
9/29/14 7:00,121,16,105
9/29/14 8:00,122,7,115
9/29/14 9:00,49,4,45
9/29/14 10:00,23,6,17
9/29/14 11:00,14,3,11
9/29/14 12:00,17,7,10
9/29/14 13:00,9,2,7
9/29/14 14:00,14,8,6
9/29/14 15:00,25,19,6
9/29/14 16:00,54,43,11
9/29/14 17:00,129,117,12
9/29/14 18:00,99,88,11
9/29/14 19:00,16,13,3
9/29/14 20:00,20,16,4
9/29/14 21:00,9,6,3
9/29/14 22:00,4,2,2
9/29/14 23:00,6,5,1
9/30/14 0:00,1,1,0
9/30/14 1:00,2,1,1
9/30/14 2:00,1,0,1
9/30/14 3:00,4,3,1
9/30/14 4:00,2,0,2
9/30/14 5:00,28,4,24
9/30/14 6:00,50,9,41
9/30/14 7:00,109,16,93
9/30/14 8:00,120,9,111
9/30/14 9:00,51,2,49
9/30/14 10:00,20,3,17
9/30/14 11:00,18,5,13
9/30/14 12:00,14,4,10
9/30/14 13:00,25,8,17
9/30/14 14:00,30,16,14
9/30/14 15:00,43,33,10
9/30/14 16:00,91,69,22
9/30/14 17:00,147,123,24
9/30/14 18:00,122,101,21
9/30/14 19:00,35,27,8
9/30/14 20:00,21,17,4
9/30/14 21:00,8,8,0
9/30/14 22:00,6,4,2
9/30/14 23:00,3,2,1
10/1/14 0:00,1,1,0
10/1/14 1:00,3,3,0
10/1/14 2:00,2,1,1
10/1/14 3:00,5,2,3
10/1/14 4:00,7,4,3
10/1/14 5:00,19,1,18
10/1/14 6:00,63,13,50
10/1/14 7:00,116,20,96
10/1/14 8:00,142,10,132
10/1/14 9:00,56,11,45
10/1/14 10:00,28,6,22
10/1/14 11:00,20,4,16
10/1/14 12:00,13,7,6
10/1/14 13:00,23,8,15
10/1/14 14:00,22,12,10
10/1/14 15:00,56,46,10
10/1/14 16:00,89,71,18
10/1/14 17:00,183,157,26
10/1/14 18:00,111,87,24
10/1/14 19:00,60,28,32
10/1/14 20:00,24,19,5
10/1/14 21:00,9,7,2
10/1/14 22:00,7,4,3
10/1/14 23:00,6,3,3
10/2/14 0:00,5,4,1
10/2/14 1:00,1,1,0
10/2/14 2:00,3,1,2
10/2/14 3:00,0,0,0
10/2/14 4:00,3,0,3
10/2/14 5:00,20,3,17
10/2/14 6:00,68,10,58
10/2/14 7:00,129,18,111
10/2/14 8:00,131,15,116
10/2/14 9:00,61,5,56
10/2/14 10:00,30,7,23
10/2/14 11:00,31,13,18
10/2/14 12:00,17,10,7
10/2/14 13:00,27,16,11
10/2/14 14:00,32,15,17
10/2/14 15:00,56,40,16
10/2/14 16:00,83,60,23
10/2/14 17:00,145,125,20
10/2/14 18:00,117,98,19
10/2/14 19:00,93,83,10
10/2/14 20:00,18,13,5
10/2/14 21:00,10,5,5
10/2/14 22:00,13,4,9
10/2/14 23:00,7,4,3
10/3/14 0:00,6,6,0
10/3/14 1:00,4,3,1
10/3/14 2:00,0,0,0
10/3/14 3:00,2,1,1
10/3/14 4:00,5,2,3
10/3/14 5:00,25,7,18
10/3/14 6:00,47,6,41
10/3/14 7:00,127,22,105
10/3/14 8:00,135,9,126
10/3/14 9:00,55,10,45
10/3/14 10:00,34,9,25
10/3/14 11:00,28,11,17
10/3/14 12:00,27,10,17
10/3/14 13:00,36,20,16
10/3/14 14:00,36,22,14
10/3/14 15:00,51,35,16
10/3/14 16:00,107,81,26
10/3/14 17:00,164,133,31
10/3/14 18:00,92,79,13
10/3/14 19:00,22,14,8
10/3/14 20:00,22,19,3
10/3/14 21:00,6,6,0
10/3/14 22:00,7,2,5
10/3/14 23:00,8,7,1
10/4/14 0:00,6,4,2
10/4/14 1:00,4,2,2
10/4/14 2:00,3,3,0
10/4/14 3:00,2,0,2
10/4/14 4:00,0,0,0
10/4/14 5:00,4,0,4
10/4/14 6:00,10,2,8
10/4/14 7:00,12,3,9
10/4/14 8:00,36,11,25
10/4/14 9:00,43,17,26
10/4/14 10:00,39,20,19
10/4/14 11:00,66,42,24
10/4/14 12:00,44,24,20
10/4/14 13:00,37,13,24
10/4/14 14:00,44,18,26
10/4/14 15:00,38,14,24
10/4/14 16:00,42,23,19
10/4/14 17:00,38,27,11
10/4/14 18:00,18,11,7
10/4/14 19:00,16,10,6
10/4/14 20:00,7,5,2
10/4/14 21:00,3,2,1
10/4/14 22:00,0,0,0
10/4/14 23:00,4,2,2
10/5/14 0:00,3,2,1
10/5/14 1:00,0,0,0
10/5/14 2:00,1,1,0
10/5/14 3:00,1,1,0
10/5/14 4:00,1,1,0
10/5/14 5:00,5,2,3
10/5/14 6:00,5,3,2
10/5/14 7:00,12,3,9
10/5/14 8:00,22,6,16
10/5/14 9:00,28,8,20
10/5/14 10:00,38,19,19
10/5/14 11:00,49,13,36
10/5/14 12:00,41,23,18
10/5/14 13:00,43,29,14
10/5/14 14:00,52,28,24
10/5/14 15:00,53,21,32
10/5/14 16:00,63,37,26
10/5/14 17:00,36,19,17
10/5/14 18:00,19,9,10
10/5/14 19:00,17,12,5
10/5/14 20:00,7,6,1
10/5/14 21:00,6,3,3
10/5/14 22:00,1,1,0
10/5/14 23:00,4,2,2
10/6/14 0:00,3,2,1
10/6/14 1:00,1,0,1
10/6/14 2:00,0,0,0
10/6/14 3:00,2,2,0
10/6/14 4:00,5,2,3
10/6/14 5:00,29,8,21
10/6/14 6:00,65,12,53
10/6/14 7:00,140,19,121
10/6/14 8:00,164,13,151
10/6/14 9:00,56,3,53
10/6/14 10:00,30,5,25
10/6/14 11:00,24,15,9
10/6/14 12:00,30,12,18
10/6/14 13:00,41,20,21
10/6/14 14:00,32,21,11
10/6/14 15:00,63,39,24
10/6/14 16:00,120,99,21
10/6/14 17:00,200,171,29
10/6/14 18:00,104,94,10
10/6/14 19:00,31,21,10
10/6/14 20:00,12,11,1
10/6/14 21:00,15,12,3
10/6/14 22:00,15,11,4
10/6/14 23:00,2,1,1
10/7/14 0:00,4,4,0
10/7/14 1:00,3,1,2
10/7/14 2:00,2,1,1
10/7/14 3:00,4,3,1
10/7/14 4:00,2,0,2
10/7/14 5:00,23,3,20
10/7/14 6:00,75,10,65
10/7/14 7:00,137,19,118
10/7/14 8:00,140,13,127
10/7/14 9:00,59,6,53
10/7/14 10:00,29,4,25
10/7/14 11:00,25,9,16
10/7/14 12:00,22,11,11
10/7/14 13:00,24,6,18
10/7/14 14:00,32,21,11
10/7/14 15:00,53,28,25
10/7/14 16:00,95,81,14
10/7/14 17:00,204,172,32
10/7/14 18:00,109,94,15
10/7/14 19:00,38,35,3
10/7/14 20:00,21,17,4
10/7/14 21:00,9,4,5
10/7/14 22:00,7,5,2
10/7/14 23:00,6,6,0
10/8/14 0:00,5,3,2
10/8/14 1:00,2,0,2
10/8/14 2:00,1,1,0
10/8/14 3:00,3,1,2
10/8/14 4:00,4,2,2
10/8/14 5:00,31,3,28
10/8/14 6:00,65,9,56
10/8/14 7:00,104,16,88
10/8/14 8:00,152,18,134
10/8/14 9:00,55,6,49
10/8/14 10:00,39,6,33
10/8/14 11:00,16,9,7
10/8/14 12:00,24,6,18
10/8/14 13:00,22,8,14
10/8/14 14:00,29,21,8
10/8/14 15:00,41,27,14
10/8/14 16:00,101,79,22
10/8/14 17:00,164,143,21
10/8/14 18:00,109,98,11
10/8/14 19:00,58,47,11
10/8/14 20:00,16,12,4
10/8/14 21:00,11,7,4
10/8/14 22:00,8,4,4
10/8/14 23:00,8,7,1
10/9/14 0:00,1,1,0
10/9/14 1:00,3,2,1
10/9/14 2:00,1,0,1
10/9/14 3:00,1,0,1
10/9/14 4:00,2,0,2
10/9/14 5:00,22,3,19
10/9/14 6:00,60,5,55
10/9/14 7:00,114,17,97
10/9/14 8:00,134,12,122
10/9/14 9:00,59,7,52
10/9/14 10:00,17,4,13
10/9/14 11:00,14,4,10
10/9/14 12:00,18,9,9
10/9/14 13:00,27,16,11
10/9/14 14:00,47,18,29
10/9/14 15:00,35,26,9
10/9/14 16:00,83,69,14
10/9/14 17:00,147,125,22
10/9/14 18:00,101,91,10
10/9/14 19:00,51,32,19
10/9/14 20:00,24,18,6
10/9/14 21:00,8,5,3
10/9/14 22:00,5,2,3
10/9/14 23:00,12,2,10
10/10/14 0:00,4,4,0
10/10/14 1:00,5,3,2
10/10/14 2:00,0,0,0
10/10/14 3:00,1,0,1
10/10/14 4:00,4,1,3
10/10/14 5:00,16,2,14
10/10/14 6:00,43,8,35
10/10/14 7:00,84,15,69
10/10/14 8:00,111,9,102
10/10/14 9:00,51,7,44
10/10/14 10:00,22,4,18
10/10/14 11:00,26,15,11
10/10/14 12:00,23,6,17
10/10/14 13:00,14,8,6
10/10/14 14:00,29,15,14
10/10/14 15:00,38,27,11
10/10/14 16:00,64,49,15
10/10/14 17:00,110,94,16
10/10/14 18:00,58,51,7
10/10/14 19:00,27,18,9
10/10/14 20:00,9,8,1
10/10/14 21:00,9,8,1
10/10/14 22:00,8,7,1
10/10/14 23:00,9,6,3
10/11/14 0:00,3,3,0
10/11/14 1:00,6,3,3
10/11/14 2:00,5,2,3
10/11/14 3:00,3,1,2
10/11/14 4:00,2,2,0
10/11/14 5:00,7,0,7
10/11/14 6:00,6,0,6
10/11/14 7:00,7,1,6
10/11/14 8:00,17,6,11
10/11/14 9:00,24,5,19
10/11/14 10:00,26,15,11
10/11/14 11:00,22,16,6
10/11/14 12:00,20,9,11
10/11/14 13:00,29,11,18
10/11/14 14:00,20,12,8
10/11/14 15:00,25,13,12
10/11/14 16:00,25,13,12
10/11/14 17:00,24,10,14
10/11/14 18:00,14,7,7
10/11/14 19:00,6,3,3
10/11/14 20:00,4,2,2
10/11/14 21:00,4,3,1
10/11/14 22:00,4,1,3
10/11/14 23:00,0,0,0
10/12/14 0:00,2,2,0
10/12/14 1:00,3,2,1
10/12/14 2:00,1,1,0
10/12/14 3:00,1,0,1
10/12/14 4:00,3,2,1
10/12/14 5:00,5,2,3
10/12/14 6:00,0,0,0
10/12/14 7:00,7,3,4
10/12/14 8:00,14,5,9
10/12/14 9:00,21,9,12
10/12/14 10:00,30,10,20
10/12/14 11:00,43,21,22
10/12/14 12:00,38,26,12
10/12/14 13:00,34,9,25
10/12/14 14:00,32,9,23
10/12/14 15:00,28,13,15
10/12/14 16:00,31,17,14
10/12/14 17:00,28,15,13
10/12/14 18:00,17,10,7
10/12/14 19:00,7,4,3
10/12/14 20:00,8,6,2
10/12/14 21:00,9,6,3
10/12/14 22:00,9,4,5
10/12/14 23:00,0,0,0
10/13/14 0:00,0,0,0
10/13/14 1:00,1,1,0
10/13/14 2:00,0,0,0
10/13/14 3:00,1,0,1
10/13/14 4:00,5,1,4
10/13/14 5:00,18,2,16
10/13/14 6:00,43,9,34
10/13/14 7:00,107,18,89
10/13/14 8:00,118,8,110
10/13/14 9:00,63,8,55
10/13/14 10:00,31,7,24
10/13/14 11:00,25,15,10
10/13/14 12:00,30,15,15
10/13/14 13:00,26,10,16
10/13/14 14:00,31,19,12
10/13/14 15:00,26,18,8
10/13/14 16:00,93,70,23
10/13/14 17:00,139,115,24
10/13/14 18:00,89,78,11
10/13/14 19:00,29,22,7
10/13/14 20:00,15,11,4
10/13/14 21:00,4,3,1
10/13/14 22:00,7,6,1
10/13/14 23:00,1,1,0
10/14/14 0:00,2,1,1
10/14/14 1:00,1,0,1
10/14/14 2:00,0,0,0
10/14/14 3:00,2,1,1
10/14/14 4:00,2,0,2
10/14/14 5:00,24,3,21
10/14/14 6:00,67,11,56
10/14/14 7:00,114,15,99
10/14/14 8:00,107,11,96
10/14/14 9:00,38,2,36
10/14/14 10:00,14,0,14
10/14/14 11:00,14,8,6
10/14/14 12:00,22,8,14
10/14/14 13:00,13,8,5
10/14/14 14:00,31,21,10
10/14/14 15:00,41,23,18
10/14/14 16:00,86,71,15
10/14/14 17:00,139,124,15
10/14/14 18:00,77,68,9
10/14/14 19:00,19,19,0
10/14/14 20:00,8,6,2
10/14/14 21:00,9,8,1
10/14/14 22:00,3,3,0
10/14/14 23:00,3,2,1
10/15/14 0:00,2,2,0
10/15/14 1:00,2,1,1
10/15/14 2:00,1,0,1
10/15/14 3:00,2,1,1
10/15/14 4:00,5,1,4
10/15/14 5:00,19,3,16
10/15/14 6:00,41,4,37
10/15/14 7:00,96,10,86
10/15/14 8:00,87,5,82
10/15/14 9:00,32,1,31
10/15/14 10:00,10,1,9
10/15/14 11:00,12,5,7
10/15/14 12:00,8,2,6
10/15/14 13:00,6,4,2
10/15/14 14:00,14,5,9
10/15/14 15:00,22,15,7
10/15/14 16:00,63,52,11
10/15/14 17:00,94,76,18
10/15/14 18:00,82,69,13
10/15/14 19:00,36,27,9
10/15/14 20:00,22,10,12
10/15/14 21:00,10,5,5
10/15/14 22:00,10,6,4
10/15/14 23:00,1,0,1
10/16/14 0:00,3,2,1
10/16/14 1:00,2,2,0
10/16/14 2:00,0,0,0
10/16/14 3:00,4,3,1
10/16/14 4:00,6,2,4
10/16/14 5:00,26,3,23
10/16/14 6:00,62,12,50
10/16/14 7:00,117,14,103
10/16/14 8:00,109,10,99
10/16/14 9:00,40,7,33
10/16/14 10:00,19,6,13
10/16/14 11:00,29,12,17
10/16/14 12:00,28,8,20
10/16/14 13:00,32,17,15
10/16/14 14:00,55,36,19
10/16/14 15:00,64,39,25
10/16/14 16:00,110,86,24
10/16/14 17:00,153,127,26
10/16/14 18:00,74,60,14
10/16/14 19:00,37,23,14
10/16/14 20:00,16,10,6
10/16/14 21:00,14,7,7
10/16/14 22:00,8,5,3
10/16/14 23:00,4,3,1
10/17/14 0:00,5,3,2
10/17/14 1:00,4,2,2
10/17/14 2:00,2,2,0
10/17/14 3:00,2,1,1
10/17/14 4:00,2,1,1
10/17/14 5:00,16,5,11
10/17/14 6:00,31,5,26
10/17/14 7:00,64,10,54
10/17/14 8:00,64,7,57
10/17/14 9:00,38,2,36
10/17/14 10:00,21,4,17
10/17/14 11:00,11,1,10
10/17/14 12:00,14,8,6
10/17/14 13:00,10,7,3
10/17/14 14:00,15,9,6
10/17/14 15:00,22,15,7
10/17/14 16:00,34,27,7
10/17/14 17:00,95,81,14
10/17/14 18:00,56,53,3
10/17/14 19:00,20,14,6
10/17/14 20:00,12,10,2
10/17/14 21:00,2,2,0
10/17/14 22:00,8,4,4
10/17/14 23:00,2,0,2
10/18/14 0:00,2,2,0
10/18/14 1:00,2,1,1
10/18/14 2:00,2,2,0
10/18/14 3:00,4,2,2
10/18/14 4:00,1,1,0
10/18/14 5:00,1,0,1
10/18/14 6:00,2,1,1
10/18/14 7:00,6,2,4
10/18/14 8:00,15,6,9
10/18/14 9:00,14,8,6
10/18/14 10:00,14,8,6
10/18/14 11:00,25,10,15
10/18/14 12:00,17,7,10
10/18/14 13:00,17,7,10
10/18/14 14:00,25,15,10
10/18/14 15:00,29,13,16
10/18/14 16:00,34,8,26
10/18/14 17:00,28,14,14
10/18/14 18:00,12,6,6
10/18/14 19:00,6,2,4
10/18/14 20:00,4,3,1
10/18/14 21:00,5,2,3
10/18/14 22:00,1,0,1
10/18/14 23:00,3,3,0
10/19/14 0:00,2,1,1
10/19/14 1:00,4,4,0
10/19/14 2:00,2,2,0
10/19/14 3:00,1,0,1
10/19/14 4:00,3,3,0
10/19/14 5:00,3,0,3
10/19/14 6:00,6,0,6
10/19/14 7:00,8,2,6
10/19/14 8:00,16,5,11
10/19/14 9:00,27,5,22
10/19/14 10:00,49,28,21
10/19/14 11:00,49,24,25
10/19/14 12:00,61,24,37
10/19/14 13:00,90,35,55
10/19/14 14:00,95,42,53
10/19/14 15:00,72,41,31
10/19/14 16:00,54,29,25
10/19/14 17:00,64,32,32
10/19/14 18:00,42,21,21
10/19/14 19:00,14,4,10
10/19/14 20:00,12,7,5
10/19/14 21:00,5,3,2
10/19/14 22:00,3,1,2
10/19/14 23:00,4,1,3
10/20/14 0:00,3,1,2
10/20/14 1:00,2,1,1
10/20/14 2:00,1,0,1
10/20/14 3:00,0,0,0
10/20/14 4:00,1,1,0
10/20/14 5:00,17,4,13
10/20/14 6:00,47,8,39
10/20/14 7:00,88,17,71
10/20/14 8:00,93,8,85
10/20/14 9:00,40,2,38
10/20/14 10:00,25,4,21
10/20/14 11:00,16,5,11
10/20/14 12:00,13,3,10
10/20/14 13:00,14,7,7
10/20/14 14:00,17,11,6
10/20/14 15:00,35,18,17
10/20/14 16:00,60,49,11
10/20/14 17:00,112,97,15
10/20/14 18:00,90,78,12
10/20/14 19:00,27,15,12
10/20/14 20:00,12,10,2
10/20/14 21:00,6,3,3
10/20/14 22:00,5,2,3
10/20/14 23:00,5,3,2
10/21/14 0:00,0,0,0
10/21/14 1:00,6,4,2
10/21/14 2:00,1,0,1
10/21/14 3:00,4,3,1
10/21/14 4:00,4,1,3
10/21/14 5:00,16,1,15
10/21/14 6:00,48,5,43
10/21/14 7:00,83,12,71
10/21/14 8:00,108,11,97
10/21/14 9:00,50,6,44
10/21/14 10:00,22,5,17
10/21/14 11:00,27,13,14
10/21/14 12:00,26,9,17
10/21/14 13:00,20,10,10
10/21/14 14:00,22,16,6
10/21/14 15:00,27,18,9
10/21/14 16:00,64,52,12
10/21/14 17:00,124,101,23
10/21/14 18:00,80,74,6
10/21/14 19:00,26,22,4
10/21/14 20:00,9,8,1
10/21/14 21:00,4,4,0
10/21/14 22:00,4,2,2
10/21/14 23:00,1,1,0
10/22/14 0:00,1,1,0
10/22/14 1:00,1,0,1
10/22/14 2:00,2,2,0
10/22/14 3:00,1,0,1
10/22/14 4:00,3,1,2
10/22/14 5:00,13,1,12
10/22/14 6:00,34,6,28
10/22/14 7:00,68,14,54
10/22/14 8:00,85,6,79
10/22/14 9:00,39,1,38
10/22/14 10:00,18,3,15
10/22/14 11:00,7,4,3
10/22/14 12:00,4,1,3
10/22/14 13:00,8,5,3
10/22/14 14:00,12,8,4
10/22/14 15:00,26,16,10
10/22/14 16:00,36,30,6
10/22/14 17:00,76,63,13
10/22/14 18:00,63,53,10
10/22/14 19:00,18,17,1
10/22/14 20:00,8,6,2
10/22/14 21:00,11,10,1
10/22/14 22:00,0,0,0
10/22/14 23:00,1,0,1
10/23/14 0:00,1,1,0
10/23/14 1:00,0,0,0
10/23/14 2:00,1,0,1
10/23/14 3:00,1,0,1
10/23/14 4:00,2,0,2
10/23/14 5:00,13,2,11
10/23/14 6:00,29,6,23
10/23/14 7:00,67,11,56
10/23/14 8:00,81,4,77
10/23/14 9:00,31,2,29
10/23/14 10:00,14,2,12
10/23/14 11:00,5,2,3
10/23/14 12:00,12,8,4
10/23/14 13:00,19,10,9
10/23/14 14:00,17,12,5
10/23/14 15:00,29,18,11
10/23/14 16:00,28,19,9
10/23/14 17:00,90,76,14
10/23/14 18:00,70,56,14
10/23/14 19:00,32,29,3
10/23/14 20:00,13,11,2
10/23/14 21:00,7,4,3
10/23/14 22:00,6,4,2
10/23/14 23:00,1,0,1
10/24/14 0:00,3,3,0
10/24/14 1:00,3,3,0
10/24/14 2:00,1,1,0
10/24/14 3:00,2,0,2
10/24/14 4:00,0,0,0
10/24/14 5:00,,,
10/24/14 6:00,56,9,47
10/24/14 7:00,86,7,79
10/24/14 8:00,86,11,75
10/24/14 9:00,32,2,30
10/24/14 10:00,21,5,16
10/24/14 11:00,11,4,7
10/24/14 12:00,33,18,15
10/24/14 13:00,34,11,23
10/24/14 14:00,30,20,10
10/24/14 15:00,43,31,12
10/24/14 16:00,81,61,20
10/24/14 17:00,113,95,18
10/24/14 18:00,61,49,12
10/24/14 19:00,18,12,6
10/24/14 20:00,4,2,2
10/24/14 21:00,6,5,1
10/24/14 22:00,6,6,0
10/24/14 23:00,4,4,0
10/25/14 0:00,6,6,0
10/25/14 1:00,5,4,1
10/25/14 2:00,2,0,2
10/25/14 3:00,4,2,2
10/25/14 4:00,5,2,3
10/25/14 5:00,1,0,1
10/25/14 6:00,1,0,1
10/25/14 7:00,7,1,6
10/25/14 8:00,10,4,6
10/25/14 9:00,11,4,7
10/25/14 10:00,16,7,9
10/25/14 11:00,22,10,12
10/25/14 12:00,12,4,8
10/25/14 13:00,6,2,4
10/25/14 14:00,18,7,11
10/25/14 15:00,13,9,4
10/25/14 16:00,9,7,2
10/25/14 17:00,13,5,8
10/25/14 18:00,7,4,3
10/25/14 19:00,1,1,0
10/25/14 20:00,3,2,1
10/25/14 21:00,4,2,2
10/25/14 22:00,3,0,3
10/25/14 23:00,4,1,3
10/26/14 0:00,1,1,0
10/26/14 1:00,1,1,0
10/26/14 2:00,0,0,0
10/26/14 3:00,2,2,0
10/26/14 4:00,4,4,0
10/26/14 5:00,1,0,1
10/26/14 6:00,4,1,3
10/26/14 7:00,3,1,2
10/26/14 8:00,0,0,0
10/26/14 9:00,10,2,8
10/26/14 10:00,13,5,8
10/26/14 11:00,37,24,13
10/26/14 12:00,25,9,16
10/26/14 13:00,16,8,8
10/26/14 14:00,13,4,9
10/26/14 15:00,19,13,6
10/26/14 16:00,22,12,10
10/26/14 17:00,16,9,7
10/26/14 18:00,13,5,8
10/26/14 19:00,5,2,3
10/26/14 20:00,5,3,2
10/26/14 21:00,1,1,0
10/26/14 22:00,1,1,0
10/26/14 23:00,2,2,0
10/27/14 0:00,1,1,0
10/27/14 1:00,1,1,0
10/27/14 2:00,1,0,1
10/27/14 3:00,3,1,2
10/27/14 4:00,8,2,6
10/27/14 5:00,18,4,14
10/27/14 6:00,44,7,37
10/27/14 7:00,111,16,95
10/27/14 8:00,117,8,109
10/27/14 9:00,40,1,39
10/27/14 10:00,20,7,13
10/27/14 11:00,21,8,13
10/27/14 12:00,28,12,16
10/27/14 13:00,31,12,19
10/27/14 14:00,25,12,13
10/27/14 15:00,45,35,10
10/27/14 16:00,68,60,8
10/27/14 17:00,128,106,22
10/27/14 18:00,97,82,15
10/27/14 19:00,25,20,5
10/27/14 20:00,10,6,4
10/27/14 21:00,10,9,1
10/27/14 22:00,7,2,5
10/27/14 23:00,2,1,1
10/28/14 0:00,0,0,0
10/28/14 1:00,2,1,1
10/28/14 2:00,1,1,0
10/28/14 3:00,0,0,0
10/28/14 4:00,2,1,1
10/28/14 5:00,14,2,12
10/28/14 6:00,45,5,40
10/28/14 7:00,73,13,60
10/28/14 8:00,79,7,72
10/28/14 9:00,31,3,28
10/28/14 10:00,14,4,10
10/28/14 11:00,4,1,3
10/28/14 12:00,6,2,4
10/28/14 13:00,7,1,6
10/28/14 14:00,9,4,5
10/28/14 15:00,20,15,5
10/28/14 16:00,41,29,12
10/28/14 17:00,102,80,22
10/28/14 18:00,70,63,7
10/28/14 19:00,23,19,4
10/28/14 20:00,9,7,2
10/28/14 21:00,8,7,1
10/28/14 22:00,3,2,1
10/28/14 23:00,2,1,1
10/29/14 0:00,3,1,2
10/29/14 1:00,1,1,0
10/29/14 2:00,2,2,0
10/29/14 3:00,2,1,1
10/29/14 4:00,5,1,4
10/29/14 5:00,18,2,16
10/29/14 6:00,45,1,44
10/29/14 7:00,115,16,99
10/29/14 8:00,136,12,124
10/29/14 9:00,47,3,44
10/29/14 10:00,28,6,22
10/29/14 11:00,23,8,15
10/29/14 12:00,28,18,10
10/29/14 13:00,28,8,20
10/29/14 14:00,33,16,17
10/29/14 15:00,56,41,15
10/29/14 16:00,91,72,19
10/29/14 17:00,132,109,23
10/29/14 18:00,98,83,15
10/29/14 19:00,24,19,5
10/29/14 20:00,25,22,3
10/29/14 21:00,15,11,4
10/29/14 22:00,10,9,1
10/29/14 23:00,3,2,1
10/30/14 0:00,4,3,1
10/30/14 1:00,4,1,3
10/30/14 2:00,1,1,0
10/30/14 3:00,0,0,0
10/30/14 4:00,2,0,2
10/30/14 5:00,17,4,13
10/30/14 6:00,47,4,43
10/30/14 7:00,98,11,87
10/30/14 8:00,95,6,89
10/30/14 9:00,34,4,30
10/30/14 10:00,16,2,14
10/30/14 11:00,10,5,5
10/30/14 12:00,10,5,5
10/30/14 13:00,12,3,9
10/30/14 14:00,10,9,1
10/30/14 15:00,17,11,6
10/30/14 16:00,42,33,9
10/30/14 17:00,113,104,9
10/30/14 18:00,72,56,16
10/30/14 19:00,22,19,3
10/30/14 20:00,14,10,4
10/30/14 21:00,13,9,4
10/30/14 22:00,2,2,0
10/30/14 23:00,2,2,0
10/31/14 0:00,1,1,0
10/31/14 1:00,1,1,0
10/31/14 2:00,1,1,0
10/31/14 3:00,1,0,1
10/31/14 4:00,1,0,1
10/31/14 5:00,7,2,5
10/31/14 6:00,31,5,26
10/31/14 7:00,58,8,50
10/31/14 8:00,58,6,52
10/31/14 9:00,32,4,28
10/31/14 10:00,10,2,8
10/31/14 11:00,8,2,6
10/31/14 12:00,10,6,4
10/31/14 13:00,7,1,6
10/31/14 14:00,14,8,6
10/31/14 15:00,27,21,6
10/31/14 16:00,59,43,16
10/31/14 17:00,74,66,8
10/31/14 18:00,32,27,5
10/31/14 19:00,18,10,8
10/31/14 20:00,7,7,0
10/31/14 21:00,7,3,4
10/31/14 22:00,2,0,2
10/31/14 23:00,10,6,4
11/1/14 0:00,5,4,1
11/1/14 1:00,4,4,0
11/1/14 2:00,4,2,2
11/1/14 3:00,4,2,2
11/1/14 4:00,4,3,1
11/1/14 5:00,2,1,1
11/1/14 6:00,4,1,3
11/1/14 7:00,6,2,4
11/1/14 8:00,18,5,13
11/1/14 9:00,23,11,12
11/1/14 10:00,22,14,8
11/1/14 11:00,33,17,16
11/1/14 12:00,35,16,19
11/1/14 13:00,56,25,31
11/1/14 14:00,29,16,13
11/1/14 15:00,37,15,22
11/1/14 16:00,41,22,19
11/1/14 17:00,20,13,7
11/1/14 18:00,12,9,3
11/1/14 19:00,4,1,3
11/1/14 20:00,6,2,4
11/1/14 21:00,3,3,0
11/1/14 22:00,5,4,1
11/1/14 23:00,4,3,1
11/2/14 0:00,4,2,2
11/2/14 1:00,8,4,4
11/2/14 2:00,1,1,0
11/2/14 3:00,0,0,0
11/2/14 4:00,4,3,1
11/2/14 5:00,4,1,3
11/2/14 6:00,5,2,3
11/2/14 7:00,6,1,5
11/2/14 8:00,22,5,17
11/2/14 9:00,25,11,14
11/2/14 10:00,47,21,26
11/2/14 11:00,36,16,20
11/2/14 12:00,37,18,19
11/2/14 13:00,21,12,9
11/2/14 14:00,9,6,3
11/2/14 15:00,8,2,6
11/2/14 16:00,9,4,5
11/2/14 17:00,14,11,3
11/2/14 18:00,6,4,2
11/2/14 19:00,1,1,0
11/2/14 20:00,1,0,1
11/2/14 21:00,0,0,0
11/2/14 22:00,0,0,0
11/2/14 23:00,2,1,1
11/3/14 0:00,1,0,1
11/3/14 1:00,2,1,1
11/3/14 2:00,0,0,0
11/3/14 3:00,4,2,2
11/3/14 4:00,5,2,3
11/3/14 5:00,26,8,18
11/3/14 6:00,45,4,41
11/3/14 7:00,117,15,102
11/3/14 8:00,88,6,82
11/3/14 9:00,37,2,35
11/3/14 10:00,14,4,10
11/3/14 11:00,10,4,6
11/3/14 12:00,16,7,9
11/3/14 13:00,15,8,7
11/3/14 14:00,15,7,8
11/3/14 15:00,27,17,10
11/3/14 16:00,42,33,9
11/3/14 17:00,118,98,20
11/3/14 18:00,67,60,7
11/3/14 19:00,18,15,3
11/3/14 20:00,9,8,1
11/3/14 21:00,8,4,4
11/3/14 22:00,5,3,2
11/3/14 23:00,2,1,1
11/4/14 0:00,1,1,0
11/4/14 1:00,3,2,1
11/4/14 2:00,2,0,2
11/4/14 3:00,0,0,0
11/4/14 4:00,3,1,2
11/4/14 5:00,21,1,20
11/4/14 6:00,48,9,39
11/4/14 7:00,103,9,94
11/4/14 8:00,87,3,84
11/4/14 9:00,35,5,30
11/4/14 10:00,9,1,8
11/4/14 11:00,15,7,8
11/4/14 12:00,10,2,8
11/4/14 13:00,12,6,6
11/4/14 14:00,24,13,11
11/4/14 15:00,34,24,10
11/4/14 16:00,66,50,16
11/4/14 17:00,132,112,20
11/4/14 18:00,59,50,9
11/4/14 19:00,13,8,5
11/4/14 20:00,14,11,3
11/4/14 21:00,8,8,0
11/4/14 22:00,5,3,2
11/4/14 23:00,5,2,3
11/5/14 0:00,6,3,3
11/5/14 1:00,4,2,2
11/5/14 2:00,2,0,2
11/5/14 3:00,3,2,1
11/5/14 4:00,3,0,3
11/5/14 5:00,25,4,21
11/5/14 6:00,50,7,43
11/5/14 7:00,89,14,75
11/5/14 8:00,123,12,111
11/5/14 9:00,55,5,50
11/5/14 10:00,15,3,12
11/5/14 11:00,8,2,6
11/5/14 12:00,39,22,17
11/5/14 13:00,23,6,17
11/5/14 14:00,23,15,8
11/5/14 15:00,31,19,12
11/5/14 16:00,67,51,16
11/5/14 17:00,116,98,18
11/5/14 18:00,48,43,5
11/5/14 19:00,15,15,0
11/5/14 20:00,12,7,5
11/5/14 21:00,8,5,3
11/5/14 22:00,6,4,2
11/5/14 23:00,9,8,1
11/6/14 0:00,4,2,2
11/6/14 1:00,2,1,1
11/6/14 2:00,3,2,1
11/6/14 3:00,3,1,2
11/6/14 4:00,1,0,1
11/6/14 5:00,16,3,13
11/6/14 6:00,46,4,42
11/6/14 7:00,87,13,74
11/6/14 8:00,63,3,60
11/6/14 9:00,39,4,35
11/6/14 10:00,20,6,14
11/6/14 11:00,21,4,17
11/6/14 12:00,7,3,4
11/6/14 13:00,6,3,3
11/6/14 14:00,16,9,7
11/6/14 15:00,26,17,9
11/6/14 16:00,59,44,15
11/6/14 17:00,107,87,20
11/6/14 18:00,51,42,9
11/6/14 19:00,17,12,5
11/6/14 20:00,6,3,3
11/6/14 21:00,3,3,0
11/6/14 22:00,5,4,1
11/6/14 23:00,3,3,0
11/7/14 0:00,2,2,0
11/7/14 1:00,1,0,1
11/7/14 2:00,0,0,0
11/7/14 3:00,2,1,1
11/7/14 4:00,3,2,1
11/7/14 5:00,19,1,18
11/7/14 6:00,43,5,38
11/7/14 7:00,121,19,102
11/7/14 8:00,91,11,80
11/7/14 9:00,54,8,46
11/7/14 10:00,19,9,10
11/7/14 11:00,27,11,16
11/7/14 12:00,29,14,15
11/7/14 13:00,33,15,18
11/7/14 14:00,36,21,15
11/7/14 15:00,47,31,16
11/7/14 16:00,80,59,21
11/7/14 17:00,99,82,17
11/7/14 18:00,51,42,9
11/7/14 19:00,22,12,10
11/7/14 20:00,9,7,2
11/7/14 21:00,7,5,2
11/7/14 22:00,6,5,1
11/7/14 23:00,6,5,1
11/8/14 0:00,4,4,0
11/8/14 1:00,2,2,0
11/8/14 2:00,5,5,0
11/8/14 3:00,1,1,0
11/8/14 4:00,1,1,0
11/8/14 5:00,8,1,7
11/8/14 6:00,3,0,3
11/8/14 7:00,10,3,7
11/8/14 8:00,31,8,23
11/8/14 9:00,41,23,18
11/8/14 10:00,32,18,14
11/8/14 11:00,80,42,38
11/8/14 12:00,65,26,39
11/8/14 13:00,63,24,39
11/8/14 14:00,71,31,40
11/8/14 15:00,50,33,17
11/8/14 16:00,40,17,23
11/8/14 17:00,27,12,15
11/8/14 18:00,11,6,5
11/8/14 19:00,9,5,4
11/8/14 20:00,6,1,5
11/8/14 21:00,6,5,1
11/8/14 22:00,0,0,0
11/8/14 23:00,2,2,0
11/9/14 0:00,1,1,0
11/9/14 1:00,2,2,0
11/9/14 2:00,2,0,2
11/9/14 3:00,1,1,0
11/9/14 4:00,2,1,1
11/9/14 5:00,5,3,2
11/9/14 6:00,4,2,2
11/9/14 7:00,3,0,3
11/9/14 8:00,6,2,4
11/9/14 9:00,9,2,7
11/9/14 10:00,11,2,9
11/9/14 11:00,17,6,11
11/9/14 12:00,16,7,9
11/9/14 13:00,20,11,9
11/9/14 14:00,13,7,6
11/9/14 15:00,7,4,3
11/9/14 16:00,11,7,4
11/9/14 17:00,10,6,4
11/9/14 18:00,5,5,0
11/9/14 19:00,7,3,4
11/9/14 20:00,4,1,3
11/9/14 21:00,2,2,0
11/9/14 22:00,3,2,1
11/9/14 23:00,2,2,0
11/10/14 0:00,0,0,0
11/10/14 1:00,2,1,1
11/10/14 2:00,0,0,0
11/10/14 3:00,1,0,1
11/10/14 4:00,6,1,5
11/10/14 5:00,19,5,14
11/10/14 6:00,38,9,29
11/10/14 7:00,120,9,111
11/10/14 8:00,88,6,82
11/10/14 9:00,42,4,38
11/10/14 10:00,20,1,19
11/10/14 11:00,15,6,9
11/10/14 12:00,28,12,16
11/10/14 13:00,23,12,11
11/10/14 14:00,36,23,13
11/10/14 15:00,41,24,17
11/10/14 16:00,86,67,19
11/10/14 17:00,125,99,26
11/10/14 18:00,74,68,6
11/10/14 19:00,27,21,6
11/10/14 20:00,9,7,2
11/10/14 21:00,7,4,3
11/10/14 22:00,16,12,4
11/10/14 23:00,3,3,0
11/11/14 0:00,2,2,0
11/11/14 1:00,1,1,0
11/11/14 2:00,2,2,0
11/11/14 3:00,0,0,0
11/11/14 4:00,3,2,1
11/11/14 5:00,13,4,9
11/11/14 6:00,39,7,32
11/11/14 7:00,87,5,82
11/11/14 8:00,78,10,68
11/11/14 9:00,43,8,35
11/11/14 10:00,27,7,20
11/11/14 11:00,23,7,16
11/11/14 12:00,23,13,10
11/11/14 13:00,29,11,18
11/11/14 14:00,34,19,15
11/11/14 15:00,38,27,11
11/11/14 16:00,72,50,22
11/11/14 17:00,88,76,12
11/11/14 18:00,55,45,10
11/11/14 19:00,27,23,4
11/11/14 20:00,9,7,2
11/11/14 21:00,4,4,0
11/11/14 22:00,2,2,0
11/11/14 23:00,1,1,0
11/12/14 0:00,0,0,0
11/12/14 1:00,2,2,0
11/12/14 2:00,1,1,0
11/12/14 3:00,0,0,0
11/12/14 4:00,9,2,7
11/12/14 5:00,25,6,19
11/12/14 6:00,45,4,41
11/12/14 7:00,84,12,72
11/12/14 8:00,87,7,80
11/12/14 9:00,43,9,34
11/12/14 10:00,24,11,13
11/12/14 11:00,13,5,8
11/12/14 12:00,11,4,7
11/12/14 13:00,14,7,7
11/12/14 14:00,24,16,8
11/12/14 15:00,38,28,10
11/12/14 16:00,60,47,13
11/12/14 17:00,93,79,14
11/12/14 18:00,62,51,11
11/12/14 19:00,21,16,5
11/12/14 20:00,15,11,4
11/12/14 21:00,12,10,2
11/12/14 22:00,4,3,1
11/12/14 23:00,2,1,1
11/13/14 0:00,1,1,0
11/13/14 1:00,1,1,0
11/13/14 2:00,2,0,2
11/13/14 3:00,0,0,0
11/13/14 4:00,6,1,5
11/13/14 5:00,20,4,16
11/13/14 6:00,47,3,44
11/13/14 7:00,87,17,70
11/13/14 8:00,72,6,66
11/13/14 9:00,32,0,32
11/13/14 10:00,16,0,16
11/13/14 11:00,16,6,10
11/13/14 12:00,13,5,8
11/13/14 13:00,16,10,6
11/13/14 14:00,25,18,7
11/13/14 15:00,32,23,9
11/13/14 16:00,51,41,10
11/13/14 17:00,95,84,11
11/13/14 18:00,63,55,8
11/13/14 19:00,22,15,7
11/13/14 20:00,9,7,2
11/13/14 21:00,8,6,2
11/13/14 22:00,7,4,3
11/13/14 23:00,2,1,1
11/14/14 0:00,1,1,0
11/14/14 1:00,0,0,0
11/14/14 2:00,1,1,0
11/14/14 3:00,1,0,1
11/14/14 4:00,2,0,2
11/14/14 5:00,16,4,12
11/14/14 6:00,31,6,25
11/14/14 7:00,80,9,71
11/14/14 8:00,59,3,56
11/14/14 9:00,28,2,26
11/14/14 10:00,11,1,10
11/14/14 11:00,10,7,3
11/14/14 12:00,22,9,13
11/14/14 13:00,21,12,9
11/14/14 14:00,28,14,14
11/14/14 15:00,32,22,10
11/14/14 16:00,65,45,20
11/14/14 17:00,68,59,9
11/14/14 18:00,38,34,4
11/14/14 19:00,17,13,4
11/14/14 20:00,5,4,1
11/14/14 21:00,6,4,2
11/14/14 22:00,5,4,1
11/14/14 23:00,9,4,5
11/15/14 0:00,0,0,0
11/15/14 1:00,1,1,0
11/15/14 2:00,0,0,0
11/15/14 3:00,3,2,1
11/15/14 4:00,1,1,0
11/15/14 5:00,5,0,5
11/15/14 6:00,7,2,5
11/15/14 7:00,3,0,3
11/15/14 8:00,13,2,11
11/15/14 9:00,27,10,17
11/15/14 10:00,27,15,12
11/15/14 11:00,37,13,24
11/15/14 12:00,49,24,25
11/15/14 13:00,33,19,14
11/15/14 14:00,36,22,14
11/15/14 15:00,27,22,5
11/15/14 16:00,24,14,10
11/15/14 17:00,16,5,11
11/15/14 18:00,18,11,7
11/15/14 19:00,4,2,2
11/15/14 20:00,1,1,0
11/15/14 21:00,4,4,0
11/15/14 22:00,2,2,0
11/15/14 23:00,1,0,1
11/16/14 0:00,4,0,4
11/16/14 1:00,1,1,0
11/16/14 2:00,3,1,2
11/16/14 3:00,2,1,1
11/16/14 4:00,1,1,0
11/16/14 5:00,3,0,3
11/16/14 6:00,3,1,2
11/16/14 7:00,8,4,4
11/16/14 8:00,9,4,5
11/16/14 9:00,16,8,8
11/16/14 10:00,18,3,15
11/16/14 11:00,22,10,12
11/16/14 12:00,20,14,6
11/16/14 13:00,30,16,14
11/16/14 14:00,48,31,17
11/16/14 15:00,40,16,24
11/16/14 16:00,18,9,9
11/16/14 17:00,15,7,8
11/16/14 18:00,5,5,0
11/16/14 19:00,4,2,2
11/16/14 20:00,2,1,1
11/16/14 21:00,3,2,1
11/16/14 22:00,3,2,1
11/16/14 23:00,2,1,1
11/17/14 0:00,1,1,0
11/17/14 1:00,0,0,0
11/17/14 2:00,0,0,0
11/17/14 3:00,2,1,1
11/17/14 4:00,4,2,2
11/17/14 5:00,23,4,19
11/17/14 6:00,60,12,48
11/17/14 7:00,101,10,91
11/17/14 8:00,98,8,90
11/17/14 9:00,35,2,33
11/17/14 10:00,16,4,12
11/17/14 11:00,8,4,4
11/17/14 12:00,11,5,6
11/17/14 13:00,19,7,12
11/17/14 14:00,31,19,12
11/17/14 15:00,37,27,10
11/17/14 16:00,80,68,12
11/17/14 17:00,116,102,14
11/17/14 18:00,59,57,2
11/17/14 19:00,24,21,3
11/17/14 20:00,14,9,5
11/17/14 21:00,2,1,1
11/17/14 22:00,5,3,2
11/17/14 23:00,2,1,1
11/18/14 0:00,3,3,0
11/18/14 1:00,2,1,1
11/18/14 2:00,3,1,2
11/18/14 3:00,0,0,0
11/18/14 4:00,0,0,0
11/18/14 5:00,19,3,16
11/18/14 6:00,52,6,46
11/18/14 7:00,102,16,86
11/18/14 8:00,94,9,85
11/18/14 9:00,43,6,37
11/18/14 10:00,19,7,12
11/18/14 11:00,11,6,5
11/18/14 12:00,20,6,14
11/18/14 13:00,16,6,10
11/18/14 14:00,21,15,6
11/18/14 15:00,33,27,6
11/18/14 16:00,67,52,15
11/18/14 17:00,102,89,13
11/18/14 18:00,68,59,9
11/18/14 19:00,24,22,2
11/18/14 20:00,18,12,6
11/18/14 21:00,7,5,2
11/18/14 22:00,3,3,0
11/18/14 23:00,3,0,3
11/19/14 0:00,1,1,0
11/19/14 1:00,1,1,0
11/19/14 2:00,5,1,4
11/19/14 3:00,1,1,0
11/19/14 4:00,3,1,2
11/19/14 5:00,20,3,17
11/19/14 6:00,55,8,47
11/19/14 7:00,109,12,97
11/19/14 8:00,89,8,81
11/19/14 9:00,34,6,28
11/19/14 10:00,17,5,12
11/19/14 11:00,24,8,16
11/19/14 12:00,17,6,11
11/19/14 13:00,21,11,10
11/19/14 14:00,27,16,11
11/19/14 15:00,40,32,8
11/19/14 16:00,65,52,13
11/19/14 17:00,100,88,12
11/19/14 18:00,74,65,9
11/19/14 19:00,20,16,4
11/19/14 20:00,12,8,4
11/19/14 21:00,20,16,4
11/19/14 22:00,5,3,2
11/19/14 23:00,8,4,4
11/20/14 0:00,1,1,0
11/20/14 1:00,0,0,0
11/20/14 2:00,0,0,0
11/20/14 3:00,4,1,3
11/20/14 4:00,1,0,1
11/20/14 5:00,20,5,15
11/20/14 6:00,50,6,44
11/20/14 7:00,102,11,91
11/20/14 8:00,75,3,72
11/20/14 9:00,50,14,36
11/20/14 10:00,13,2,11
11/20/14 11:00,15,7,8
11/20/14 12:00,9,3,6
11/20/14 13:00,16,8,8
11/20/14 14:00,18,10,8
11/20/14 15:00,30,23,7
11/20/14 16:00,52,45,7
11/20/14 17:00,101,89,12
11/20/14 18:00,67,55,12
11/20/14 19:00,23,19,4
11/20/14 20:00,16,13,3
11/20/14 21:00,12,9,3
11/20/14 22:00,6,5,1
11/20/14 23:00,14,10,4
11/21/14 0:00,0,0,0
11/21/14 1:00,8,1,7
11/21/14 2:00,2,1,1
11/21/14 3:00,4,1,3
11/21/14 4:00,0,0,0
11/21/14 5:00,18,2,16
11/21/14 6:00,30,6,24
11/21/14 7:00,62,6,56
11/21/14 8:00,69,11,58
11/21/14 9:00,29,3,26
11/21/14 10:00,8,1,7
11/21/14 11:00,5,1,4
11/21/14 12:00,4,2,2
11/21/14 13:00,11,6,5
11/21/14 14:00,5,3,2
11/21/14 15:00,19,15,4
11/21/14 16:00,37,28,9
11/21/14 17:00,51,43,8
11/21/14 18:00,36,35,1
11/21/14 19:00,15,10,5
11/21/14 20:00,13,11,2
11/21/14 21:00,5,2,3
11/21/14 22:00,1,0,1
11/21/14 23:00,4,3,1
11/22/14 0:00,1,1,0
11/22/14 1:00,2,1,1
11/22/14 2:00,2,1,1
11/22/14 3:00,0,0,0
11/22/14 4:00,1,1,0
11/22/14 5:00,6,0,6
11/22/14 6:00,4,1,3
11/22/14 7:00,5,0,5
11/22/14 8:00,10,5,5
11/22/14 9:00,15,4,11
11/22/14 10:00,9,2,7
11/22/14 11:00,18,10,8
11/22/14 12:00,19,11,8
11/22/14 13:00,12,6,6
11/22/14 14:00,36,18,18
11/22/14 15:00,26,17,9
11/22/14 16:00,25,15,10
11/22/14 17:00,15,10,5
11/22/14 18:00,7,4,3
11/22/14 19:00,5,2,3
11/22/14 20:00,3,1,2
11/22/14 21:00,5,1,4
11/22/14 22:00,3,2,1
11/22/14 23:00,2,0,2
11/23/14 0:00,5,5,0
11/23/14 1:00,0,0,0
11/23/14 2:00,2,2,0
11/23/14 3:00,1,0,1
11/23/14 4:00,2,2,0
11/23/14 5:00,8,1,7
11/23/14 6:00,3,2,1
11/23/14 7:00,1,1,0
11/23/14 8:00,4,1,3
11/23/14 9:00,6,2,4
11/23/14 10:00,5,2,3
11/23/14 11:00,13,4,9
11/23/14 12:00,23,8,15
11/23/14 13:00,18,10,8
11/23/14 14:00,32,20,12
11/23/14 15:00,30,14,16
11/23/14 16:00,32,18,14
11/23/14 17:00,24,11,13
11/23/14 18:00,7,4,3
11/23/14 19:00,6,4,2
11/23/14 20:00,2,1,1
11/23/14 21:00,2,1,1
11/23/14 22:00,2,2,0
11/23/14 23:00,2,0,2
11/24/14 0:00,2,1,1
11/24/14 1:00,0,0,0
11/24/14 2:00,1,0,1
11/24/14 3:00,1,0,1
11/24/14 4:00,4,0,4
11/24/14 5:00,20,4,16
11/24/14 6:00,46,6,40
11/24/14 7:00,108,13,95
11/24/14 8:00,76,6,70
11/24/14 9:00,46,7,39
11/24/14 10:00,11,0,11
11/24/14 11:00,13,4,9
11/24/14 12:00,12,9,3
11/24/14 13:00,13,4,9
11/24/14 14:00,23,12,11
11/24/14 15:00,29,24,5
11/24/14 16:00,54,45,9
11/24/14 17:00,95,82,13
11/24/14 18:00,62,58,4
11/24/14 19:00,17,14,3
11/24/14 20:00,9,5,4
11/24/14 21:00,6,5,1
11/24/14 22:00,2,1,1
11/24/14 23:00,6,4,2
11/25/14 0:00,1,1,0
11/25/14 1:00,2,1,1
11/25/14 2:00,0,0,0
11/25/14 3:00,5,2,3
11/25/14 4:00,1,0,1
11/25/14 5:00,12,2,10
11/25/14 6:00,28,3,25
11/25/14 7:00,77,5,72
11/25/14 8:00,64,3,61
11/25/14 9:00,33,1,32
11/25/14 10:00,15,2,13
11/25/14 11:00,9,3,6
11/25/14 12:00,6,3,3
11/25/14 13:00,10,4,6
11/25/14 14:00,13,8,5
11/25/14 15:00,23,15,8
11/25/14 16:00,36,32,4
11/25/14 17:00,88,75,13
11/25/14 18:00,42,37,5
11/25/14 19:00,19,18,1
11/25/14 20:00,5,3,2
11/25/14 21:00,8,7,1
11/25/14 22:00,3,2,1
11/25/14 23:00,2,2,0
11/26/14 0:00,2,1,1
11/26/14 1:00,0,0,0
11/26/14 2:00,0,0,0
11/26/14 3:00,0,0,0
11/26/14 4:00,2,0,2
11/26/14 5:00,23,4,19
11/26/14 6:00,48,5,43
11/26/14 7:00,99,13,86
11/26/14 8:00,110,10,100
11/26/14 9:00,45,5,40
11/26/14 10:00,23,7,16
11/26/14 11:00,19,7,12
11/26/14 12:00,23,12,11
11/26/14 13:00,23,9,14
11/26/14 14:00,27,16,11
11/26/14 15:00,42,30,12
11/26/14 16:00,72,56,16
11/26/14 17:00,113,95,18
11/26/14 18:00,71,61,10
11/26/14 19:00,20,17,3
11/26/14 20:00,17,12,5
11/26/14 21:00,16,12,4
11/26/14 22:00,8,6,2
11/26/14 23:00,6,4,2
11/27/14 0:00,1,1,0
11/27/14 1:00,1,0,1
11/27/14 2:00,2,1,1
11/27/14 3:00,2,0,2
11/27/14 4:00,1,1,0
11/27/14 5:00,4,0,4
11/27/14 6:00,4,0,4
11/27/14 7:00,5,3,2
11/27/14 8:00,13,4,9
11/27/14 9:00,17,6,11
11/27/14 10:00,11,4,7
11/27/14 11:00,16,13,3
11/27/14 12:00,15,8,7
11/27/14 13:00,22,12,10
11/27/14 14:00,6,3,3
11/27/14 15:00,15,9,6
11/27/14 16:00,8,3,5
11/27/14 17:00,1,0,1
11/27/14 18:00,5,3,2
11/27/14 19:00,6,0,6
11/27/14 20:00,5,3,2
11/27/14 21:00,2,1,1
11/27/14 22:00,2,1,1
11/27/14 23:00,5,1,4
11/28/14 0:00,6,5,1
11/28/14 1:00,4,3,1
11/28/14 2:00,0,0,0
11/28/14 3:00,0,0,0
11/28/14 4:00,2,0,2
11/28/14 5:00,8,2,6
11/28/14 6:00,14,5,9
11/28/14 7:00,6,2,4
11/28/14 8:00,9,1,8
11/28/14 9:00,11,3,8
11/28/14 10:00,8,2,6
11/28/14 11:00,5,2,3
11/28/14 12:00,2,0,2
11/28/14 13:00,6,5,1
11/28/14 14:00,7,4,3
11/28/14 15:00,6,5,1
11/28/14 16:00,5,4,1
11/28/14 17:00,5,4,1
11/28/14 18:00,3,2,1
11/28/14 19:00,5,3,2
11/28/14 20:00,3,2,1
11/28/14 21:00,1,1,0
11/28/14 22:00,2,2,0
11/28/14 23:00,1,1,0
11/29/14 0:00,0,0,0
11/29/14 1:00,0,0,0
11/29/14 2:00,0,0,0
11/29/14 3:00,3,1,2
11/29/14 4:00,1,0,1
11/29/14 5:00,1,0,1
11/29/14 6:00,0,0,0
11/29/14 7:00,2,0,2
11/29/14 8:00,3,0,3
11/29/14 9:00,2,1,1
11/29/14 10:00,4,2,2
11/29/14 11:00,3,1,2
11/29/14 12:00,3,2,1
11/29/14 13:00,5,3,2
11/29/14 14:00,5,1,4
11/29/14 15:00,6,2,4
11/29/14 16:00,3,2,1
11/29/14 17:00,7,6,1
11/29/14 18:00,4,3,1
11/29/14 19:00,3,2,1
11/29/14 20:00,0,0,0
11/29/14 21:00,0,0,0
11/29/14 22:00,0,0,0
11/29/14 23:00,1,0,1
11/30/14 0:00,2,0,2
11/30/14 1:00,0,0,0
11/30/14 2:00,0,0,0
11/30/14 3:00,2,1,1
11/30/14 4:00,2,2,0
11/30/14 5:00,4,2,2
11/30/14 6:00,1,0,1
11/30/14 7:00,1,1,0
11/30/14 8:00,3,2,1
11/30/14 9:00,3,0,3
11/30/14 10:00,3,1,2
11/30/14 11:00,12,4,8
11/30/14 12:00,14,8,6
11/30/14 13:00,15,5,10
11/30/14 14:00,12,5,7
11/30/14 15:00,15,3,12
11/30/14 16:00,13,9,4
11/30/14 17:00,3,2,1
11/30/14 18:00,2,2,0
11/30/14 19:00,2,1,1
11/30/14 20:00,3,3,0
11/30/14 21:00,9,5,4
11/30/14 22:00,2,1,1
11/30/14 23:00,1,1,0
12/1/14 0:00,0,0,0
12/1/14 1:00,0,0,0
12/1/14 2:00,1,0,1
12/1/14 3:00,2,1,1
12/1/14 4:00,3,0,3
12/1/14 5:00,11,1,10
12/1/14 6:00,23,4,19
12/1/14 7:00,54,11,43
12/1/14 8:00,59,3,56
12/1/14 9:00,19,5,14
12/1/14 10:00,4,1,3
12/1/14 11:00,14,10,4
12/1/14 12:00,22,7,15
12/1/14 13:00,8,3,5
12/1/14 14:00,12,4,8
12/1/14 15:00,18,13,5
12/1/14 16:00,36,26,10
12/1/14 17:00,68,59,9
12/1/14 18:00,43,40,3
12/1/14 19:00,10,9,1
12/1/14 20:00,5,4,1
12/1/14 21:00,5,3,2
12/1/14 22:00,4,1,3
12/1/14 23:00,1,0,1
12/2/14 0:00,1,1,0
12/2/14 1:00,1,1,0
12/2/14 2:00,1,0,1
12/2/14 3:00,3,3,0
12/2/14 4:00,0,0,0
12/2/14 5:00,13,2,11
12/2/14 6:00,41,4,37
12/2/14 7:00,64,8,56
12/2/14 8:00,71,9,62
12/2/14 9:00,30,3,27
12/2/14 10:00,8,3,5
12/2/14 11:00,8,4,4
12/2/14 12:00,12,7,5
12/2/14 13:00,15,7,8
12/2/14 14:00,16,10,6
12/2/14 15:00,16,15,1
12/2/14 16:00,52,39,13
12/2/14 17:00,87,77,10
12/2/14 18:00,39,35,4
12/2/14 19:00,16,14,2
12/2/14 20:00,6,5,1
12/2/14 21:00,5,4,1
12/2/14 22:00,1,0,1
12/2/14 23:00,4,2,2
12/3/14 0:00,0,0,0
12/3/14 1:00,1,1,0
12/3/14 2:00,3,2,1
12/3/14 3:00,1,0,1
12/3/14 4:00,5,1,4
12/3/14 5:00,13,3,10
12/3/14 6:00,37,2,35
12/3/14 7:00,74,7,67
12/3/14 8:00,64,7,57
12/3/14 9:00,27,1,26
12/3/14 10:00,12,3,9
12/3/14 11:00,12,3,9
12/3/14 12:00,13,4,9
12/3/14 13:00,12,8,4
12/3/14 14:00,15,8,7
12/3/14 15:00,27,19,8
12/3/14 16:00,58,43,15
12/3/14 17:00,80,69,11
12/3/14 18:00,49,47,2
12/3/14 19:00,23,20,3
12/3/14 20:00,9,7,2
12/3/14 21:00,7,4,3
12/3/14 22:00,2,2,0
12/3/14 23:00,2,2,0
12/4/14 0:00,2,1,1
12/4/14 1:00,0,0,0
12/4/14 2:00,2,1,1
12/4/14 3:00,2,1,1
12/4/14 4:00,1,0,1
12/4/14 5:00,15,3,12
12/4/14 6:00,30,6,24
12/4/14 7:00,88,14,74
12/4/14 8:00,75,6,69
12/4/14 9:00,31,1,30
12/4/14 10:00,6,1,5
12/4/14 11:00,14,4,10
12/4/14 12:00,6,3,3
12/4/14 13:00,11,4,7
12/4/14 14:00,17,11,6
12/4/14 15:00,19,13,6
12/4/14 16:00,44,37,7
12/4/14 17:00,98,80,18
12/4/14 18:00,50,45,5
12/4/14 19:00,22,21,1
12/4/14 20:00,9,8,1
12/4/14 21:00,8,5,3
12/4/14 22:00,0,0,0
12/4/14 23:00,4,3,1
12/5/14 0:00,3,2,1
12/5/14 1:00,0,0,0
12/5/14 2:00,1,1,0
12/5/14 3:00,3,0,3
12/5/14 4:00,1,0,1
12/5/14 5:00,12,4,8
12/5/14 6:00,37,2,35
12/5/14 7:00,66,13,53
12/5/14 8:00,74,6,68
12/5/14 9:00,23,3,20
12/5/14 10:00,9,2,7
12/5/14 11:00,8,4,4
12/5/14 12:00,11,6,5
12/5/14 13:00,5,3,2
12/5/14 14:00,20,11,9
12/5/14 15:00,19,14,5
12/5/14 16:00,44,33,11
12/5/14 17:00,72,59,13
12/5/14 18:00,41,35,6
12/5/14 19:00,16,12,4
12/5/14 20:00,11,7,4
12/5/14 21:00,11,9,2
12/5/14 22:00,2,2,0
12/5/14 23:00,4,3,1
12/6/14 0:00,3,2,1
12/6/14 1:00,1,0,1
12/6/14 2:00,3,2,1
12/6/14 3:00,4,3,1
12/6/14 4:00,0,0,0
12/6/14 5:00,3,0,3
12/6/14 6:00,8,3,5
12/6/14 7:00,16,10,6
12/6/14 8:00,19,8,11
12/6/14 9:00,20,8,12
12/6/14 10:00,18,11,7
12/6/14 11:00,21,12,9
12/6/14 12:00,17,8,9
12/6/14 13:00,20,10,10
12/6/14 14:00,24,7,17
12/6/14 15:00,16,9,7
12/6/14 16:00,15,10,5
12/6/14 17:00,4,2,2
12/6/14 18:00,15,9,6
12/6/14 19:00,11,7,4
12/6/14 20:00,5,2,3
12/6/14 21:00,2,0,2
12/6/14 22:00,3,1,2
12/6/14 23:00,6,4,2
12/7/14 0:00,5,0,5
12/7/14 1:00,3,1,2
12/7/14 2:00,2,2,0
12/7/14 3:00,3,2,1
12/7/14 4:00,1,1,0
12/7/14 5:00,3,0,3
12/7/14 6:00,1,0,1
12/7/14 7:00,7,2,5
12/7/14 8:00,13,2,11
12/7/14 9:00,26,11,15
12/7/14 10:00,31,14,17
12/7/14 11:00,47,29,18
12/7/14 12:00,57,27,30
12/7/14 13:00,35,9,26
12/7/14 14:00,32,18,14
12/7/14 15:00,36,19,17
12/7/14 16:00,36,16,20
12/7/14 17:00,19,10,9
12/7/14 18:00,6,5,1
12/7/14 19:00,4,2,2
12/7/14 20:00,8,5,3
12/7/14 21:00,4,1,3
12/7/14 22:00,6,6,0
12/7/14 23:00,7,3,4
12/8/14 0:00,0,0,0
12/8/14 1:00,0,0,0
12/8/14 2:00,2,0,2
12/8/14 3:00,3,0,3
12/8/14 4:00,3,1,2
12/8/14 5:00,21,2,19
12/8/14 6:00,57,6,51
12/8/14 7:00,103,11,92
12/8/14 8:00,79,6,73
12/8/14 9:00,41,3,38
12/8/14 10:00,15,2,13
12/8/14 11:00,21,11,10
12/8/14 12:00,22,8,14
12/8/14 13:00,19,12,7
12/8/14 14:00,18,10,8
12/8/14 15:00,34,29,5
12/8/14 16:00,57,44,13
12/8/14 17:00,96,82,14
12/8/14 18:00,57,53,4
12/8/14 19:00,21,18,3
12/8/14 20:00,4,3,1
12/8/14 21:00,3,3,0
12/8/14 22:00,7,5,2
12/8/14 23:00,1,0,1
12/9/14 0:00,0,0,0
12/9/14 1:00,0,0,0
12/9/14 2:00,0,0,0
12/9/14 3:00,0,0,0
12/9/14 4:00,1,0,1
12/9/14 5:00,11,3,8
12/9/14 6:00,43,6,37
12/9/14 7:00,87,6,81
12/9/14 8:00,73,7,66
12/9/14 9:00,28,3,25
12/9/14 10:00,8,3,5
12/9/14 11:00,9,2,7
12/9/14 12:00,1,0,1
12/9/14 13:00,5,2,3
12/9/14 14:00,15,10,5
12/9/14 15:00,35,21,14
12/9/14 16:00,48,38,10
12/9/14 17:00,92,78,14
12/9/14 18:00,57,51,6
12/9/14 19:00,15,10,5
12/9/14 20:00,10,9,1
12/9/14 21:00,7,4,3
12/9/14 22:00,5,3,2
12/9/14 23:00,2,2,0
12/10/14 0:00,2,2,0
12/10/14 1:00,0,0,0
12/10/14 2:00,1,0,1
12/10/14 3:00,1,0,1
12/10/14 4:00,3,2,1
12/10/14 5:00,22,3,19
12/10/14 6:00,42,4,38
12/10/14 7:00,80,9,71
12/10/14 8:00,69,2,67
12/10/14 9:00,36,4,32
12/10/14 10:00,17,6,11
12/10/14 11:00,7,1,6
12/10/14 12:00,8,5,3
12/10/14 13:00,4,1,3
12/10/14 14:00,7,3,4
12/10/14 15:00,16,11,5
12/10/14 16:00,45,36,9
12/10/14 17:00,87,72,15
12/10/14 18:00,46,40,6
12/10/14 19:00,14,14,0
12/10/14 20:00,7,6,1
12/10/14 21:00,5,4,1
12/10/14 22:00,1,1,0
12/10/14 23:00,2,1,1
12/11/14 0:00,0,0,0
12/11/14 1:00,1,1,0
12/11/14 2:00,1,0,1
12/11/14 3:00,7,1,6
12/11/14 4:00,4,0,4
12/11/14 5:00,20,7,13
12/11/14 6:00,29,6,23
12/11/14 7:00,75,14,61
12/11/14 8:00,70,5,65
12/11/14 9:00,25,6,19
12/11/14 10:00,5,2,3
12/11/14 11:00,10,7,3
12/11/14 12:00,7,0,7
12/11/14 13:00,5,3,2
12/11/14 14:00,9,7,2
12/11/14 15:00,30,22,8
12/11/14 16:00,42,32,10
12/11/14 17:00,73,54,19
12/11/14 18:00,38,35,3
12/11/14 19:00,12,10,2
12/11/14 20:00,4,3,1
12/11/14 21:00,6,4,2
12/11/14 22:00,17,14,3
12/11/14 23:00,2,0,2
12/12/14 0:00,0,0,0
12/12/14 1:00,0,0,0
12/12/14 2:00,0,0,0
12/12/14 3:00,3,2,1
12/12/14 4:00,3,1,2
12/12/14 5:00,20,4,16
12/12/14 6:00,22,3,19
12/12/14 7:00,76,12,64
12/12/14 8:00,70,5,65
12/12/14 9:00,29,4,25
12/12/14 10:00,14,5,9
12/12/14 11:00,10,4,6
12/12/14 12:00,16,6,10
12/12/14 13:00,23,7,16
12/12/14 14:00,10,9,1
12/12/14 15:00,30,18,12
12/12/14 16:00,60,48,12
12/12/14 17:00,85,71,14
12/12/14 18:00,52,46,6
12/12/14 19:00,13,11,2
12/12/14 20:00,10,7,3
12/12/14 21:00,3,2,1
12/12/14 22:00,1,1,0
12/12/14 23:00,4,3,1
12/13/14 0:00,3,3,0
12/13/14 1:00,1,1,0
12/13/14 2:00,0,0,0
12/13/14 3:00,3,3,0
12/13/14 4:00,1,1,0
12/13/14 5:00,2,0,2
12/13/14 6:00,12,1,11
12/13/14 7:00,9,3,6
12/13/14 8:00,17,3,14
12/13/14 9:00,15,8,7
12/13/14 10:00,19,8,11
12/13/14 11:00,39,20,19
12/13/14 12:00,37,20,17
12/13/14 13:00,63,25,38
12/13/14 14:00,38,15,23
12/13/14 15:00,30,16,14
12/13/14 16:00,23,13,10
12/13/14 17:00,14,8,6
12/13/14 18:00,18,9,9
12/13/14 19:00,2,2,0
12/13/14 20:00,2,1,1
12/13/14 21:00,9,4,5
12/13/14 22:00,4,4,0
12/13/14 23:00,2,2,0
12/14/14 0:00,0,0,0
12/14/14 1:00,6,1,5
12/14/14 2:00,2,2,0
12/14/14 3:00,2,1,1
12/14/14 4:00,1,1,0
12/14/14 5:00,3,0,3
12/14/14 6:00,6,2,4
12/14/14 7:00,1,0,1
12/14/14 8:00,12,1,11
12/14/14 9:00,39,8,31
12/14/14 10:00,31,18,13
12/14/14 11:00,42,23,19
12/14/14 12:00,51,25,26
12/14/14 13:00,52,28,24
12/14/14 14:00,36,14,22
12/14/14 15:00,40,23,17
12/14/14 16:00,25,13,12
12/14/14 17:00,25,16,9
12/14/14 18:00,7,5,2
12/14/14 19:00,1,1,0
12/14/14 20:00,8,8,0
12/14/14 21:00,3,0,3
12/14/14 22:00,4,1,3
12/14/14 23:00,5,2,3
12/15/14 0:00,2,0,2
12/15/14 1:00,1,0,1
12/15/14 2:00,0,0,0
12/15/14 3:00,0,0,0
12/15/14 4:00,3,0,3
12/15/14 5:00,22,4,18
12/15/14 6:00,47,5,42
12/15/14 7:00,99,12,87
12/15/14 8:00,79,5,74
12/15/14 9:00,40,3,37
12/15/14 10:00,15,3,12
12/15/14 11:00,12,5,7
12/15/14 12:00,16,7,9
12/15/14 13:00,19,5,14
12/15/14 14:00,23,15,8
12/15/14 15:00,34,25,9
12/15/14 16:00,59,46,13
12/15/14 17:00,114,100,14
12/15/14 18:00,61,58,3
12/15/14 19:00,21,19,2
12/15/14 20:00,11,7,4
12/15/14 21:00,5,3,2
12/15/14 22:00,6,6,0
12/15/14 23:00,5,1,4
12/16/14 0:00,0,0,0
12/16/14 1:00,1,1,0
12/16/14 2:00,0,0,0
12/16/14 3:00,1,0,1
12/16/14 4:00,3,1,2
12/16/14 5:00,21,6,15
12/16/14 6:00,67,13,54
12/16/14 7:00,89,15,74
12/16/14 8:00,99,8,91
12/16/14 9:00,41,9,32
12/16/14 10:00,18,4,14
12/16/14 11:00,14,8,6
12/16/14 12:00,19,8,11
12/16/14 13:00,13,4,9
12/16/14 14:00,17,11,6
12/16/14 15:00,25,15,10
12/16/14 16:00,67,56,11
12/16/14 17:00,121,107,14
12/16/14 18:00,58,55,3
12/16/14 19:00,22,19,3
12/16/14 20:00,7,6,1
12/16/14 21:00,8,4,4
12/16/14 22:00,5,3,2
12/16/14 23:00,4,1,3
12/17/14 0:00,5,4,1
12/17/14 1:00,1,1,0
12/17/14 2:00,4,2,2
12/17/14 3:00,2,0,2
12/17/14 4:00,4,2,2
12/17/14 5:00,19,5,14
12/17/14 6:00,46,7,39
12/17/14 7:00,78,10,68
12/17/14 8:00,80,6,74
12/17/14 9:00,29,1,28
12/17/14 10:00,9,3,6
12/17/14 11:00,11,4,7
12/17/14 12:00,13,6,7
12/17/14 13:00,16,7,9
12/17/14 14:00,12,8,4
12/17/14 15:00,20,16,4
12/17/14 16:00,59,49,10
12/17/14 17:00,101,83,18
12/17/14 18:00,42,38,4
12/17/14 19:00,14,13,1
12/17/14 20:00,12,10,2
12/17/14 21:00,4,4,0
12/17/14 22:00,0,0,0
12/17/14 23:00,1,0,1
12/18/14 0:00,0,0,0
12/18/14 1:00,0,0,0
12/18/14 2:00,1,0,1
12/18/14 3:00,2,0,2
12/18/14 4:00,1,0,1
12/18/14 5:00,22,6,16
12/18/14 6:00,46,11,35
12/18/14 7:00,80,12,68
12/18/14 8:00,77,10,67
12/18/14 9:00,49,8,41
12/18/14 10:00,11,3,8
12/18/14 11:00,9,3,6
12/18/14 12:00,12,4,8
12/18/14 13:00,7,6,1
12/18/14 14:00,10,10,0
12/18/14 15:00,24,16,8
12/18/14 16:00,42,33,9
12/18/14 17:00,86,72,14
12/18/14 18:00,50,42,8
12/18/14 19:00,24,21,3
12/18/14 20:00,7,5,2
12/18/14 21:00,4,3,1
12/18/14 22:00,6,4,2
12/18/14 23:00,3,1,2
12/19/14 0:00,0,0,0
12/19/14 1:00,3,3,0
12/19/14 2:00,1,0,1
12/19/14 3:00,1,0,1
12/19/14 4:00,3,1,2
12/19/14 5:00,19,5,14
12/19/14 6:00,30,7,23
12/19/14 7:00,68,7,61
12/19/14 8:00,49,1,48
12/19/14 9:00,15,1,14
12/19/14 10:00,12,3,9
12/19/14 11:00,10,3,7
12/19/14 12:00,18,8,10
12/19/14 13:00,22,13,9
12/19/14 14:00,19,11,8
12/19/14 15:00,31,20,11
12/19/14 16:00,59,45,14
12/19/14 17:00,61,49,12
12/19/14 18:00,39,36,3
12/19/14 19:00,12,9,3
12/19/14 20:00,9,8,1
12/19/14 21:00,9,4,5
12/19/14 22:00,6,4,2
12/19/14 23:00,3,1,2
12/20/14 0:00,2,2,0
12/20/14 1:00,0,0,0
12/20/14 2:00,3,2,1
12/20/14 3:00,0,0,0
12/20/14 4:00,0,0,0
12/20/14 5:00,2,1,1
12/20/14 6:00,5,2,3
12/20/14 7:00,2,1,1
12/20/14 8:00,10,4,6
12/20/14 9:00,12,6,6
12/20/14 10:00,4,3,1
12/20/14 11:00,8,6,2
12/20/14 12:00,3,2,1
12/20/14 13:00,6,2,4
12/20/14 14:00,4,1,3
12/20/14 15:00,6,3,3
12/20/14 16:00,45,42,3
12/20/14 17:00,11,8,3
12/20/14 18:00,2,1,1
12/20/14 19:00,4,2,2
12/20/14 20:00,2,2,0
12/20/14 21:00,6,1,5
12/20/14 22:00,8,3,5
12/20/14 23:00,8,3,5
12/21/14 0:00,5,0,5
12/21/14 1:00,18,1,17
12/21/14 2:00,6,1,5
12/21/14 3:00,2,0,2
12/21/14 4:00,2,1,1
12/21/14 5:00,5,1,4
12/21/14 6:00,3,2,1
12/21/14 7:00,7,3,4
12/21/14 8:00,6,1,5
12/21/14 9:00,13,6,7
12/21/14 10:00,18,5,13
12/21/14 11:00,27,16,11
12/21/14 12:00,27,11,16
12/21/14 13:00,27,18,9
12/21/14 14:00,29,14,15
12/21/14 15:00,38,15,23
12/21/14 16:00,14,8,6
12/21/14 17:00,12,5,7
12/21/14 18:00,4,4,0
12/21/14 19:00,8,3,5
12/21/14 20:00,0,0,0
12/21/14 21:00,6,2,4
12/21/14 22:00,8,5,3
12/21/14 23:00,3,1,2
12/22/14 0:00,1,1,0
12/22/14 1:00,2,2,0
12/22/14 2:00,3,1,2
12/22/14 3:00,3,2,1
12/22/14 4:00,3,1,2
12/22/14 5:00,13,2,11
12/22/14 6:00,43,8,35
12/22/14 7:00,75,10,65
12/22/14 8:00,73,9,64
12/22/14 9:00,29,6,23
12/22/14 10:00,21,8,13
12/22/14 11:00,17,8,9
12/22/14 12:00,26,17,9
12/22/14 13:00,15,6,9
12/22/14 14:00,35,14,21
12/22/14 15:00,23,16,7
12/22/14 16:00,60,48,12
12/22/14 17:00,74,65,9
12/22/14 18:00,36,32,4
12/22/14 19:00,18,14,4
12/22/14 20:00,8,6,2
12/22/14 21:00,5,5,0
12/22/14 22:00,4,3,1
12/22/14 23:00,2,2,0
12/23/14 0:00,0,0,0
12/23/14 1:00,2,2,0
12/23/14 2:00,0,0,0
12/23/14 3:00,3,1,2
12/23/14 4:00,0,0,0
12/23/14 5:00,18,9,9
12/23/14 6:00,30,1,29
12/23/14 7:00,54,7,47
12/23/14 8:00,49,5,44
12/23/14 9:00,29,7,22
12/23/14 10:00,22,10,12
12/23/14 11:00,10,7,3
12/23/14 12:00,9,2,7
12/23/14 13:00,10,6,4
12/23/14 14:00,15,10,5
12/23/14 15:00,20,15,5
12/23/14 16:00,35,29,6
12/23/14 17:00,52,46,6
12/23/14 18:00,21,19,2
12/23/14 19:00,3,3,0
12/23/14 20:00,1,1,0
12/23/14 21:00,0,0,0
12/23/14 22:00,1,1,0
12/23/14 23:00,2,2,0
12/24/14 0:00,0,0,0
12/24/14 1:00,0,0,0
12/24/14 2:00,1,1,0
12/24/14 3:00,0,0,0
12/24/14 4:00,1,1,0
12/24/14 5:00,4,2,2
12/24/14 6:00,16,4,12
12/24/14 7:00,18,2,16
12/24/14 8:00,16,3,13
12/24/14 9:00,11,2,9
12/24/14 10:00,7,4,3
12/24/14 11:00,9,5,4
12/24/14 12:00,10,5,5
12/24/14 13:00,19,14,5
12/24/14 14:00,18,12,6
12/24/14 15:00,27,20,7
12/24/14 16:00,17,11,6
12/24/14 17:00,16,14,2
12/24/14 18:00,6,5,1
12/24/14 19:00,0,0,0
12/24/14 20:00,5,0,5
12/24/14 21:00,2,0,2
12/24/14 22:00,0,0,0
12/24/14 23:00,2,0,2
12/25/14 0:00,1,1,0
12/25/14 1:00,0,0,0
12/25/14 2:00,1,0,1
12/25/14 3:00,0,0,0
12/25/14 4:00,0,0,0
12/25/14 5:00,2,0,2
12/25/14 6:00,5,2,3
12/25/14 7:00,0,0,0
12/25/14 8:00,10,5,5
12/25/14 9:00,7,3,4
12/25/14 10:00,12,8,4
12/25/14 11:00,29,18,11
12/25/14 12:00,38,14,24
12/25/14 13:00,18,9,9
12/25/14 14:00,37,13,24
12/25/14 15:00,23,9,14
12/25/14 16:00,19,9,10
12/25/14 17:00,6,2,4
12/25/14 18:00,1,1,0
12/25/14 19:00,2,1,1
12/25/14 20:00,0,0,0
12/25/14 21:00,4,2,2
12/25/14 22:00,4,4,0
12/25/14 23:00,1,0,1
12/26/14 0:00,1,1,0
12/26/14 1:00,0,0,0
12/26/14 2:00,0,0,0
12/26/14 3:00,1,0,1
12/26/14 4:00,6,1,5
12/26/14 5:00,7,2,5
12/26/14 6:00,9,1,8
12/26/14 7:00,17,4,13
12/26/14 8:00,20,5,15
12/26/14 9:00,28,10,18
12/26/14 10:00,22,15,7
12/26/14 11:00,16,6,10
12/26/14 12:00,32,9,23
12/26/14 13:00,19,10,9
12/26/14 14:00,26,12,14
12/26/14 15:00,23,13,10
12/26/14 16:00,26,19,7
12/26/14 17:00,17,15,2
12/26/14 18:00,15,14,1
12/26/14 19:00,9,6,3
12/26/14 20:00,3,2,1
12/26/14 21:00,2,1,1
12/26/14 22:00,2,0,2
12/26/14 23:00,3,2,1
12/27/14 0:00,2,1,1
12/27/14 1:00,1,1,0
12/27/14 2:00,4,2,2
12/27/14 3:00,1,1,0
12/27/14 4:00,4,2,2
12/27/14 5:00,3,0,3
12/27/14 6:00,3,0,3
12/27/14 7:00,7,4,3
12/27/14 8:00,7,1,6
12/27/14 9:00,10,0,10
12/27/14 10:00,13,4,9
12/27/14 11:00,15,7,8
12/27/14 12:00,20,11,9
12/27/14 13:00,16,12,4
12/27/14 14:00,8,3,5
12/27/14 15:00,17,8,9
12/27/14 16:00,15,7,8
12/27/14 17:00,6,3,3
12/27/14 18:00,7,4,3
12/27/14 19:00,4,1,3
12/27/14 20:00,1,1,0
12/27/14 21:00,2,1,1
12/27/14 22:00,1,1,0
12/27/14 23:00,0,0,0
12/28/14 0:00,1,1,0
12/28/14 1:00,0,0,0
12/28/14 2:00,2,1,1
12/28/14 3:00,2,0,2
12/28/14 4:00,2,1,1
12/28/14 5:00,0,0,0
12/28/14 6:00,4,3,1
12/28/14 7:00,4,1,3
12/28/14 8:00,7,0,7
12/28/14 9:00,30,14,16
12/28/14 10:00,29,18,11
12/28/14 11:00,23,12,11
12/28/14 12:00,21,12,9
12/28/14 13:00,14,7,7
12/28/14 14:00,17,10,7
12/28/14 15:00,29,14,15
12/28/14 16:00,10,4,6
12/28/14 17:00,10,5,5
12/28/14 18:00,7,3,4
12/28/14 19:00,3,1,2
12/28/14 20:00,4,4,0
12/28/14 21:00,4,3,1
12/28/14 22:00,1,1,0
12/28/14 23:00,2,2,0
12/29/14 0:00,0,0,0
12/29/14 1:00,2,1,1
12/29/14 2:00,2,0,2
12/29/14 3:00,10,5,5
12/29/14 4:00,0,0,0
12/29/14 5:00,12,4,8
12/29/14 6:00,35,7,28
12/29/14 7:00,54,4,50
12/29/14 8:00,57,7,50
12/29/14 9:00,33,3,30
12/29/14 10:00,12,3,9
12/29/14 11:00,14,5,9
12/29/14 12:00,12,4,8
12/29/14 13:00,14,7,7
12/29/14 14:00,18,7,11
12/29/14 15:00,35,30,5
12/29/14 16:00,42,33,9
12/29/14 17:00,72,62,10
12/29/14 18:00,38,35,3
12/29/14 19:00,5,5,0
12/29/14 20:00,6,5,1
12/29/14 21:00,4,1,3
12/29/14 22:00,3,2,1
12/29/14 23:00,3,3,0
12/30/14 0:00,0,0,0
12/30/14 1:00,3,3,0
12/30/14 2:00,3,0,3
12/30/14 3:00,1,0,1
12/30/14 4:00,3,1,2
12/30/14 5:00,7,0,7
12/30/14 6:00,24,6,18
12/30/14 7:00,44,3,41
12/30/14 8:00,45,4,41
12/30/14 9:00,17,4,13
12/30/14 10:00,10,2,8
12/30/14 11:00,15,7,8
12/30/14 12:00,19,12,7
12/30/14 13:00,21,10,11
12/30/14 14:00,19,11,8
12/30/14 15:00,23,15,8
12/30/14 16:00,42,36,6
12/30/14 17:00,49,43,6
12/30/14 18:00,29,25,4
12/30/14 19:00,10,6,4
12/30/14 20:00,4,4,0
12/30/14 21:00,2,2,0
12/30/14 22:00,1,0,1
12/30/14 23:00,4,4,0
12/31/14 0:00,1,0,1
12/31/14 1:00,0,0,0
12/31/14 2:00,0,0,0
12/31/14 3:00,1,0,1
12/31/14 4:00,5,2,3
12/31/14 5:00,8,1,7
12/31/14 6:00,21,2,19
12/31/14 7:00,46,8,38
12/31/14 8:00,40,5,35
12/31/14 9:00,21,2,19
12/31/14 10:00,8,4,4
12/31/14 11:00,10,4,6
12/31/14 12:00,21,10,11
12/31/14 13:00,11,4,7
12/31/14 14:00,35,25,10
12/31/14 15:00,46,35,11
12/31/14 16:00,45,32,13
12/31/14 17:00,35,27,8
12/31/14 18:00,16,13,3
12/31/14 19:00,11,9,2
12/31/14 20:00,3,3,0
12/31/14 21:00,0,0,0
12/31/14 22:00,2,0,2
12/31/14 23:00,2,0,2
1/1/15 0:00,0,0,0
1/1/15 1:00,5,4,1
1/1/15 2:00,2,1,1
1/1/15 3:00,7,4,3
1/1/15 4:00,2,1,1
1/1/15 5:00,0,0,0
1/1/15 6:00,1,0,1
1/1/15 7:00,3,1,2
1/1/15 8:00,3,1,2
1/1/15 9:00,4,2,2
1/1/15 10:00,6,5,1
1/1/15 11:00,21,6,15
1/1/15 12:00,21,9,12
1/1/15 13:00,35,15,20
1/1/15 14:00,30,12,18
1/1/15 15:00,38,19,19
1/1/15 16:00,13,9,4
1/1/15 17:00,9,5,4
1/1/15 18:00,10,4,6
1/1/15 19:00,35,32,3
1/1/15 20:00,1,1,0
1/1/15 21:00,2,1,1
1/1/15 22:00,3,1,2
1/1/15 23:00,5,1,4
1/2/15 0:00,2,2,0
1/2/15 1:00,1,0,1
1/2/15 2:00,1,1,0
1/2/15 3:00,1,0,1
1/2/15 4:00,4,0,4
1/2/15 5:00,6,3,3
1/2/15 6:00,22,3,19
1/2/15 7:00,25,2,23
1/2/15 8:00,38,4,34
1/2/15 9:00,16,3,13
1/2/15 10:00,9,1,8
1/2/15 11:00,15,10,5
1/2/15 12:00,11,8,3
1/2/15 13:00,18,5,13
1/2/15 14:00,9,6,3
1/2/15 15:00,22,21,1
1/2/15 16:00,34,26,8
1/2/15 17:00,38,35,3
1/2/15 18:00,13,11,2
1/2/15 19:00,10,8,2
1/2/15 20:00,4,2,2
1/2/15 21:00,1,0,1
1/2/15 22:00,1,1,0
1/2/15 23:00,3,3,0
1/3/15 0:00,1,1,0
1/3/15 1:00,1,0,1
1/3/15 2:00,1,1,0
1/3/15 3:00,3,2,1
1/3/15 4:00,2,0,2
1/3/15 5:00,1,0,1
1/3/15 6:00,6,3,3
1/3/15 7:00,4,1,3
1/3/15 8:00,8,2,6
1/3/15 9:00,14,5,9
1/3/15 10:00,21,9,12
1/3/15 11:00,18,8,10
1/3/15 12:00,26,15,11
1/3/15 13:00,37,20,17
1/3/15 14:00,12,6,6
1/3/15 15:00,18,8,10
1/3/15 16:00,11,2,9
1/3/15 17:00,12,9,3
1/3/15 18:00,4,2,2
1/3/15 19:00,8,5,3
1/3/15 20:00,3,1,2
1/3/15 21:00,6,3,3
1/3/15 22:00,4,1,3
1/3/15 23:00,3,2,1
1/4/15 0:00,1,1,0
1/4/15 1:00,2,1,1
1/4/15 2:00,0,0,0
1/4/15 3:00,2,1,1
1/4/15 4:00,2,2,0
1/4/15 5:00,4,0,4
1/4/15 6:00,6,2,4
1/4/15 7:00,3,3,0
1/4/15 8:00,6,1,5
1/4/15 9:00,3,3,0
1/4/15 10:00,7,4,3
1/4/15 11:00,8,3,5
1/4/15 12:00,5,1,4
1/4/15 13:00,7,5,2
1/4/15 14:00,3,3,0
1/4/15 15:00,4,4,0
1/4/15 16:00,9,4,5
1/4/15 17:00,9,1,8
1/4/15 18:00,4,2,2
1/4/15 19:00,1,1,0
1/4/15 20:00,3,3,0
1/4/15 21:00,3,0,3
1/4/15 22:00,1,0,1
1/4/15 23:00,0,0,0
1/5/15 0:00,1,0,1
1/5/15 1:00,1,0,1
1/5/15 2:00,0,0,0
1/5/15 3:00,1,1,0
1/5/15 4:00,1,0,1
1/5/15 5:00,18,5,13
1/5/15 6:00,45,7,38
1/5/15 7:00,76,8,68
1/5/15 8:00,76,8,68
1/5/15 9:00,17,0,17
1/5/15 10:00,10,1,9
1/5/15 11:00,3,1,2
1/5/15 12:00,2,1,1
1/5/15 13:00,7,2,5
1/5/15 14:00,13,7,6
1/5/15 15:00,17,12,5
1/5/15 16:00,38,30,8
1/5/15 17:00,101,81,20
1/5/15 18:00,55,52,3
1/5/15 19:00,13,10,3
1/5/15 20:00,4,3,1
1/5/15 21:00,2,2,0
1/5/15 22:00,1,0,1
1/5/15 23:00,2,2,0
1/6/15 0:00,0,0,0
1/6/15 1:00,0,0,0
1/6/15 2:00,2,1,1
1/6/15 3:00,3,1,2
1/6/15 4:00,3,2,1
1/6/15 5:00,19,2,17
1/6/15 6:00,61,5,56
1/6/15 7:00,110,18,92
1/6/15 8:00,122,14,108
1/6/15 9:00,44,8,36
1/6/15 10:00,21,6,15
1/6/15 11:00,18,8,10
1/6/15 12:00,20,8,12
1/6/15 13:00,19,8,11
1/6/15 14:00,20,15,5
1/6/15 15:00,32,25,7
1/6/15 16:00,87,68,19
1/6/15 17:00,125,112,13
1/6/15 18:00,76,70,6
1/6/15 19:00,31,23,8
1/6/15 20:00,8,6,2
1/6/15 21:00,11,9,2
1/6/15 22:00,6,3,3
1/6/15 23:00,2,1,1
1/7/15 0:00,0,0,0
1/7/15 1:00,1,0,1
1/7/15 2:00,0,0,0
1/7/15 3:00,3,0,3
1/7/15 4:00,3,1,2
1/7/15 5:00,17,2,15
1/7/15 6:00,72,10,62
1/7/15 7:00,98,12,86
1/7/15 8:00,110,11,99
1/7/15 9:00,40,5,35
1/7/15 10:00,15,4,11
1/7/15 11:00,28,13,15
1/7/15 12:00,18,4,14
1/7/15 13:00,15,6,9
1/7/15 14:00,24,15,9
1/7/15 15:00,46,38,8
1/7/15 16:00,66,58,8
1/7/15 17:00,126,107,19
1/7/15 18:00,88,74,14
1/7/15 19:00,23,19,4
1/7/15 20:00,9,7,2
1/7/15 21:00,8,5,3
1/7/15 22:00,5,1,4
1/7/15 23:00,5,5,0
1/8/15 0:00,3,3,0
1/8/15 1:00,2,1,1
1/8/15 2:00,3,2,1
1/8/15 3:00,2,1,1
1/8/15 4:00,3,0,3
1/8/15 5:00,19,4,15
1/8/15 6:00,50,7,43
1/8/15 7:00,107,16,91
1/8/15 8:00,94,5,89
1/8/15 9:00,40,3,37
1/8/15 10:00,18,5,13
1/8/15 11:00,18,7,11
1/8/15 12:00,25,12,13
1/8/15 13:00,23,11,12
1/8/15 14:00,35,22,13
1/8/15 15:00,34,25,9
1/8/15 16:00,75,55,20
1/8/15 17:00,127,110,17
1/8/15 18:00,55,47,8
1/8/15 19:00,25,21,4
1/8/15 20:00,18,15,3
1/8/15 21:00,4,2,2
1/8/15 22:00,5,3,2
1/8/15 23:00,3,2,1
1/9/15 0:00,3,3,0
1/9/15 1:00,5,5,0
1/9/15 2:00,2,0,2
1/9/15 3:00,2,0,2
1/9/15 4:00,4,0,4
1/9/15 5:00,14,2,12
1/9/15 6:00,52,7,45
1/9/15 7:00,65,10,55
1/9/15 8:00,104,16,88
1/9/15 9:00,36,5,31
1/9/15 10:00,13,6,7
1/9/15 11:00,12,5,7
1/9/15 12:00,19,12,7
1/9/15 13:00,19,10,9
1/9/15 14:00,17,11,6
1/9/15 15:00,34,22,12
1/9/15 16:00,65,51,14
1/9/15 17:00,92,84,8
1/9/15 18:00,42,40,2
1/9/15 19:00,18,16,2
1/9/15 20:00,12,9,3
1/9/15 21:00,4,4,0
1/9/15 22:00,5,3,2
1/9/15 23:00,2,1,1
1/10/15 0:00,3,3,0
1/10/15 1:00,1,1,0
1/10/15 2:00,0,0,0
1/10/15 3:00,3,0,3
1/10/15 4:00,1,1,0
1/10/15 5:00,1,0,1
1/10/15 6:00,6,1,5
1/10/15 7:00,14,3,11
1/10/15 8:00,17,3,14
1/10/15 9:00,23,9,14
1/10/15 10:00,24,9,15
1/10/15 11:00,17,9,8
1/10/15 12:00,19,10,9
1/10/15 13:00,16,7,9
1/10/15 14:00,16,9,7
1/10/15 15:00,14,9,5
1/10/15 16:00,14,7,7
1/10/15 17:00,10,7,3
1/10/15 18:00,5,4,1
1/10/15 19:00,9,8,1
1/10/15 20:00,4,2,2
1/10/15 21:00,6,4,2
1/10/15 22:00,8,4,4
1/10/15 23:00,1,1,0
1/11/15 0:00,2,1,1
1/11/15 1:00,0,0,0
1/11/15 2:00,3,2,1
1/11/15 3:00,1,0,1
1/11/15 4:00,2,2,0
1/11/15 5:00,4,0,4
1/11/15 6:00,0,0,0
1/11/15 7:00,6,2,4
1/11/15 8:00,11,3,8
1/11/15 9:00,18,11,7
1/11/15 10:00,32,10,22
1/11/15 11:00,33,23,10
1/11/15 12:00,22,11,11
1/11/15 13:00,21,6,15
1/11/15 14:00,28,17,11
1/11/15 15:00,11,5,6
1/11/15 16:00,14,6,8
1/11/15 17:00,16,8,8
1/11/15 18:00,7,3,4
1/11/15 19:00,1,1,0
1/11/15 20:00,4,2,2
1/11/15 21:00,4,1,3
1/11/15 22:00,3,2,1
1/11/15 23:00,1,1,0
1/12/15 0:00,0,0,0
1/12/15 1:00,0,0,0
1/12/15 2:00,1,1,0
1/12/15 3:00,3,2,1
1/12/15 4:00,3,0,3
1/12/15 5:00,19,4,15
1/12/15 6:00,46,6,40
1/12/15 7:00,95,10,85
1/12/15 8:00,101,7,94
1/12/15 9:00,43,4,39
1/12/15 10:00,20,4,16
1/12/15 11:00,14,5,9
1/12/15 12:00,22,8,14
1/12/15 13:00,15,9,6
1/12/15 14:00,25,14,11
1/12/15 15:00,38,28,10
1/12/15 16:00,78,63,15
1/12/15 17:00,106,93,13
1/12/15 18:00,64,58,6
1/12/15 19:00,16,11,5
1/12/15 20:00,12,10,2
1/12/15 21:00,5,2,3
1/12/15 22:00,7,5,2
1/12/15 23:00,1,0,1
1/13/15 0:00,5,2,3
1/13/15 1:00,0,0,0
1/13/15 2:00,1,1,0
1/13/15 3:00,0,0,0
1/13/15 4:00,3,1,2
1/13/15 5:00,18,4,14
1/13/15 6:00,55,8,47
1/13/15 7:00,105,13,92
1/13/15 8:00,118,9,109
1/13/15 9:00,47,4,43
1/13/15 10:00,16,3,13
1/13/15 11:00,17,8,9
1/13/15 12:00,22,9,13
1/13/15 13:00,23,10,13
1/13/15 14:00,22,13,9
1/13/15 15:00,39,29,10
1/13/15 16:00,81,63,18
1/13/15 17:00,139,122,17
1/13/15 18:00,69,60,9
1/13/15 19:00,25,21,4
1/13/15 20:00,12,10,2
1/13/15 21:00,9,6,3
1/13/15 22:00,8,3,5
1/13/15 23:00,2,0,2
1/14/15 0:00,1,1,0
1/14/15 1:00,0,0,0
1/14/15 2:00,0,0,0
1/14/15 3:00,4,4,0
1/14/15 4:00,3,0,3
1/14/15 5:00,28,5,23
1/14/15 6:00,48,6,42
1/14/15 7:00,85,14,71
1/14/15 8:00,90,9,81
1/14/15 9:00,51,9,42
1/14/15 10:00,20,7,13
1/14/15 11:00,16,10,6
1/14/15 12:00,17,9,8
1/14/15 13:00,23,7,16
1/14/15 14:00,26,12,14
1/14/15 15:00,40,31,9
1/14/15 16:00,61,54,7
1/14/15 17:00,116,94,22
1/14/15 18:00,71,62,9
1/14/15 19:00,32,26,6
1/14/15 20:00,16,13,3
1/14/15 21:00,10,5,5
1/14/15 22:00,6,5,1
1/14/15 23:00,1,0,1
1/15/15 0:00,0,0,0
1/15/15 1:00,2,1,1
1/15/15 2:00,1,1,0
1/15/15 3:00,1,1,0
1/15/15 4:00,1,0,1
1/15/15 5:00,13,3,10
1/15/15 6:00,44,8,36
1/15/15 7:00,58,8,50
1/15/15 8:00,86,9,77
1/15/15 9:00,31,7,24
1/15/15 10:00,11,3,8
1/15/15 11:00,8,3,5
1/15/15 12:00,7,5,2
1/15/15 13:00,9,3,6
1/15/15 14:00,12,7,5
1/15/15 15:00,19,13,6
1/15/15 16:00,53,43,10
1/15/15 17:00,79,63,16
1/15/15 18:00,42,39,3
1/15/15 19:00,15,10,5
1/15/15 20:00,6,5,1
1/15/15 21:00,2,0,2
1/15/15 22:00,5,5,0
1/15/15 23:00,2,2,0
1/16/15 0:00,5,3,2
1/16/15 1:00,2,0,2
1/16/15 2:00,0,0,0
1/16/15 3:00,1,0,1
1/16/15 4:00,3,1,2
1/16/15 5:00,13,3,10
1/16/15 6:00,31,5,26
1/16/15 7:00,65,8,57
1/16/15 8:00,77,5,72
1/16/15 9:00,31,3,28
1/16/15 10:00,20,7,13
1/16/15 11:00,20,7,13
1/16/15 12:00,14,2,12
1/16/15 13:00,16,8,8
1/16/15 14:00,22,14,8
1/16/15 15:00,26,18,8
1/16/15 16:00,61,46,15
1/16/15 17:00,80,69,11
1/16/15 18:00,42,39,3
1/16/15 19:00,28,17,11
1/16/15 20:00,14,12,2
1/16/15 21:00,9,6,3
1/16/15 22:00,3,1,2
1/16/15 23:00,1,1,0
1/17/15 0:00,1,0,1
1/17/15 1:00,1,1,0
1/17/15 2:00,2,0,2
1/17/15 3:00,4,2,2
1/17/15 4:00,1,0,1
1/17/15 5:00,4,0,4
1/17/15 6:00,9,2,7
1/17/15 7:00,5,3,2
1/17/15 8:00,10,5,5
1/17/15 9:00,9,3,6
1/17/15 10:00,14,5,9
1/17/15 11:00,24,12,12
1/17/15 12:00,8,2,6
1/17/15 13:00,14,7,7
1/17/15 14:00,15,9,6
1/17/15 15:00,11,11,0
1/17/15 16:00,10,6,4
1/17/15 17:00,6,1,5
1/17/15 18:00,5,3,2
1/17/15 19:00,4,0,4
1/17/15 20:00,3,2,1
1/17/15 21:00,4,2,2
1/17/15 22:00,0,0,0
1/17/15 23:00,0,0,0
1/18/15 0:00,2,2,0
1/18/15 1:00,1,0,1
1/18/15 2:00,2,1,1
1/18/15 3:00,3,1,2
1/18/15 4:00,3,2,1
1/18/15 5:00,2,0,2
1/18/15 6:00,2,1,1
1/18/15 7:00,6,3,3
1/18/15 8:00,15,6,9
1/18/15 9:00,8,3,5
1/18/15 10:00,14,2,12
1/18/15 11:00,7,3,4
1/18/15 12:00,6,2,4
1/18/15 13:00,3,1,2
1/18/15 14:00,8,5,3
1/18/15 15:00,3,2,1
1/18/15 16:00,7,2,5
1/18/15 17:00,7,2,5
1/18/15 18:00,3,3,0
1/18/15 19:00,3,3,0
1/18/15 20:00,0,0,0
1/18/15 21:00,3,2,1
1/18/15 22:00,1,1,0
1/18/15 23:00,0,0,0
1/19/15 0:00,1,1,0
1/19/15 1:00,0,0,0
1/19/15 2:00,2,1,1
1/19/15 3:00,3,1,2
1/19/15 4:00,2,0,2
1/19/15 5:00,11,3,8
1/19/15 6:00,27,7,20
1/19/15 7:00,43,7,36
1/19/15 8:00,57,6,51
1/19/15 9:00,36,15,21
1/19/15 10:00,22,10,12
1/19/15 11:00,23,11,12
1/19/15 12:00,24,11,13
1/19/15 13:00,31,17,14
1/19/15 14:00,28,11,17
1/19/15 15:00,28,17,11
1/19/15 16:00,63,38,25
1/19/15 17:00,73,57,16
1/19/15 18:00,29,26,3
1/19/15 19:00,15,12,3
1/19/15 20:00,5,3,2
1/19/15 21:00,5,4,1
1/19/15 22:00,3,2,1
1/19/15 23:00,2,0,2
1/20/15 0:00,2,1,1
1/20/15 1:00,3,2,1
1/20/15 2:00,0,0,0
1/20/15 3:00,1,0,1
1/20/15 4:00,5,4,1
1/20/15 5:00,22,1,21
1/20/15 6:00,50,12,38
1/20/15 7:00,109,11,98
1/20/15 8:00,98,8,90
1/20/15 9:00,41,5,36
1/20/15 10:00,26,8,18
1/20/15 11:00,21,10,11
1/20/15 12:00,13,7,6
1/20/15 13:00,35,17,18
1/20/15 14:00,54,30,24
1/20/15 15:00,54,30,24
1/20/15 16:00,70,54,16
1/20/15 17:00,138,123,15
1/20/15 18:00,80,71,9
1/20/15 19:00,35,25,10
1/20/15 20:00,18,14,4
1/20/15 21:00,7,5,2
1/20/15 22:00,7,4,3
1/20/15 23:00,1,1,0
1/21/15 0:00,1,1,0
1/21/15 1:00,1,1,0
1/21/15 2:00,0,0,0
1/21/15 3:00,1,0,1
1/21/15 4:00,5,1,4
1/21/15 5:00,17,4,13
1/21/15 6:00,54,8,46
1/21/15 7:00,96,14,82
1/21/15 8:00,95,10,85
1/21/15 9:00,42,9,33
1/21/15 10:00,13,2,11
1/21/15 11:00,17,5,12
1/21/15 12:00,14,7,7
1/21/15 13:00,17,5,12
1/21/15 14:00,26,16,10
1/21/15 15:00,31,25,6
1/21/15 16:00,68,58,10
1/21/15 17:00,121,108,13
1/21/15 18:00,66,63,3
1/21/15 19:00,34,30,4
1/21/15 20:00,19,14,5
1/21/15 21:00,7,4,3
1/21/15 22:00,3,3,0
1/21/15 23:00,4,3,1
1/22/15 0:00,1,1,0
1/22/15 1:00,0,0,0
1/22/15 2:00,1,0,1
1/22/15 3:00,0,0,0
1/22/15 4:00,3,0,3
1/22/15 5:00,15,4,11
1/22/15 6:00,38,4,34
1/22/15 7:00,76,10,66
1/22/15 8:00,88,6,82
1/22/15 9:00,40,1,39
1/22/15 10:00,8,1,7
1/22/15 11:00,14,5,9
1/22/15 12:00,19,11,8
1/22/15 13:00,9,3,6
1/22/15 14:00,15,11,4
1/22/15 15:00,23,18,5
1/22/15 16:00,51,38,13
1/22/15 17:00,98,85,13
1/22/15 18:00,58,53,5
1/22/15 19:00,25,22,3
1/22/15 20:00,12,12,0
1/22/15 21:00,7,3,4
1/22/15 22:00,8,6,2
1/22/15 23:00,8,6,2
1/23/15 0:00,5,5,0
1/23/15 1:00,3,3,0
1/23/15 2:00,0,0,0
1/23/15 3:00,2,0,2
1/23/15 4:00,4,0,4
1/23/15 5:00,11,2,9
1/23/15 6:00,38,8,30
1/23/15 7:00,63,10,53
1/23/15 8:00,79,10,69
1/23/15 9:00,41,8,33
1/23/15 10:00,15,4,11
1/23/15 11:00,2,0,2
1/23/15 12:00,8,3,5
1/23/15 13:00,11,7,4
1/23/15 14:00,19,13,6
1/23/15 15:00,19,16,3
1/23/15 16:00,44,37,7
1/23/15 17:00,73,60,13
1/23/15 18:00,47,41,6
1/23/15 19:00,19,14,5
1/23/15 20:00,16,13,3
1/23/15 21:00,3,2,1
1/23/15 22:00,2,2,0
1/23/15 23:00,7,3,4
1/24/15 0:00,4,0,4
1/24/15 1:00,3,2,1
1/24/15 2:00,6,1,5
1/24/15 3:00,4,0,4
1/24/15 4:00,1,0,1
1/24/15 5:00,3,0,3
1/24/15 6:00,5,2,3
1/24/15 7:00,4,0,4
1/24/15 8:00,22,9,13
1/24/15 9:00,26,7,19
1/24/15 10:00,12,5,7
1/24/15 11:00,19,12,7
1/24/15 12:00,22,9,13
1/24/15 13:00,35,21,14
1/24/15 14:00,28,17,11
1/24/15 15:00,35,18,17
1/24/15 16:00,25,10,15
1/24/15 17:00,23,13,10
1/24/15 18:00,12,7,5
1/24/15 19:00,4,4,0
1/24/15 20:00,6,3,3
1/24/15 21:00,5,1,4
1/24/15 22:00,4,2,2
1/24/15 23:00,1,0,1
1/25/15 0:00,2,2,0
1/25/15 1:00,3,3,0
1/25/15 2:00,4,4,0
1/25/15 3:00,5,1,4
1/25/15 4:00,6,3,3
1/25/15 5:00,3,1,2
1/25/15 6:00,4,1,3
1/25/15 7:00,7,1,6
1/25/15 8:00,15,8,7
1/25/15 9:00,33,9,24
1/25/15 10:00,36,14,22
1/25/15 11:00,65,36,29
1/25/15 12:00,88,51,37
1/25/15 13:00,116,53,63
1/25/15 14:00,114,55,59
1/25/15 15:00,95,49,46
1/25/15 16:00,70,29,41
1/25/15 17:00,64,26,38
1/25/15 18:00,16,13,3
1/25/15 19:00,6,5,1
1/25/15 20:00,7,6,1
1/25/15 21:00,2,0,2
1/25/15 22:00,0,0,0
1/25/15 23:00,2,0,2
1/26/15 0:00,1,1,0
1/26/15 1:00,1,0,1
1/26/15 2:00,1,0,1
1/26/15 3:00,4,0,4
1/26/15 4:00,5,1,4
1/26/15 5:00,26,7,19
1/26/15 6:00,57,10,47
1/26/15 7:00,115,9,106
1/26/15 8:00,99,12,87
1/26/15 9:00,58,13,45
1/26/15 10:00,31,9,22
1/26/15 11:00,13,5,8
1/26/15 12:00,33,16,17
1/26/15 13:00,38,17,21
1/26/15 14:00,46,24,22
1/26/15 15:00,48,33,15
1/26/15 16:00,100,75,25
1/26/15 17:00,116,101,15
1/26/15 18:00,98,86,12
1/26/15 19:00,24,16,8
1/26/15 20:00,10,8,2
1/26/15 21:00,17,8,9
1/26/15 22:00,7,7,0
1/26/15 23:00,6,2,4
1/27/15 0:00,4,2,2
1/27/15 1:00,2,2,0
1/27/15 2:00,1,1,0
1/27/15 3:00,2,0,2
1/27/15 4:00,1,1,0
1/27/15 5:00,21,4,17
1/27/15 6:00,56,11,45
1/27/15 7:00,119,10,109
1/27/15 8:00,118,16,102
1/27/15 9:00,33,4,29
1/27/15 10:00,25,6,19
1/27/15 11:00,12,7,5
1/27/15 12:00,16,8,8
1/27/15 13:00,11,6,5
1/27/15 14:00,20,13,7
1/27/15 15:00,28,20,8
1/27/15 16:00,60,48,12
1/27/15 17:00,115,104,11
1/27/15 18:00,64,57,7
1/27/15 19:00,33,31,2
1/27/15 20:00,24,15,9
1/27/15 21:00,8,6,2
1/27/15 22:00,6,5,1
1/27/15 23:00,3,1,2
1/28/15 0:00,2,1,1
1/28/15 1:00,1,1,0
1/28/15 2:00,3,3,0
1/28/15 3:00,1,1,0
1/28/15 4:00,6,2,4
1/28/15 5:00,23,5,18
1/28/15 6:00,59,10,49
1/28/15 7:00,96,8,88
1/28/15 8:00,86,8,78
1/28/15 9:00,50,9,41
1/28/15 10:00,22,6,16
1/28/15 11:00,22,9,13
1/28/15 12:00,27,11,16
1/28/15 13:00,17,6,11
1/28/15 14:00,28,15,13
1/28/15 15:00,38,28,10
1/28/15 16:00,69,52,17
1/28/15 17:00,107,93,14
1/28/15 18:00,67,56,11
1/28/15 19:00,25,22,3
1/28/15 20:00,18,17,1
1/28/15 21:00,7,6,1
1/28/15 22:00,3,2,1
1/28/15 23:00,5,2,3
1/29/15 0:00,2,2,0
1/29/15 1:00,0,0,0
1/29/15 2:00,4,2,2
1/29/15 3:00,1,0,1
1/29/15 4:00,3,0,3
1/29/15 5:00,25,7,18
1/29/15 6:00,52,10,42
1/29/15 7:00,104,15,89
1/29/15 8:00,108,13,95
1/29/15 9:00,31,1,30
1/29/15 10:00,20,3,17
1/29/15 11:00,27,13,14
1/29/15 12:00,22,9,13
1/29/15 13:00,37,13,24
1/29/15 14:00,26,20,6
1/29/15 15:00,44,30,14
1/29/15 16:00,80,58,22
1/29/15 17:00,124,106,18
1/29/15 18:00,85,73,12
1/29/15 19:00,32,28,4
1/29/15 20:00,20,15,5
1/29/15 21:00,8,4,4
1/29/15 22:00,5,2,3
1/29/15 23:00,6,4,2
1/30/15 0:00,2,1,1
1/30/15 1:00,4,2,2
1/30/15 2:00,2,2,0
1/30/15 3:00,1,0,1
1/30/15 4:00,6,1,5
1/30/15 5:00,18,5,13
1/30/15 6:00,33,3,30
1/30/15 7:00,73,4,69
1/30/15 8:00,103,11,92
1/30/15 9:00,29,4,25
1/30/15 10:00,15,5,10
1/30/15 11:00,8,3,5
1/30/15 12:00,17,7,10
1/30/15 13:00,19,13,6
1/30/15 14:00,23,9,14
1/30/15 15:00,37,25,12
1/30/15 16:00,62,60,2
1/30/15 17:00,89,77,12
1/30/15 18:00,53,46,7
1/30/15 19:00,21,20,1
1/30/15 20:00,6,5,1
1/30/15 21:00,8,5,3
1/30/15 22:00,7,7,0
1/30/15 23:00,4,1,3
1/31/15 0:00,1,1,0
1/31/15 1:00,2,1,1
1/31/15 2:00,0,0,0
1/31/15 3:00,7,4,3
1/31/15 4:00,3,0,3
1/31/15 5:00,2,0,2
1/31/15 6:00,6,2,4
1/31/15 7:00,10,2,8
1/31/15 8:00,19,5,14
1/31/15 9:00,19,9,10
1/31/15 10:00,36,15,21
1/31/15 11:00,28,14,14
1/31/15 12:00,24,13,11
1/31/15 13:00,56,37,19
1/31/15 14:00,45,24,21
1/31/15 15:00,43,18,25
1/31/15 16:00,48,15,33
1/31/15 17:00,29,12,17
1/31/15 18:00,17,13,4
1/31/15 19:00,8,3,5
1/31/15 20:00,4,3,1
1/31/15 21:00,5,2,3
1/31/15 22:00,2,2,0
1/31/15 23:00,16,14,2
2/1/15 0:00,4,2,2
2/1/15 1:00,0,0,0
2/1/15 2:00,2,1,1
2/1/15 3:00,2,0,2
2/1/15 4:00,2,1,1
2/1/15 5:00,1,1,0
2/1/15 6:00,2,1,1
2/1/15 7:00,4,1,3
2/1/15 8:00,10,3,7
2/1/15 9:00,15,6,9
2/1/15 10:00,26,19,7
2/1/15 11:00,32,11,21
2/1/15 12:00,19,10,9
2/1/15 13:00,14,3,11
2/1/15 14:00,9,5,4
2/1/15 15:00,12,5,7
2/1/15 16:00,8,6,2
2/1/15 17:00,3,2,1
2/1/15 18:00,1,0,1
2/1/15 19:00,9,2,7
2/1/15 20:00,4,4,0
2/1/15 21:00,4,2,2
2/1/15 22:00,3,3,0
2/1/15 23:00,4,1,3
2/2/15 0:00,0,0,0
2/2/15 1:00,1,0,1
2/2/15 2:00,0,0,0
2/2/15 3:00,1,0,1
2/2/15 4:00,3,2,1
2/2/15 5:00,17,3,14
2/2/15 6:00,43,4,39
2/2/15 7:00,78,10,68
2/2/15 8:00,74,6,68
2/2/15 9:00,27,6,21
2/2/15 10:00,10,5,5
2/2/15 11:00,5,2,3
2/2/15 12:00,7,2,5
2/2/15 13:00,13,4,9
2/2/15 14:00,14,5,9
2/2/15 15:00,28,19,9
2/2/15 16:00,53,44,9
2/2/15 17:00,79,64,15
2/2/15 18:00,61,55,6
2/2/15 19:00,18,15,3
2/2/15 20:00,5,3,2
2/2/15 21:00,3,3,0
2/2/15 22:00,1,0,1
2/2/15 23:00,3,2,1
2/3/15 0:00,1,1,0
2/3/15 1:00,2,0,2
2/3/15 2:00,0,0,0
2/3/15 3:00,2,1,1
2/3/15 4:00,4,1,3
2/3/15 5:00,20,3,17
2/3/15 6:00,52,6,46
2/3/15 7:00,104,13,91
2/3/15 8:00,106,13,93
2/3/15 9:00,36,3,33
2/3/15 10:00,21,4,17
2/3/15 11:00,12,3,9
2/3/15 12:00,8,1,7
2/3/15 13:00,9,6,3
2/3/15 14:00,15,11,4
2/3/15 15:00,25,21,4
2/3/15 16:00,62,51,11
2/3/15 17:00,105,89,16
2/3/15 18:00,71,62,9
2/3/15 19:00,32,27,5
2/3/15 20:00,12,10,2
2/3/15 21:00,10,7,3
2/3/15 22:00,3,3,0
2/3/15 23:00,4,2,2
2/4/15 0:00,4,3,1
2/4/15 1:00,3,1,2
2/4/15 2:00,0,0,0
2/4/15 3:00,0,0,0
2/4/15 4:00,6,2,4
2/4/15 5:00,18,4,14
2/4/15 6:00,52,7,45
2/4/15 7:00,101,10,91
2/4/15 8:00,95,11,84
2/4/15 9:00,43,4,39
2/4/15 10:00,17,8,9
2/4/15 11:00,14,8,6
2/4/15 12:00,15,5,10
2/4/15 13:00,15,7,8
2/4/15 14:00,20,14,6
2/4/15 15:00,34,23,11
2/4/15 16:00,68,56,12
2/4/15 17:00,91,78,13
2/4/15 18:00,72,65,7
2/4/15 19:00,21,16,5
2/4/15 20:00,12,10,2
2/4/15 21:00,4,2,2
2/4/15 22:00,1,1,0
2/4/15 23:00,11,8,3
2/5/15 0:00,1,1,0
2/5/15 1:00,2,1,1
2/5/15 2:00,1,1,0
2/5/15 3:00,2,1,1
2/5/15 4:00,2,0,2
2/5/15 5:00,7,2,5
2/5/15 6:00,31,3,28
2/5/15 7:00,58,10,48
2/5/15 8:00,48,5,43
2/5/15 9:00,19,0,19
2/5/15 10:00,11,1,10
2/5/15 11:00,15,6,9
2/5/15 12:00,8,1,7
2/5/15 13:00,9,2,7
2/5/15 14:00,7,4,3
2/5/15 15:00,24,15,9
2/5/15 16:00,39,30,9
2/5/15 17:00,48,40,8
2/5/15 18:00,48,44,4
2/5/15 19:00,24,17,7
2/5/15 20:00,8,6,2
2/5/15 21:00,8,6,2
2/5/15 22:00,2,1,1
2/5/15 23:00,2,1,1
2/6/15 0:00,2,2,0
2/6/15 1:00,1,0,1
2/6/15 2:00,0,0,0
2/6/15 3:00,0,0,0
2/6/15 4:00,2,0,2
2/6/15 5:00,9,1,8
2/6/15 6:00,27,3,24
2/6/15 7:00,58,6,52
2/6/15 8:00,69,4,65
2/6/15 9:00,24,2,22
2/6/15 10:00,10,4,6
2/6/15 11:00,1,1,0
2/6/15 12:00,8,2,6
2/6/15 13:00,7,2,5
2/6/15 14:00,11,7,4
2/6/15 15:00,18,14,4
2/6/15 16:00,51,41,10
2/6/15 17:00,72,64,8
2/6/15 18:00,36,31,5
2/6/15 19:00,15,12,3
2/6/15 20:00,10,9,1
2/6/15 21:00,5,3,2
2/6/15 22:00,4,2,2
2/6/15 23:00,2,2,0
2/7/15 0:00,1,1,0
2/7/15 1:00,1,1,0
2/7/15 2:00,0,0,0
2/7/15 3:00,3,0,3
2/7/15 4:00,0,0,0
2/7/15 5:00,1,0,1
2/7/15 6:00,2,0,2
2/7/15 7:00,4,1,3
2/7/15 8:00,2,1,1
2/7/15 9:00,7,1,6
2/7/15 10:00,8,7,1
2/7/15 11:00,5,0,5
2/7/15 12:00,13,3,10
2/7/15 13:00,12,6,6
2/7/15 14:00,12,7,5
2/7/15 15:00,7,2,5
2/7/15 16:00,10,5,5
2/7/15 17:00,10,5,5
2/7/15 18:00,7,3,4
2/7/15 19:00,0,0,0
2/7/15 20:00,3,1,2
2/7/15 21:00,1,1,0
2/7/15 22:00,3,3,0
2/7/15 23:00,2,2,0
2/8/15 0:00,1,0,1
2/8/15 1:00,1,1,0
2/8/15 2:00,2,2,0
2/8/15 3:00,1,0,1
2/8/15 4:00,2,1,1
2/8/15 5:00,5,0,5
2/8/15 6:00,2,1,1
2/8/15 7:00,3,1,2
2/8/15 8:00,20,3,17
2/8/15 9:00,21,10,11
2/8/15 10:00,40,17,23
2/8/15 11:00,62,37,25
2/8/15 12:00,72,35,37
2/8/15 13:00,54,26,28
2/8/15 14:00,55,29,26
2/8/15 15:00,39,15,24
2/8/15 16:00,32,20,12
2/8/15 17:00,21,7,14
2/8/15 18:00,11,8,3
2/8/15 19:00,2,2,0
2/8/15 20:00,5,2,3
2/8/15 21:00,1,1,0
2/8/15 22:00,5,4,1
2/8/15 23:00,0,0,0
2/9/15 0:00,1,0,1
2/9/15 1:00,0,0,0
2/9/15 2:00,0,0,0
2/9/15 3:00,1,1,0
2/9/15 4:00,5,2,3
2/9/15 5:00,17,2,15
2/9/15 6:00,46,7,39
2/9/15 7:00,97,16,81
2/9/15 8:00,66,5,61
2/9/15 9:00,32,2,30
2/9/15 10:00,8,3,5
2/9/15 11:00,9,3,6
2/9/15 12:00,10,4,6
2/9/15 13:00,10,2,8
2/9/15 14:00,18,9,9
2/9/15 15:00,37,28,9
2/9/15 16:00,50,42,8
2/9/15 17:00,88,72,16
2/9/15 18:00,67,59,8
2/9/15 19:00,24,17,7
2/9/15 20:00,8,5,3
2/9/15 21:00,8,6,2
2/9/15 22:00,2,1,1
2/9/15 23:00,3,3,0
2/10/15 0:00,1,1,0
2/10/15 1:00,1,0,1
2/10/15 2:00,0,0,0
2/10/15 3:00,1,1,0
2/10/15 4:00,1,0,1
2/10/15 5:00,12,1,11
2/10/15 6:00,57,8,49
2/10/15 7:00,92,8,84
2/10/15 8:00,104,7,97
2/10/15 9:00,36,7,29
2/10/15 10:00,12,3,9
2/10/15 11:00,14,4,10
2/10/15 12:00,15,4,11
2/10/15 13:00,15,6,9
2/10/15 14:00,29,17,12
2/10/15 15:00,32,26,6
2/10/15 16:00,87,64,23
2/10/15 17:00,117,96,21
2/10/15 18:00,72,61,11
2/10/15 19:00,36,34,2
2/10/15 20:00,11,11,0
2/10/15 21:00,8,6,2
2/10/15 22:00,5,3,2
2/10/15 23:00,4,4,0
2/11/15 0:00,2,1,1
2/11/15 1:00,3,1,2
2/11/15 2:00,0,0,0
2/11/15 3:00,0,0,0
2/11/15 4:00,4,1,3
2/11/15 5:00,25,4,21
2/11/15 6:00,63,8,55
2/11/15 7:00,111,13,98
2/11/15 8:00,101,10,91
2/11/15 9:00,35,4,31
2/11/15 10:00,28,7,21
2/11/15 11:00,14,6,8
2/11/15 12:00,23,8,15
2/11/15 13:00,31,14,17
2/11/15 14:00,17,11,6
2/11/15 15:00,41,31,10
2/11/15 16:00,86,67,19
2/11/15 17:00,109,93,16
2/11/15 18:00,74,64,10
2/11/15 19:00,35,31,4
2/11/15 20:00,16,13,3
2/11/15 21:00,23,13,10
2/11/15 22:00,3,1,2
2/11/15 23:00,4,3,1
2/12/15 0:00,2,1,1
2/12/15 1:00,2,1,1
2/12/15 2:00,0,0,0
2/12/15 3:00,2,1,1
2/12/15 4:00,4,1,3
2/12/15 5:00,13,4,9
2/12/15 6:00,56,6,50
2/12/15 7:00,83,10,73
2/12/15 8:00,82,5,77
2/12/15 9:00,41,4,37
2/12/15 10:00,17,4,13
2/12/15 11:00,16,2,14
2/12/15 12:00,11,4,7
2/12/15 13:00,19,6,13
2/12/15 14:00,24,14,10
2/12/15 15:00,41,31,10
2/12/15 16:00,74,58,16
2/12/15 17:00,110,87,23
2/12/15 18:00,62,52,10
2/12/15 19:00,23,22,1
2/12/15 20:00,13,11,2
2/12/15 21:00,3,1,2
2/12/15 22:00,7,2,5
2/12/15 23:00,4,3,1
2/13/15 0:00,3,2,1
2/13/15 1:00,0,0,0
2/13/15 2:00,0,0,0
2/13/15 3:00,1,0,1
2/13/15 4:00,1,0,1
2/13/15 5:00,11,1,10
2/13/15 6:00,33,4,29
2/13/15 7:00,87,6,81
2/13/15 8:00,88,8,80
2/13/15 9:00,33,3,30
2/13/15 10:00,18,6,12
2/13/15 11:00,24,12,12
2/13/15 12:00,26,11,15
2/13/15 13:00,34,18,16
2/13/15 14:00,31,12,19
2/13/15 15:00,41,34,7
2/13/15 16:00,59,48,11
2/13/15 17:00,96,76,20
2/13/15 18:00,50,41,9
2/13/15 19:00,23,14,9
2/13/15 20:00,10,8,2
2/13/15 21:00,5,5,0
2/13/15 22:00,8,6,2
2/13/15 23:00,4,1,3
2/14/15 0:00,2,2,0
2/14/15 1:00,3,2,1
2/14/15 2:00,2,0,2
2/14/15 3:00,1,0,1
2/14/15 4:00,1,0,1
2/14/15 5:00,4,0,4
2/14/15 6:00,3,1,2
2/14/15 7:00,15,4,11
2/14/15 8:00,13,6,7
2/14/15 9:00,21,8,13
2/14/15 10:00,47,34,13
2/14/15 11:00,37,13,24
2/14/15 12:00,47,21,26
2/14/15 13:00,33,13,20
2/14/15 14:00,43,18,25
2/14/15 15:00,52,25,27
2/14/15 16:00,56,32,24
2/14/15 17:00,35,24,11
2/14/15 18:00,12,12,0
2/14/15 19:00,6,5,1
2/14/15 20:00,15,11,4
2/14/15 21:00,5,2,3
2/14/15 22:00,4,3,1
2/14/15 23:00,0,0,0
2/15/15 0:00,1,1,0
2/15/15 1:00,2,1,1
2/15/15 2:00,1,1,0
2/15/15 3:00,1,0,1
2/15/15 4:00,1,1,0
2/15/15 5:00,4,0,4
2/15/15 6:00,3,1,2
2/15/15 7:00,15,3,12
2/15/15 8:00,8,4,4
2/15/15 9:00,44,19,25
2/15/15 10:00,47,22,25
2/15/15 11:00,73,38,35
2/15/15 12:00,91,53,38
2/15/15 13:00,86,51,35
2/15/15 14:00,85,48,37
2/15/15 15:00,83,41,42
2/15/15 16:00,71,32,39
2/15/15 17:00,36,15,21
2/15/15 18:00,13,6,7
2/15/15 19:00,12,4,8
2/15/15 20:00,3,2,1
2/15/15 21:00,1,0,1
2/15/15 22:00,1,1,0
2/15/15 23:00,2,1,1
2/16/15 0:00,2,0,2
2/16/15 1:00,4,2,2
2/16/15 2:00,0,0,0
2/16/15 3:00,2,0,2
2/16/15 4:00,2,0,2
2/16/15 5:00,7,1,6
2/16/15 6:00,25,6,19
2/16/15 7:00,40,4,36
2/16/15 8:00,59,13,46
2/16/15 9:00,33,5,28
2/16/15 10:00,47,25,22
2/16/15 11:00,29,11,18
2/16/15 12:00,40,19,21
2/16/15 13:00,53,30,23
2/16/15 14:00,63,31,32
2/16/15 15:00,66,38,28
2/16/15 16:00,47,28,19
2/16/15 17:00,83,49,34
2/16/15 18:00,44,39,5
2/16/15 19:00,18,11,7
2/16/15 20:00,8,5,3
2/16/15 21:00,5,4,1
2/16/15 22:00,4,3,1
2/16/15 23:00,4,3,1
2/17/15 0:00,1,1,0
2/17/15 1:00,2,1,1
2/17/15 2:00,0,0,0
2/17/15 3:00,0,0,0
2/17/15 4:00,3,1,2
2/17/15 5:00,28,1,27
2/17/15 6:00,58,11,47
2/17/15 7:00,117,12,105
2/17/15 8:00,113,8,105
2/17/15 9:00,50,6,44
2/17/15 10:00,20,3,17
2/17/15 11:00,26,14,12
2/17/15 12:00,32,11,21
2/17/15 13:00,28,13,15
2/17/15 14:00,46,27,19
2/17/15 15:00,51,36,15
2/17/15 16:00,83,66,17
2/17/15 17:00,154,133,21
2/17/15 18:00,63,52,11
2/17/15 19:00,40,34,6
2/17/15 20:00,14,12,2
2/17/15 21:00,8,8,0
2/17/15 22:00,0,0,0
2/17/15 23:00,5,5,0
2/18/15 0:00,1,0,1
2/18/15 1:00,3,1,2
2/18/15 2:00,1,0,1
2/18/15 3:00,2,1,1
2/18/15 4:00,9,2,7
2/18/15 5:00,17,6,11
2/18/15 6:00,72,11,61
2/18/15 7:00,114,12,102
2/18/15 8:00,110,9,101
2/18/15 9:00,45,4,41
2/18/15 10:00,28,5,23
2/18/15 11:00,20,11,9
2/18/15 12:00,19,10,9
2/18/15 13:00,25,10,15
2/18/15 14:00,26,15,11
2/18/15 15:00,37,29,8
2/18/15 16:00,68,55,13
2/18/15 17:00,130,115,15
2/18/15 18:00,79,73,6
2/18/15 19:00,34,31,3
2/18/15 20:00,18,16,2
2/18/15 21:00,3,3,0
2/18/15 22:00,3,3,0
2/18/15 23:00,5,4,1
2/19/15 0:00,3,3,0
2/19/15 1:00,0,0,0
2/19/15 2:00,3,0,3
2/19/15 3:00,0,0,0
2/19/15 4:00,3,1,2
2/19/15 5:00,18,3,15
2/19/15 6:00,53,11,42
2/19/15 7:00,77,10,67
2/19/15 8:00,106,16,90
2/19/15 9:00,41,2,39
2/19/15 10:00,15,3,12
2/19/15 11:00,13,7,6
2/19/15 12:00,8,1,7
2/19/15 13:00,7,2,5
2/19/15 14:00,12,6,6
2/19/15 15:00,26,20,6
2/19/15 16:00,53,45,8
2/19/15 17:00,101,91,10
2/19/15 18:00,44,39,5
2/19/15 19:00,27,20,7
2/19/15 20:00,16,14,2
2/19/15 21:00,5,5,0
2/19/15 22:00,4,2,2
2/19/15 23:00,2,2,0
2/20/15 0:00,1,1,0
2/20/15 1:00,2,2,0
2/20/15 2:00,1,0,1
2/20/15 3:00,2,2,0
2/20/15 4:00,1,0,1
2/20/15 5:00,12,0,12
2/20/15 6:00,39,4,35
2/20/15 7:00,75,18,57
2/20/15 8:00,69,4,65
2/20/15 9:00,37,8,29
2/20/15 10:00,16,3,13
2/20/15 11:00,14,8,6
2/20/15 12:00,11,1,10
2/20/15 13:00,22,6,16
2/20/15 14:00,23,12,11
2/20/15 15:00,29,23,6
2/20/15 16:00,47,42,5
2/20/15 17:00,85,67,18
2/20/15 18:00,45,36,9
2/20/15 19:00,19,15,4
2/20/15 20:00,7,5,2
2/20/15 21:00,3,3,0
2/20/15 22:00,1,1,0
2/20/15 23:00,5,4,1
2/21/15 0:00,4,1,3
2/21/15 1:00,0,0,0
2/21/15 2:00,4,3,1
2/21/15 3:00,0,0,0
2/21/15 4:00,2,0,2
2/21/15 5:00,3,0,3
2/21/15 6:00,7,3,4
2/21/15 7:00,10,2,8
2/21/15 8:00,23,9,14
2/21/15 9:00,23,11,12
2/21/15 10:00,34,13,21
2/21/15 11:00,41,16,25
2/21/15 12:00,43,18,25
2/21/15 13:00,51,34,17
2/21/15 14:00,37,16,21
2/21/15 15:00,46,26,20
2/21/15 16:00,48,24,24
2/21/15 17:00,33,12,21
2/21/15 18:00,20,13,7
2/21/15 19:00,8,5,3
2/21/15 20:00,2,2,0
2/21/15 21:00,1,1,0
2/21/15 22:00,3,2,1
2/21/15 23:00,3,2,1
2/22/15 0:00,1,1,0
2/22/15 1:00,0,0,0
2/22/15 2:00,0,0,0
2/22/15 3:00,1,0,1
2/22/15 4:00,4,2,2
2/22/15 5:00,4,0,4
2/22/15 6:00,11,0,11
2/22/15 7:00,61,9,52
2/22/15 8:00,45,5,40
2/22/15 9:00,39,16,23
2/22/15 10:00,45,18,27
2/22/15 11:00,39,25,14
2/22/15 12:00,67,46,21
2/22/15 13:00,96,58,38
2/22/15 14:00,76,40,36
2/22/15 15:00,66,40,26
2/22/15 16:00,90,56,34
2/22/15 17:00,27,18,9
2/22/15 18:00,16,11,5
2/22/15 19:00,3,3,0
2/22/15 20:00,2,0,2
2/22/15 21:00,5,3,2
2/22/15 22:00,5,5,0
2/22/15 23:00,2,1,1
2/23/15 0:00,0,0,0
2/23/15 1:00,0,0,0
2/23/15 2:00,1,0,1
2/23/15 3:00,4,3,1
2/23/15 4:00,4,0,4
2/23/15 5:00,12,2,10
2/23/15 6:00,47,10,37
2/23/15 7:00,116,14,102
2/23/15 8:00,92,16,76
2/23/15 9:00,48,12,36
2/23/15 10:00,18,3,15
2/23/15 11:00,15,5,10
2/23/15 12:00,23,8,15
2/23/15 13:00,23,11,12
2/23/15 14:00,25,20,5
2/23/15 15:00,54,36,18
2/23/15 16:00,80,61,19
2/23/15 17:00,122,98,24
2/23/15 18:00,105,92,13
2/23/15 19:00,24,18,6
2/23/15 20:00,13,12,1
2/23/15 21:00,3,3,0
2/23/15 22:00,7,5,2
2/23/15 23:00,6,3,3
2/24/15 0:00,1,1,0
2/24/15 1:00,4,3,1
2/24/15 2:00,0,0,0
2/24/15 3:00,0,0,0
2/24/15 4:00,4,1,3
2/24/15 5:00,22,3,19
2/24/15 6:00,60,9,51
2/24/15 7:00,120,18,102
2/24/15 8:00,116,13,103
2/24/15 9:00,54,7,47
2/24/15 10:00,23,4,19
2/24/15 11:00,25,12,13
2/24/15 12:00,24,9,15
2/24/15 13:00,23,11,12
2/24/15 14:00,26,19,7
2/24/15 15:00,40,25,15
2/24/15 16:00,85,63,22
2/24/15 17:00,153,129,24
2/24/15 18:00,85,74,11
2/24/15 19:00,40,32,8
2/24/15 20:00,11,11,0
2/24/15 21:00,14,14,0
2/24/15 22:00,9,7,2
2/24/15 23:00,8,3,5
2/25/15 0:00,2,2,0
2/25/15 1:00,0,0,0
2/25/15 2:00,0,0,0
2/25/15 3:00,0,0,0
2/25/15 4:00,5,1,4
2/25/15 5:00,15,2,13
2/25/15 6:00,51,8,43
2/25/15 7:00,77,11,66
2/25/15 8:00,112,9,103
2/25/15 9:00,31,2,29
2/25/15 10:00,19,5,14
2/25/15 11:00,11,2,9
2/25/15 12:00,10,3,7
2/25/15 13:00,21,7,14
2/25/15 14:00,21,13,8
2/25/15 15:00,37,31,6
2/25/15 16:00,54,41,13
2/25/15 17:00,102,91,11
2/25/15 18:00,59,56,3
2/25/15 19:00,24,24,0
2/25/15 20:00,17,6,11
2/25/15 21:00,7,7,0
2/25/15 22:00,3,1,2
2/25/15 23:00,1,1,0
2/26/15 0:00,0,0,0
2/26/15 1:00,0,0,0
2/26/15 2:00,1,1,0
2/26/15 3:00,1,1,0
2/26/15 4:00,4,1,3
2/26/15 5:00,14,3,11
2/26/15 6:00,53,10,43
2/26/15 7:00,89,14,75
2/26/15 8:00,93,6,87
2/26/15 9:00,22,0,22
2/26/15 10:00,18,2,16
2/26/15 11:00,9,1,8
2/26/15 12:00,16,6,10
2/26/15 13:00,11,5,6
2/26/15 14:00,19,13,6
2/26/15 15:00,28,24,4
2/26/15 16:00,68,48,20
2/26/15 17:00,101,82,19
2/26/15 18:00,56,51,5
2/26/15 19:00,70,68,2
2/26/15 20:00,10,8,2
2/26/15 21:00,12,2,10
2/26/15 22:00,8,3,5
2/26/15 23:00,24,2,22
2/27/15 0:00,0,0,0
2/27/15 1:00,1,0,1
2/27/15 2:00,0,0,0
2/27/15 3:00,1,1,0
2/27/15 4:00,1,0,1
2/27/15 5:00,13,1,12
2/27/15 6:00,37,5,32
2/27/15 7:00,75,12,63
2/27/15 8:00,65,4,61
2/27/15 9:00,20,1,19
2/27/15 10:00,7,2,5
2/27/15 11:00,9,5,4
2/27/15 12:00,11,3,8
2/27/15 13:00,17,10,7
2/27/15 14:00,27,14,13
2/27/15 15:00,25,14,11
2/27/15 16:00,51,38,13
2/27/15 17:00,72,61,11
2/27/15 18:00,45,43,2
2/27/15 19:00,18,14,4
2/27/15 20:00,2,1,1
2/27/15 21:00,11,6,5
2/27/15 22:00,3,3,0
2/27/15 23:00,2,2,0
2/28/15 0:00,1,0,1
2/28/15 1:00,0,0,0
2/28/15 2:00,4,2,2
2/28/15 3:00,3,2,1
2/28/15 4:00,2,0,2
2/28/15 5:00,3,0,3
2/28/15 6:00,8,2,6
2/28/15 7:00,11,1,10
2/28/15 8:00,19,9,10
2/28/15 9:00,31,14,17
2/28/15 10:00,60,27,33
2/28/15 11:00,90,41,49
2/28/15 12:00,99,51,48
2/28/15 13:00,72,34,38
2/28/15 14:00,81,43,38
2/28/15 15:00,76,43,33
2/28/15 16:00,48,25,23
2/28/15 17:00,45,28,17
2/28/15 18:00,19,10,9
2/28/15 19:00,16,11,5
2/28/15 20:00,13,5,8
2/28/15 21:00,8,3,5
2/28/15 22:00,4,1,3
2/28/15 23:00,4,4,0
3/1/15 0:00,1,0,1
3/1/15 1:00,8,5,3
3/1/15 2:00,0,0,0
3/1/15 3:00,4,2,2
3/1/15 4:00,1,1,0
3/1/15 5:00,3,0,3
3/1/15 6:00,3,1,2
3/1/15 7:00,8,3,5
3/1/15 8:00,19,6,13
3/1/15 9:00,35,16,19
3/1/15 10:00,47,22,25
3/1/15 11:00,86,54,32
3/1/15 12:00,98,44,54
3/1/15 13:00,83,39,44
3/1/15 14:00,59,27,32
3/1/15 15:00,54,28,26
3/1/15 16:00,62,37,25
3/1/15 17:00,36,12,24
3/1/15 18:00,22,9,13
3/1/15 19:00,9,3,6
3/1/15 20:00,5,5,0
3/1/15 21:00,4,4,0
3/1/15 22:00,3,2,1
3/1/15 23:00,1,1,0
3/2/15 0:00,0,0,0
3/2/15 1:00,1,1,0
3/2/15 2:00,0,0,0
3/2/15 3:00,2,0,2
3/2/15 4:00,4,0,4
3/2/15 5:00,22,5,17
3/2/15 6:00,52,7,45
3/2/15 7:00,116,15,101
3/2/15 8:00,103,14,89
3/2/15 9:00,40,2,38
3/2/15 10:00,19,4,15
3/2/15 11:00,7,3,4
3/2/15 12:00,8,2,6
3/2/15 13:00,18,9,9
3/2/15 14:00,16,7,9
3/2/15 15:00,35,29,6
3/2/15 16:00,90,71,19
3/2/15 17:00,124,109,15
3/2/15 18:00,93,83,10
3/2/15 19:00,24,20,4
3/2/15 20:00,11,9,2
3/2/15 21:00,10,8,2
3/2/15 22:00,5,5,0
3/2/15 23:00,4,3,1
3/3/15 0:00,2,1,1
3/3/15 1:00,2,2,0
3/3/15 2:00,3,2,1
3/3/15 3:00,1,1,0
3/3/15 4:00,5,0,5
3/3/15 5:00,24,5,19
3/3/15 6:00,58,3,55
3/3/15 7:00,128,15,113
3/3/15 8:00,128,13,115
3/3/15 9:00,28,3,25
3/3/15 10:00,15,4,11
3/3/15 11:00,33,24,9
3/3/15 12:00,40,16,24
3/3/15 13:00,23,12,11
3/3/15 14:00,25,17,8
3/3/15 15:00,46,33,13
3/3/15 16:00,86,69,17
3/3/15 17:00,145,125,20
3/3/15 18:00,96,85,11
3/3/15 19:00,33,28,5
3/3/15 20:00,11,9,2
3/3/15 21:00,10,9,1
3/3/15 22:00,5,4,1
3/3/15 23:00,1,1,0
3/4/15 0:00,1,1,0
3/4/15 1:00,3,2,1
3/4/15 2:00,0,0,0
3/4/15 3:00,0,0,0
3/4/15 4:00,4,1,3
3/4/15 5:00,17,2,15
3/4/15 6:00,61,12,49
3/4/15 7:00,96,14,82
3/4/15 8:00,118,14,104
3/4/15 9:00,47,10,37
3/4/15 10:00,26,11,15
3/4/15 11:00,23,13,10
3/4/15 12:00,36,13,23
3/4/15 13:00,31,16,15
3/4/15 14:00,36,21,15
3/4/15 15:00,48,31,17
3/4/15 16:00,80,63,17
3/4/15 17:00,133,110,23
3/4/15 18:00,76,64,12
3/4/15 19:00,26,22,4
3/4/15 20:00,9,7,2
3/4/15 21:00,13,10,3
3/4/15 22:00,5,5,0
3/4/15 23:00,0,0,0
3/5/15 0:00,2,1,1
3/5/15 1:00,1,0,1
3/5/15 2:00,1,1,0
3/5/15 3:00,1,0,1
3/5/15 4:00,4,1,3
3/5/15 5:00,19,3,16
3/5/15 6:00,61,6,55
3/5/15 7:00,94,18,76
3/5/15 8:00,118,11,107
3/5/15 9:00,55,10,45
3/5/15 10:00,32,13,19
3/5/15 11:00,22,9,13
3/5/15 12:00,35,13,22
3/5/15 13:00,30,14,16
3/5/15 14:00,41,30,11
3/5/15 15:00,54,40,14
3/5/15 16:00,74,59,15
3/5/15 17:00,139,116,23
3/5/15 18:00,67,60,7
3/5/15 19:00,30,28,2
3/5/15 20:00,13,9,4
3/5/15 21:00,5,2,3
3/5/15 22:00,5,4,1
3/5/15 23:00,3,2,1
3/6/15 0:00,2,1,1
3/6/15 1:00,4,2,2
3/6/15 2:00,4,2,2
3/6/15 3:00,2,1,1
3/6/15 4:00,8,2,6
3/6/15 5:00,16,1,15
3/6/15 6:00,57,10,47
3/6/15 7:00,97,13,84
3/6/15 8:00,84,12,72
3/6/15 9:00,41,4,37
3/6/15 10:00,12,4,8
3/6/15 11:00,15,4,11
3/6/15 12:00,36,18,18
3/6/15 13:00,40,17,23
3/6/15 14:00,44,26,18
3/6/15 15:00,44,33,11
3/6/15 16:00,84,62,22
3/6/15 17:00,121,102,19
3/6/15 18:00,55,46,9
3/6/15 19:00,18,12,6
3/6/15 20:00,17,9,8
3/6/15 21:00,4,1,3
3/6/15 22:00,3,3,0
3/6/15 23:00,0,0,0
3/7/15 0:00,3,2,1
3/7/15 1:00,3,2,1
3/7/15 2:00,0,0,0
3/7/15 3:00,1,0,1
3/7/15 4:00,2,1,1
3/7/15 5:00,6,0,6
3/7/15 6:00,5,1,4
3/7/15 7:00,11,2,9
3/7/15 8:00,32,8,24
3/7/15 9:00,39,21,18
3/7/15 10:00,37,14,23
3/7/15 11:00,55,25,30
3/7/15 12:00,71,39,32
3/7/15 13:00,66,32,34
3/7/15 14:00,91,55,36
3/7/15 15:00,95,49,46
3/7/15 16:00,47,19,28
3/7/15 17:00,46,22,24
3/7/15 18:00,32,16,16
3/7/15 19:00,5,2,3
3/7/15 20:00,6,3,3
3/7/15 21:00,3,3,0
3/7/15 22:00,6,1,5
3/7/15 23:00,2,2,0
3/8/15 0:00,2,1,1
3/8/15 1:00,4,2,2
3/8/15 2:00,,,
3/8/15 3:00,1,0,1
3/8/15 4:00,6,5,1
3/8/15 5:00,3,0,3
3/8/15 6:00,0,0,0
3/8/15 7:00,12,5,7
3/8/15 8:00,10,4,6
3/8/15 9:00,29,8,21
3/8/15 10:00,45,17,28
3/8/15 11:00,82,46,36
3/8/15 12:00,86,39,47
3/8/15 13:00,81,44,37
3/8/15 14:00,103,56,47
3/8/15 15:00,86,51,35
3/8/15 16:00,77,31,46
3/8/15 17:00,39,16,23
3/8/15 18:00,38,17,21
3/8/15 19:00,10,4,6
3/8/15 20:00,11,9,2
3/8/15 21:00,3,2,1
3/8/15 22:00,5,5,0
3/8/15 23:00,1,1,0
3/9/15 0:00,0,0,0
3/9/15 1:00,1,0,1
3/9/15 2:00,2,1,1
3/9/15 3:00,1,0,1
3/9/15 4:00,5,1,4
3/9/15 5:00,11,1,10
3/9/15 6:00,57,7,50
3/9/15 7:00,98,12,86
3/9/15 8:00,116,14,102
3/9/15 9:00,57,7,50
3/9/15 10:00,20,3,17
3/9/15 11:00,14,7,7
3/9/15 12:00,33,10,23
3/9/15 13:00,27,14,13
3/9/15 14:00,34,22,12
3/9/15 15:00,38,30,8
3/9/15 16:00,80,68,12
3/9/15 17:00,142,120,22
3/9/15 18:00,99,86,13
3/9/15 19:00,30,25,5
3/9/15 20:00,16,11,5
3/9/15 21:00,9,5,4
3/9/15 22:00,2,1,1
3/9/15 23:00,10,7,3
3/10/15 0:00,1,1,0
3/10/15 1:00,2,2,0
3/10/15 2:00,2,2,0
3/10/15 3:00,3,1,2
3/10/15 4:00,3,1,2
3/10/15 5:00,24,3,21
3/10/15 6:00,49,7,42
3/10/15 7:00,123,11,112
3/10/15 8:00,122,18,104
3/10/15 9:00,52,7,45
3/10/15 10:00,15,2,13
3/10/15 11:00,13,6,7
3/10/15 12:00,21,9,12
3/10/15 13:00,35,18,17
3/10/15 14:00,27,14,13
3/10/15 15:00,35,31,4
3/10/15 16:00,97,83,14
3/10/15 17:00,142,120,22
3/10/15 18:00,110,95,15
3/10/15 19:00,37,29,8
3/10/15 20:00,14,12,2
3/10/15 21:00,10,6,4
3/10/15 22:00,9,5,4
3/10/15 23:00,6,6,0
3/11/15 0:00,1,1,0
3/11/15 1:00,1,0,1
3/11/15 2:00,2,0,2
3/11/15 3:00,1,1,0
3/11/15 4:00,3,0,3
3/11/15 5:00,14,2,12
3/11/15 6:00,36,6,30
3/11/15 7:00,98,17,81
3/11/15 8:00,87,9,78
3/11/15 9:00,27,3,24
3/11/15 10:00,13,3,10
3/11/15 11:00,21,11,10
3/11/15 12:00,13,5,8
3/11/15 13:00,13,3,10
3/11/15 14:00,15,10,5
3/11/15 15:00,19,14,5
3/11/15 16:00,42,36,6
3/11/15 17:00,104,85,19
3/11/15 18:00,60,49,11
3/11/15 19:00,22,19,3
3/11/15 20:00,18,14,4
3/11/15 21:00,3,3,0
3/11/15 22:00,11,7,4
3/11/15 23:00,2,2,0
3/12/15 0:00,1,1,0
3/12/15 1:00,3,2,1
3/12/15 2:00,1,0,1
3/12/15 3:00,0,0,0
3/12/15 4:00,1,0,1
3/12/15 5:00,17,3,14
3/12/15 6:00,61,11,50
3/12/15 7:00,106,13,93
3/12/15 8:00,100,7,93
3/12/15 9:00,45,5,40
3/12/15 10:00,26,6,20
3/12/15 11:00,15,7,8
3/12/15 12:00,16,4,12
3/12/15 13:00,31,12,19
3/12/15 14:00,25,14,11
3/12/15 15:00,59,36,23
3/12/15 16:00,85,55,30
3/12/15 17:00,123,101,22
3/12/15 18:00,92,73,19
3/12/15 19:00,51,42,9
3/12/15 20:00,20,11,9
3/12/15 21:00,22,12,10
3/12/15 22:00,8,5,3
3/12/15 23:00,7,6,1
3/13/15 0:00,4,2,2
3/13/15 1:00,3,3,0
3/13/15 2:00,4,2,2
3/13/15 3:00,2,0,2
3/13/15 4:00,2,0,2
3/13/15 5:00,13,1,12
3/13/15 6:00,63,13,50
3/13/15 7:00,114,20,94
3/13/15 8:00,115,24,91
3/13/15 9:00,53,14,39
3/13/15 10:00,25,8,17
3/13/15 11:00,21,14,7
3/13/15 12:00,23,13,10
3/13/15 13:00,47,17,30
3/13/15 14:00,45,27,18
3/13/15 15:00,49,33,16
3/13/15 16:00,96,75,21
3/13/15 17:00,120,106,14
3/13/15 18:00,71,60,11
3/13/15 19:00,27,27,0
3/13/15 20:00,18,7,11
3/13/15 21:00,8,7,1
3/13/15 22:00,8,3,5
3/13/15 23:00,5,3,2
3/14/15 0:00,4,4,0
3/14/15 1:00,2,0,2
3/14/15 2:00,0,0,0
3/14/15 3:00,1,0,1
3/14/15 4:00,0,0,0
3/14/15 5:00,3,0,3
3/14/15 6:00,7,2,5
3/14/15 7:00,2,2,0
3/14/15 8:00,5,2,3
3/14/15 9:00,5,3,2
3/14/15 10:00,11,7,4
3/14/15 11:00,8,5,3
3/14/15 12:00,8,6,2
3/14/15 13:00,5,3,2
3/14/15 14:00,17,3,14
3/14/15 15:00,15,6,9
3/14/15 16:00,10,4,6
3/14/15 17:00,15,7,8
3/14/15 18:00,13,7,6
3/14/15 19:00,9,5,4
3/14/15 20:00,1,0,1
3/14/15 21:00,3,3,0
3/14/15 22:00,7,7,0
3/14/15 23:00,4,4,0
3/15/15 0:00,7,5,2
3/15/15 1:00,4,0,4
3/15/15 2:00,0,0,0
3/15/15 3:00,5,0,5
3/15/15 4:00,1,1,0
3/15/15 5:00,3,0,3
3/15/15 6:00,1,0,1
3/15/15 7:00,3,2,1
3/15/15 8:00,5,0,5
3/15/15 9:00,7,5,2
3/15/15 10:00,1,1,0
3/15/15 11:00,4,2,2
3/15/15 12:00,5,1,4
3/15/15 13:00,0,0,0
3/15/15 14:00,2,2,0
3/15/15 15:00,4,3,1
3/15/15 16:00,3,1,2
3/15/15 17:00,3,0,3
3/15/15 18:00,3,2,1
3/15/15 19:00,1,1,0
3/15/15 20:00,0,0,0
3/15/15 21:00,1,0,1
3/15/15 22:00,1,1,0
3/15/15 23:00,0,0,0
3/16/15 0:00,0,0,0
3/16/15 1:00,1,1,0
3/16/15 2:00,0,0,0
3/16/15 3:00,3,1,2
3/16/15 4:00,2,1,1
3/16/15 5:00,7,1,6
3/16/15 6:00,46,6,40
3/16/15 7:00,92,11,81
3/16/15 8:00,98,8,90
3/16/15 9:00,41,3,38
3/16/15 10:00,15,2,13
3/16/15 11:00,12,5,7
3/16/15 12:00,29,14,15
3/16/15 13:00,27,10,17
3/16/15 14:00,27,14,13
3/16/15 15:00,46,37,9
3/16/15 16:00,78,58,20
3/16/15 17:00,123,102,21
3/16/15 18:00,87,73,14
3/16/15 19:00,33,23,10
3/16/15 20:00,15,10,5
3/16/15 21:00,10,7,3
3/16/15 22:00,1,0,1
3/16/15 23:00,5,4,1
3/17/15 0:00,4,3,1
3/17/15 1:00,1,0,1
3/17/15 2:00,1,1,0
3/17/15 3:00,1,1,0
3/17/15 4:00,1,0,1
3/17/15 5:00,13,2,11
3/17/15 6:00,51,9,42
3/17/15 7:00,111,14,97
3/17/15 8:00,117,9,108
3/17/15 9:00,49,5,44
3/17/15 10:00,23,6,17
3/17/15 11:00,23,13,10
3/17/15 12:00,18,6,12
3/17/15 13:00,22,8,14
3/17/15 14:00,27,21,6
3/17/15 15:00,40,29,11
3/17/15 16:00,62,48,14
3/17/15 17:00,104,89,15
3/17/15 18:00,87,80,7
3/17/15 19:00,22,20,2
3/17/15 20:00,8,7,1
3/17/15 21:00,4,3,1
3/17/15 22:00,8,7,1
3/17/15 23:00,3,2,1
3/18/15 0:00,5,5,0
3/18/15 1:00,0,0,0
3/18/15 2:00,1,0,1
3/18/15 3:00,1,0,1
3/18/15 4:00,4,2,2
3/18/15 5:00,12,3,9
3/18/15 6:00,67,5,62
3/18/15 7:00,99,9,90
3/18/15 8:00,123,11,112
3/18/15 9:00,39,2,37
3/18/15 10:00,19,5,14
3/18/15 11:00,15,9,6
3/18/15 12:00,26,13,13
3/18/15 13:00,24,8,16
3/18/15 14:00,33,24,9
3/18/15 15:00,37,27,10
3/18/15 16:00,80,68,12
3/18/15 17:00,130,113,17
3/18/15 18:00,100,80,20
3/18/15 19:00,39,33,6
3/18/15 20:00,27,19,8
3/18/15 21:00,8,5,3
3/18/15 22:00,6,6,0
3/18/15 23:00,5,5,0
3/19/15 0:00,2,0,2
3/19/15 1:00,0,0,0
3/19/15 2:00,3,1,2
3/19/15 3:00,0,0,0
3/19/15 4:00,6,3,3
3/19/15 5:00,18,3,15
3/19/15 6:00,66,11,55
3/19/15 7:00,108,16,92
3/19/15 8:00,117,6,111
3/19/15 9:00,54,6,48
3/19/15 10:00,28,12,16
3/19/15 11:00,22,9,13
3/19/15 12:00,19,10,9
3/19/15 13:00,26,12,14
3/19/15 14:00,27,13,14
3/19/15 15:00,39,25,14
3/19/15 16:00,77,61,16
3/19/15 17:00,112,94,18
3/19/15 18:00,78,67,11
3/19/15 19:00,39,35,4
3/19/15 20:00,24,19,5
3/19/15 21:00,6,4,2
3/19/15 22:00,6,5,1
3/19/15 23:00,7,5,2
3/20/15 0:00,4,3,1
3/20/15 1:00,0,0,0
3/20/15 2:00,1,1,0
3/20/15 3:00,0,0,0
3/20/15 4:00,2,1,1
3/20/15 5:00,12,3,9
3/20/15 6:00,34,8,26
3/20/15 7:00,72,9,63
3/20/15 8:00,78,6,72
3/20/15 9:00,34,9,25
3/20/15 10:00,12,4,8
3/20/15 11:00,22,11,11
3/20/15 12:00,19,8,11
3/20/15 13:00,20,11,9
3/20/15 14:00,20,11,9
3/20/15 15:00,31,24,7
3/20/15 16:00,53,42,11
3/20/15 17:00,61,54,7
3/20/15 18:00,56,54,2
3/20/15 19:00,16,13,3
3/20/15 20:00,6,2,4
3/20/15 21:00,7,5,2
3/20/15 22:00,6,5,1
3/20/15 23:00,3,3,0
3/21/15 0:00,2,2,0
3/21/15 1:00,2,1,1
3/21/15 2:00,1,1,0
3/21/15 3:00,1,0,1
3/21/15 4:00,3,3,0
3/21/15 5:00,1,0,1
3/21/15 6:00,3,0,3
3/21/15 7:00,16,10,6
3/21/15 8:00,18,5,13
3/21/15 9:00,11,5,6
3/21/15 10:00,13,6,7
3/21/15 11:00,11,6,5
3/21/15 12:00,18,10,8
3/21/15 13:00,30,16,14
3/21/15 14:00,27,14,13
3/21/15 15:00,25,14,11
3/21/15 16:00,37,18,19
3/21/15 17:00,29,12,17
3/21/15 18:00,27,14,13
3/21/15 19:00,14,8,6
3/21/15 20:00,4,1,3
3/21/15 21:00,1,0,1
3/21/15 22:00,3,3,0
3/21/15 23:00,4,3,1
3/22/15 0:00,2,2,0
3/22/15 1:00,2,1,1
3/22/15 2:00,0,0,0
3/22/15 3:00,5,1,4
3/22/15 4:00,1,1,0
3/22/15 5:00,5,1,4
3/22/15 6:00,3,1,2
3/22/15 7:00,5,0,5
3/22/15 8:00,16,2,14
3/22/15 9:00,26,11,15
3/22/15 10:00,67,43,24
3/22/15 11:00,59,22,37
3/22/15 12:00,45,19,26
3/22/15 13:00,22,9,13
3/22/15 14:00,31,14,17
3/22/15 15:00,14,12,2
3/22/15 16:00,16,7,9
3/22/15 17:00,13,7,6
3/22/15 18:00,3,2,1
3/22/15 19:00,2,1,1
3/22/15 20:00,6,4,2
3/22/15 21:00,4,2,2
3/22/15 22:00,2,1,1
3/22/15 23:00,5,3,2
3/23/15 0:00,1,1,0
3/23/15 1:00,1,0,1
3/23/15 2:00,1,1,0
3/23/15 3:00,2,0,2
3/23/15 4:00,4,1,3
3/23/15 5:00,16,3,13
3/23/15 6:00,51,13,38
3/23/15 7:00,87,9,78
3/23/15 8:00,81,6,75
3/23/15 9:00,34,4,30
3/23/15 10:00,13,3,10
3/23/15 11:00,11,4,7
3/23/15 12:00,7,3,4
3/23/15 13:00,7,2,5
3/23/15 14:00,9,7,2
3/23/15 15:00,23,19,4
3/23/15 16:00,60,48,12
3/23/15 17:00,86,76,10
3/23/15 18:00,60,56,4
3/23/15 19:00,18,16,2
3/23/15 20:00,9,7,2
3/23/15 21:00,7,4,3
3/23/15 22:00,4,3,1
3/23/15 23:00,1,0,1
3/24/15 0:00,1,0,1
3/24/15 1:00,1,0,1
3/24/15 2:00,0,0,0
3/24/15 3:00,1,0,1
3/24/15 4:00,2,1,1
3/24/15 5:00,16,2,14
3/24/15 6:00,62,8,54
3/24/15 7:00,85,12,73
3/24/15 8:00,96,7,89
3/24/15 9:00,23,0,23
3/24/15 10:00,17,5,12
3/24/15 11:00,12,6,6
3/24/15 12:00,23,8,15
3/24/15 13:00,19,9,10
3/24/15 14:00,31,23,8
3/24/15 15:00,31,21,10
3/24/15 16:00,65,54,11
3/24/15 17:00,102,92,10
3/24/15 18:00,75,66,9
3/24/15 19:00,31,22,9
3/24/15 20:00,18,15,3
3/24/15 21:00,17,15,2
3/24/15 22:00,6,6,0
3/24/15 23:00,6,5,1
3/25/15 0:00,1,1,0
3/25/15 1:00,0,0,0
3/25/15 2:00,0,0,0
3/25/15 3:00,0,0,0
3/25/15 4:00,2,1,1
3/25/15 5:00,11,1,10
3/25/15 6:00,42,9,33
3/25/15 7:00,65,8,57
3/25/15 8:00,85,10,75
3/25/15 9:00,28,3,25
3/25/15 10:00,10,4,6
3/25/15 11:00,5,1,4
3/25/15 12:00,10,4,6
3/25/15 13:00,5,2,3
3/25/15 14:00,7,4,3
3/25/15 15:00,30,19,11
3/25/15 16:00,53,42,11
3/25/15 17:00,61,54,7
3/25/15 18:00,64,56,8
3/25/15 19:00,28,23,5
3/25/15 20:00,7,7,0
3/25/15 21:00,8,7,1
3/25/15 22:00,5,4,1
3/25/15 23:00,0,0,0
3/26/15 0:00,2,0,2
3/26/15 1:00,0,0,0
3/26/15 2:00,3,2,1
3/26/15 3:00,1,1,0
3/26/15 4:00,7,2,5
3/26/15 5:00,19,4,15
3/26/15 6:00,67,11,56
3/26/15 7:00,112,19,93
3/26/15 8:00,130,11,119
3/26/15 9:00,42,4,38
3/26/15 10:00,38,13,25
3/26/15 11:00,28,8,20
3/26/15 12:00,23,11,12
3/26/15 13:00,42,18,24
3/26/15 14:00,55,36,19
3/26/15 15:00,73,49,24
3/26/15 16:00,108,83,25
3/26/15 17:00,152,115,37
3/26/15 18:00,113,92,21
3/26/15 19:00,158,133,25
3/26/15 20:00,35,23,12
3/26/15 21:00,10,3,7
3/26/15 22:00,11,5,6
3/26/15 23:00,48,4,44
3/27/15 0:00,24,3,21
3/27/15 1:00,15,1,14
3/27/15 2:00,1,0,1
3/27/15 3:00,1,0,1
3/27/15 4:00,3,1,2
3/27/15 5:00,19,3,16
3/27/15 6:00,54,13,41
3/27/15 7:00,125,20,105
3/27/15 8:00,119,20,99
3/27/15 9:00,42,10,32
3/27/15 10:00,29,9,20
3/27/15 11:00,24,8,16
3/27/15 12:00,35,13,22
3/27/15 13:00,45,33,12
3/27/15 14:00,45,25,20
3/27/15 15:00,81,57,24
3/27/15 16:00,118,89,29
3/27/15 17:00,131,110,21
3/27/15 18:00,90,75,15
3/27/15 19:00,25,17,8
3/27/15 20:00,19,13,6
3/27/15 21:00,8,5,3
3/27/15 22:00,2,1,1
3/27/15 23:00,8,3,5
3/28/15 0:00,5,2,3
3/28/15 1:00,2,0,2
3/28/15 2:00,0,0,0
3/28/15 3:00,2,0,2
3/28/15 4:00,1,0,1
3/28/15 5:00,6,0,6
3/28/15 6:00,13,3,10
3/28/15 7:00,22,10,12
3/28/15 8:00,23,9,14
3/28/15 9:00,33,17,16
3/28/15 10:00,37,16,21
3/28/15 11:00,47,26,21
3/28/15 12:00,49,25,24
3/28/15 13:00,62,26,36
3/28/15 14:00,65,33,32
3/28/15 15:00,46,28,18
3/28/15 16:00,31,20,11
3/28/15 17:00,41,24,17
3/28/15 18:00,32,17,15
3/28/15 19:00,18,9,9
3/28/15 20:00,5,3,2
3/28/15 21:00,8,5,3
3/28/15 22:00,1,0,1
3/28/15 23:00,2,1,1
3/29/15 0:00,1,1,0
3/29/15 1:00,1,1,0
3/29/15 2:00,1,1,0
3/29/15 3:00,1,0,1
3/29/15 4:00,2,2,0
3/29/15 5:00,9,1,8
3/29/15 6:00,2,0,2
3/29/15 7:00,14,2,12
3/29/15 8:00,23,5,18
3/29/15 9:00,41,16,25
3/29/15 10:00,45,28,17
3/29/15 11:00,55,29,26
3/29/15 12:00,57,25,32
3/29/15 13:00,43,25,18
3/29/15 14:00,60,35,25
3/29/15 15:00,38,17,21
3/29/15 16:00,38,18,20
3/29/15 17:00,19,12,7
3/29/15 18:00,18,9,9
3/29/15 19:00,9,6,3
3/29/15 20:00,6,2,4
3/29/15 21:00,3,2,1
3/29/15 22:00,4,1,3
3/29/15 23:00,3,2,1
3/30/15 0:00,1,1,0
3/30/15 1:00,0,0,0
3/30/15 2:00,2,1,1
3/30/15 3:00,3,1,2
3/30/15 4:00,3,1,2
3/30/15 5:00,22,4,18
3/30/15 6:00,65,11,54
3/30/15 7:00,130,17,113
3/30/15 8:00,130,11,119
3/30/15 9:00,50,6,44
3/30/15 10:00,20,6,14
3/30/15 11:00,18,5,13
3/30/15 12:00,26,13,13
3/30/15 13:00,22,8,14
3/30/15 14:00,32,19,13
3/30/15 15:00,63,46,17
3/30/15 16:00,93,70,23
3/30/15 17:00,174,154,20
3/30/15 18:00,116,95,21
3/30/15 19:00,26,19,7
3/30/15 20:00,13,12,1
3/30/15 21:00,8,5,3
3/30/15 22:00,2,2,0
3/30/15 23:00,5,2,3
3/31/15 0:00,4,2,2
3/31/15 1:00,0,0,0
3/31/15 2:00,0,0,0
3/31/15 3:00,0,0,0
3/31/15 4:00,1,1,0
3/31/15 5:00,19,2,17
3/31/15 6:00,55,10,45
3/31/15 7:00,105,18,87
3/31/15 8:00,91,15,76
3/31/15 9:00,31,4,27
3/31/15 10:00,15,1,14
3/31/15 11:00,8,4,4
3/31/15 12:00,17,6,11
3/31/15 13:00,11,8,3
3/31/15 14:00,24,16,8
3/31/15 15:00,31,21,10
3/31/15 16:00,59,52,7
3/31/15 17:00,94,81,13
3/31/15 18:00,53,48,5
3/31/15 19:00,22,19,3
3/31/15 20:00,12,10,2
3/31/15 21:00,9,7,2
3/31/15 22:00,2,2,0
3/31/15 23:00,1,1,0
4/1/15 0:00,2,0,2
4/1/15 1:00,1,1,0
4/1/15 2:00,0,0,0
4/1/15 3:00,3,1,2
4/1/15 4:00,3,1,2
4/1/15 5:00,20,1,19
4/1/15 6:00,46,5,41
4/1/15 7:00,85,7,78
4/1/15 8:00,105,11,94
4/1/15 9:00,45,9,36
4/1/15 10:00,17,6,11
4/1/15 11:00,14,4,10
4/1/15 12:00,18,9,9
4/1/15 13:00,20,10,10
4/1/15 14:00,22,14,8
4/1/15 15:00,28,22,6
4/1/15 16:00,48,36,12
4/1/15 17:00,100,84,16
4/1/15 18:00,69,67,2
4/1/15 19:00,30,27,3
4/1/15 20:00,13,9,4
4/1/15 21:00,9,6,3
4/1/15 22:00,4,3,1
4/1/15 23:00,2,1,1
4/2/15 0:00,1,0,1
4/2/15 1:00,1,0,1
4/2/15 2:00,0,0,0
4/2/15 3:00,0,0,0
4/2/15 4:00,2,0,2
4/2/15 5:00,25,4,21
4/2/15 6:00,53,6,47
4/2/15 7:00,113,12,101
4/2/15 8:00,110,14,96
4/2/15 9:00,50,4,46
4/2/15 10:00,20,5,15
4/2/15 11:00,16,4,12
4/2/15 12:00,16,9,7
4/2/15 13:00,24,10,14
4/2/15 14:00,27,15,12
4/2/15 15:00,42,26,16
4/2/15 16:00,78,62,16
4/2/15 17:00,133,110,23
4/2/15 18:00,112,94,18
4/2/15 19:00,38,30,8
4/2/15 20:00,11,10,1
4/2/15 21:00,15,10,5
4/2/15 22:00,4,3,1
4/2/15 23:00,5,4,1
4/3/15 0:00,6,4,2
4/3/15 1:00,0,0,0
4/3/15 2:00,1,1,0
4/3/15 3:00,1,1,0
4/3/15 4:00,1,0,1
4/3/15 5:00,11,1,10
4/3/15 6:00,44,9,35
4/3/15 7:00,86,13,73
4/3/15 8:00,85,10,75
4/3/15 9:00,38,4,34
4/3/15 10:00,17,4,13
4/3/15 11:00,29,18,11
4/3/15 12:00,18,6,12
4/3/15 13:00,12,4,8
4/3/15 14:00,11,8,3
4/3/15 15:00,39,28,11
4/3/15 16:00,63,54,9
4/3/15 17:00,84,73,11
4/3/15 18:00,44,38,6
4/3/15 19:00,29,26,3
4/3/15 20:00,5,5,0
4/3/15 21:00,7,2,5
4/3/15 22:00,7,7,0
4/3/15 23:00,6,2,4
4/4/15 0:00,6,4,2
4/4/15 1:00,1,1,0
4/4/15 2:00,2,2,0
4/4/15 3:00,2,1,1
4/4/15 4:00,1,1,0
4/4/15 5:00,5,0,5
4/4/15 6:00,6,2,4
4/4/15 7:00,18,6,12
4/4/15 8:00,38,8,30
4/4/15 9:00,39,21,18
4/4/15 10:00,51,25,26
4/4/15 11:00,44,25,19
4/4/15 12:00,67,36,31
4/4/15 13:00,76,41,35
4/4/15 14:00,70,38,32
4/4/15 15:00,75,37,38
4/4/15 16:00,103,44,59
4/4/15 17:00,57,22,35
4/4/15 18:00,46,20,26
4/4/15 19:00,13,7,6
4/4/15 20:00,3,2,1
4/4/15 21:00,5,4,1
4/4/15 22:00,11,7,4
4/4/15 23:00,3,2,1
4/5/15 0:00,2,2,0
4/5/15 1:00,1,1,0
4/5/15 2:00,1,0,1
4/5/15 3:00,2,1,1
4/5/15 4:00,4,3,1
4/5/15 5:00,7,2,5
4/5/15 6:00,6,1,5
4/5/15 7:00,8,3,5
4/5/15 8:00,19,10,9
4/5/15 9:00,35,22,13
4/5/15 10:00,35,17,18
4/5/15 11:00,57,29,28
4/5/15 12:00,53,30,23
4/5/15 13:00,58,36,22
4/5/15 14:00,56,22,34
4/5/15 15:00,67,27,40
4/5/15 16:00,53,25,28
4/5/15 17:00,39,19,20
4/5/15 18:00,22,8,14
4/5/15 19:00,18,7,11
4/5/15 20:00,5,2,3
4/5/15 21:00,3,1,2
4/5/15 22:00,1,1,0
4/5/15 23:00,3,1,2
4/6/15 0:00,3,2,1
4/6/15 1:00,0,0,0
4/6/15 2:00,0,0,0
4/6/15 3:00,3,2,1
4/6/15 4:00,4,0,4
4/6/15 5:00,17,1,16
4/6/15 6:00,62,9,53
4/6/15 7:00,104,10,94
4/6/15 8:00,109,8,101
4/6/15 9:00,41,4,37
4/6/15 10:00,21,4,17
4/6/15 11:00,8,3,5
4/6/15 12:00,14,5,9
4/6/15 13:00,19,10,9
4/6/15 14:00,24,13,11
4/6/15 15:00,41,32,9
4/6/15 16:00,85,67,18
4/6/15 17:00,141,125,16
4/6/15 18:00,96,80,16
4/6/15 19:00,29,20,9
4/6/15 20:00,15,10,5
4/6/15 21:00,8,6,2
4/6/15 22:00,6,3,3
4/6/15 23:00,4,1,3
4/7/15 0:00,2,2,0
4/7/15 1:00,0,0,0
4/7/15 2:00,0,0,0
4/7/15 3:00,1,1,0
4/7/15 4:00,0,0,0
4/7/15 5:00,29,3,26
4/7/15 6:00,75,12,63
4/7/15 7:00,133,15,118
4/7/15 8:00,124,7,117
4/7/15 9:00,43,7,36
4/7/15 10:00,23,8,15
4/7/15 11:00,11,6,5
4/7/15 12:00,8,5,3
4/7/15 13:00,11,6,5
4/7/15 14:00,21,14,7
4/7/15 15:00,37,30,7
4/7/15 16:00,93,73,20
4/7/15 17:00,160,132,28
4/7/15 18:00,91,80,11
4/7/15 19:00,29,22,7
4/7/15 20:00,19,17,2
4/7/15 21:00,13,10,3
4/7/15 22:00,7,3,4
4/7/15 23:00,2,1,1
4/8/15 0:00,7,1,6
4/8/15 1:00,0,0,0
4/8/15 2:00,0,0,0
4/8/15 3:00,2,2,0
4/8/15 4:00,1,0,1
4/8/15 5:00,23,2,21
4/8/15 6:00,83,13,70
4/8/15 7:00,118,10,108
4/8/15 8:00,107,7,100
4/8/15 9:00,55,15,40
4/8/15 10:00,22,2,20
4/8/15 11:00,23,4,19
4/8/15 12:00,18,9,9
4/8/15 13:00,35,19,16
4/8/15 14:00,41,26,15
4/8/15 15:00,51,34,17
4/8/15 16:00,116,88,28
4/8/15 17:00,155,128,27
4/8/15 18:00,93,81,12
4/8/15 19:00,62,39,23
4/8/15 20:00,22,16,6
4/8/15 21:00,17,13,4
4/8/15 22:00,7,3,4
4/8/15 23:00,4,3,1
4/9/15 0:00,3,1,2
4/9/15 1:00,1,0,1
4/9/15 2:00,0,0,0
4/9/15 3:00,0,0,0
4/9/15 4:00,4,0,4
4/9/15 5:00,22,5,17
4/9/15 6:00,72,11,61
4/9/15 7:00,129,17,112
4/9/15 8:00,119,8,111
4/9/15 9:00,47,9,38
4/9/15 10:00,25,9,16
4/9/15 11:00,18,10,8
4/9/15 12:00,33,16,17
4/9/15 13:00,38,18,20
4/9/15 14:00,37,26,11
4/9/15 15:00,62,43,19
4/9/15 16:00,90,78,12
4/9/15 17:00,191,148,43
4/9/15 18:00,129,100,29
4/9/15 19:00,68,40,28
4/9/15 20:00,22,16,6
4/9/15 21:00,18,13,5
4/9/15 22:00,16,6,10
4/9/15 23:00,6,4,2
4/10/15 0:00,3,2,1
4/10/15 1:00,0,0,0
4/10/15 2:00,0,0,0
4/10/15 3:00,0,0,0
4/10/15 4:00,1,0,1
4/10/15 5:00,8,1,7
4/10/15 6:00,46,9,37
4/10/15 7:00,103,13,90
4/10/15 8:00,92,11,81
4/10/15 9:00,28,4,24
4/10/15 10:00,21,9,12
4/10/15 11:00,9,2,7
4/10/15 12:00,27,15,12
4/10/15 13:00,21,11,10
4/10/15 14:00,24,11,13
4/10/15 15:00,36,28,8
4/10/15 16:00,61,48,13
4/10/15 17:00,73,63,10
4/10/15 18:00,37,35,2
4/10/15 19:00,8,7,1
4/10/15 20:00,3,3,0
4/10/15 21:00,5,3,2
4/10/15 22:00,3,2,1
4/10/15 23:00,1,1,0
4/11/15 0:00,1,0,1
4/11/15 1:00,0,0,0
4/11/15 2:00,0,0,0
4/11/15 3:00,2,1,1
4/11/15 4:00,2,0,2
4/11/15 5:00,3,2,1
4/11/15 6:00,5,1,4
4/11/15 7:00,16,4,12
4/11/15 8:00,19,8,11
4/11/15 9:00,20,9,11
4/11/15 10:00,24,13,11
4/11/15 11:00,18,8,10
4/11/15 12:00,31,12,19
4/11/15 13:00,26,11,15
4/11/15 14:00,36,21,15
4/11/15 15:00,33,16,17
4/11/15 16:00,33,24,9
4/11/15 17:00,13,5,8
4/11/15 18:00,15,12,3
4/11/15 19:00,13,8,5
4/11/15 20:00,6,4,2
4/11/15 21:00,3,2,1
4/11/15 22:00,5,0,5
4/11/15 23:00,3,2,1
4/12/15 0:00,6,3,3
4/12/15 1:00,2,1,1
4/12/15 2:00,0,0,0
4/12/15 3:00,3,1,2
4/12/15 4:00,2,0,2
4/12/15 5:00,4,0,4
4/12/15 6:00,3,0,3
4/12/15 7:00,8,2,6
4/12/15 8:00,31,4,27
4/12/15 9:00,44,22,22
4/12/15 10:00,41,23,18
4/12/15 11:00,67,32,35
4/12/15 12:00,63,29,34
4/12/15 13:00,72,41,31
4/12/15 14:00,72,33,39
4/12/15 15:00,55,37,18
4/12/15 16:00,32,12,20
4/12/15 17:00,39,24,15
4/12/15 18:00,21,13,8
4/12/15 19:00,14,7,7
4/12/15 20:00,6,5,1
4/12/15 21:00,4,3,1
4/12/15 22:00,4,2,2
4/12/15 23:00,2,0,2
4/13/15 0:00,6,3,3
4/13/15 1:00,3,1,2
4/13/15 2:00,0,0,0
4/13/15 3:00,1,1,0
4/13/15 4:00,8,1,7
4/13/15 5:00,14,1,13
4/13/15 6:00,60,9,51
4/13/15 7:00,89,10,79
4/13/15 8:00,86,8,78
4/13/15 9:00,30,2,28
4/13/15 10:00,14,6,8
4/13/15 11:00,18,3,15
4/13/15 12:00,8,3,5
4/13/15 13:00,10,4,6
4/13/15 14:00,21,11,10
4/13/15 15:00,32,26,6
4/13/15 16:00,55,48,7
4/13/15 17:00,77,66,11
4/13/15 18:00,62,55,7
4/13/15 19:00,14,12,2
4/13/15 20:00,7,6,1
4/13/15 21:00,5,4,1
4/13/15 22:00,0,0,0
4/13/15 23:00,1,1,0
4/14/15 0:00,0,0,0
4/14/15 1:00,0,0,0
4/14/15 2:00,2,0,2
4/14/15 3:00,5,4,1
4/14/15 4:00,4,2,2
4/14/15 5:00,11,1,10
4/14/15 6:00,53,3,50
4/14/15 7:00,86,9,77
4/14/15 8:00,87,12,75
4/14/15 9:00,28,5,23
4/14/15 10:00,13,6,7
4/14/15 11:00,16,5,11
4/14/15 12:00,11,6,5
4/14/15 13:00,15,10,5
4/14/15 14:00,19,11,8
4/14/15 15:00,18,12,6
4/14/15 16:00,59,52,7
4/14/15 17:00,98,91,7
4/14/15 18:00,55,50,5
4/14/15 19:00,26,20,6
4/14/15 20:00,8,7,1
4/14/15 21:00,10,7,3
4/14/15 22:00,1,1,0
4/14/15 23:00,2,1,1
4/15/15 0:00,2,2,0
4/15/15 1:00,1,1,0
4/15/15 2:00,1,0,1
4/15/15 3:00,2,1,1
4/15/15 4:00,4,1,3
4/15/15 5:00,21,3,18
4/15/15 6:00,65,6,59
4/15/15 7:00,110,14,96
4/15/15 8:00,107,5,102
4/15/15 9:00,43,8,35
4/15/15 10:00,23,6,17
4/15/15 11:00,14,4,10
4/15/15 12:00,23,11,12
4/15/15 13:00,20,10,10
4/15/15 14:00,34,22,12
4/15/15 15:00,43,32,11
4/15/15 16:00,103,81,22
4/15/15 17:00,136,117,19
4/15/15 18:00,108,82,26
4/15/15 19:00,55,39,16
4/15/15 20:00,22,15,7
4/15/15 21:00,10,6,4
4/15/15 22:00,9,7,2
4/15/15 23:00,3,2,1
4/16/15 0:00,4,3,1
4/16/15 1:00,0,0,0
4/16/15 2:00,2,0,2
4/16/15 3:00,0,0,0
4/16/15 4:00,5,0,5
4/16/15 5:00,21,2,19
4/16/15 6:00,71,9,62
4/16/15 7:00,116,15,101
4/16/15 8:00,113,12,101
4/16/15 9:00,49,6,43
4/16/15 10:00,23,3,20
4/16/15 11:00,29,10,19
4/16/15 12:00,31,13,18
4/16/15 13:00,29,10,19
4/16/15 14:00,40,23,17
4/16/15 15:00,59,44,15
4/16/15 16:00,110,85,25
4/16/15 17:00,151,129,22
4/16/15 18:00,116,94,22
4/16/15 19:00,49,35,14
4/16/15 20:00,30,16,14
4/16/15 21:00,18,11,7
4/16/15 22:00,6,4,2
4/16/15 23:00,5,4,1
4/17/15 0:00,4,3,1
4/17/15 1:00,2,1,1
4/17/15 2:00,1,1,0
4/17/15 3:00,0,0,0
4/17/15 4:00,0,0,0
4/17/15 5:00,16,1,15
4/17/15 6:00,56,6,50
4/17/15 7:00,112,18,94
4/17/15 8:00,97,10,87
4/17/15 9:00,36,3,33
4/17/15 10:00,35,14,21
4/17/15 11:00,10,4,6
4/17/15 12:00,33,16,17
4/17/15 13:00,23,11,12
4/17/15 14:00,37,19,18
4/17/15 15:00,65,44,21
4/17/15 16:00,110,89,21
4/17/15 17:00,125,110,15
4/17/15 18:00,77,65,12
4/17/15 19:00,32,24,8
4/17/15 20:00,20,16,4
4/17/15 21:00,10,6,4
4/17/15 22:00,7,3,4
4/17/15 23:00,2,2,0
4/18/15 0:00,3,2,1
4/18/15 1:00,3,2,1
4/18/15 2:00,0,0,0
4/18/15 3:00,3,1,2
4/18/15 4:00,1,0,1
4/18/15 5:00,5,0,5
4/18/15 6:00,14,6,8
4/18/15 7:00,41,23,18
4/18/15 8:00,66,36,30
4/18/15 9:00,56,25,31
4/18/15 10:00,73,43,30
4/18/15 11:00,90,34,56
4/18/15 12:00,70,36,34
4/18/15 13:00,100,48,52
4/18/15 14:00,99,44,55
4/18/15 15:00,74,35,39
4/18/15 16:00,50,26,24
4/18/15 17:00,67,39,28
4/18/15 18:00,49,24,25
4/18/15 19:00,19,8,11
4/18/15 20:00,23,10,13
4/18/15 21:00,11,7,4
4/18/15 22:00,5,3,2
4/18/15 23:00,3,2,1
4/19/15 0:00,6,4,2
4/19/15 1:00,4,3,1
4/19/15 2:00,1,1,0
4/19/15 3:00,1,0,1
4/19/15 4:00,5,1,4
4/19/15 5:00,3,0,3
4/19/15 6:00,8,4,4
4/19/15 7:00,16,4,12
4/19/15 8:00,40,18,22
4/19/15 9:00,77,25,52
4/19/15 10:00,65,34,31
4/19/15 11:00,78,43,35
4/19/15 12:00,111,67,44
4/19/15 13:00,79,45,34
4/19/15 14:00,93,51,42
4/19/15 15:00,68,36,32
4/19/15 16:00,75,39,36
4/19/15 17:00,72,31,41
4/19/15 18:00,28,13,15
4/19/15 19:00,20,13,7
4/19/15 20:00,14,8,6
4/19/15 21:00,11,4,7
4/19/15 22:00,6,5,1
4/19/15 23:00,2,1,1
4/20/15 0:00,1,0,1
4/20/15 1:00,5,4,1
4/20/15 2:00,1,1,0
4/20/15 3:00,0,0,0
4/20/15 4:00,5,2,3
4/20/15 5:00,21,2,19
4/20/15 6:00,83,13,70
4/20/15 7:00,146,20,126
4/20/15 8:00,135,14,121
4/20/15 9:00,57,8,49
4/20/15 10:00,28,6,22
4/20/15 11:00,29,10,19
4/20/15 12:00,32,13,19
4/20/15 13:00,23,14,9
4/20/15 14:00,46,26,20
4/20/15 15:00,61,41,20
4/20/15 16:00,135,101,34
4/20/15 17:00,181,152,29
4/20/15 18:00,130,112,18
4/20/15 19:00,40,34,6
4/20/15 20:00,28,20,8
4/20/15 21:00,19,14,5
4/20/15 22:00,3,3,0
4/20/15 23:00,7,5,2
4/21/15 0:00,2,1,1
4/21/15 1:00,3,2,1
4/21/15 2:00,3,2,1
4/21/15 3:00,3,2,1
4/21/15 4:00,5,2,3
4/21/15 5:00,26,4,22
4/21/15 6:00,92,13,79
4/21/15 7:00,150,15,135
4/21/15 8:00,108,9,99
4/21/15 9:00,43,11,32
4/21/15 10:00,24,10,14
4/21/15 11:00,23,10,13
4/21/15 12:00,29,11,18
4/21/15 13:00,31,14,17
4/21/15 14:00,25,16,9
4/21/15 15:00,44,37,7
4/21/15 16:00,125,104,21
4/21/15 17:00,113,104,9
4/21/15 18:00,79,67,12
4/21/15 19:00,29,23,6
4/21/15 20:00,9,5,4
4/21/15 21:00,12,11,1
4/21/15 22:00,6,4,2
4/21/15 23:00,5,5,0
4/22/15 0:00,0,0,0
4/22/15 1:00,1,1,0
4/22/15 2:00,2,1,1
4/22/15 3:00,2,1,1
4/22/15 4:00,2,1,1
4/22/15 5:00,19,3,16
4/22/15 6:00,81,9,72
4/22/15 7:00,131,13,118
4/22/15 8:00,110,14,96
4/22/15 9:00,47,13,34
4/22/15 10:00,12,2,10
4/22/15 11:00,17,5,12
4/22/15 12:00,27,12,15
4/22/15 13:00,31,8,23
4/22/15 14:00,32,21,11
4/22/15 15:00,43,33,10
4/22/15 16:00,91,71,20
4/22/15 17:00,141,118,23
4/22/15 18:00,110,96,14
4/22/15 19:00,45,26,19
4/22/15 20:00,25,21,4
4/22/15 21:00,16,13,3
4/22/15 22:00,8,4,4
4/22/15 23:00,3,1,2
4/23/15 0:00,2,2,0
4/23/15 1:00,1,1,0
4/23/15 2:00,0,0,0
4/23/15 3:00,1,1,0
4/23/15 4:00,3,0,3
4/23/15 5:00,16,1,15
4/23/15 6:00,59,8,51
4/23/15 7:00,99,9,90
4/23/15 8:00,105,12,93
4/23/15 9:00,35,4,31
4/23/15 10:00,13,2,11
4/23/15 11:00,12,3,9
4/23/15 12:00,13,2,11
4/23/15 13:00,9,4,5
4/23/15 14:00,21,15,6
4/23/15 15:00,36,25,11
4/23/15 16:00,52,46,6
4/23/15 17:00,88,83,5
4/23/15 18:00,87,76,11
4/23/15 19:00,36,31,5
4/23/15 20:00,5,4,1
4/23/15 21:00,13,9,4
4/23/15 22:00,6,6,0
4/23/15 23:00,3,2,1
4/24/15 0:00,3,3,0
4/24/15 1:00,2,1,1
4/24/15 2:00,1,1,0
4/24/15 3:00,0,0,0
4/24/15 4:00,2,0,2
4/24/15 5:00,11,2,9
4/24/15 6:00,46,4,42
4/24/15 7:00,75,12,63
4/24/15 8:00,72,5,67
4/24/15 9:00,26,1,25
4/24/15 10:00,11,1,10
4/24/15 11:00,5,1,4
4/24/15 12:00,12,5,7
4/24/15 13:00,12,5,7
4/24/15 14:00,14,10,4
4/24/15 15:00,28,21,7
4/24/15 16:00,65,55,10
4/24/15 17:00,77,66,11
4/24/15 18:00,38,31,7
4/24/15 19:00,28,20,8
4/24/15 20:00,10,8,2
4/24/15 21:00,4,4,0
4/24/15 22:00,5,5,0
4/24/15 23:00,3,0,3
4/25/15 0:00,5,3,2
4/25/15 1:00,2,1,1
4/25/15 2:00,2,2,0
4/25/15 3:00,2,0,2
4/25/15 4:00,0,0,0
4/25/15 5:00,3,0,3
4/25/15 6:00,5,1,4
4/25/15 7:00,12,3,9
4/25/15 8:00,26,11,15
4/25/15 9:00,26,11,15
4/25/15 10:00,46,20,26
4/25/15 11:00,37,18,19
4/25/15 12:00,49,26,23
4/25/15 13:00,67,27,40
4/25/15 14:00,56,26,30
4/25/15 15:00,38,28,10
4/25/15 16:00,31,17,14
4/25/15 17:00,47,25,22
4/25/15 18:00,20,16,4
4/25/15 19:00,25,14,11
4/25/15 20:00,20,12,8
4/25/15 21:00,10,6,4
4/25/15 22:00,9,7,2
4/25/15 23:00,4,2,2
4/26/15 0:00,4,2,2
4/26/15 1:00,1,0,1
4/26/15 2:00,1,1,0
4/26/15 3:00,1,0,1
4/26/15 4:00,2,1,1
4/26/15 5:00,4,1,3
4/26/15 6:00,6,3,3
4/26/15 7:00,13,3,10
4/26/15 8:00,37,9,28
4/26/15 9:00,30,18,12
4/26/15 10:00,44,26,18
4/26/15 11:00,53,26,27
4/26/15 12:00,51,24,27
4/26/15 13:00,51,26,25
4/26/15 14:00,40,20,20
4/26/15 15:00,68,35,33
4/26/15 16:00,70,41,29
4/26/15 17:00,66,29,37
4/26/15 18:00,18,11,7
4/26/15 19:00,16,9,7
4/26/15 20:00,8,5,3
4/26/15 21:00,3,3,0
4/26/15 22:00,5,3,2
4/26/15 23:00,5,5,0
4/27/15 0:00,2,1,1
4/27/15 1:00,1,0,1
4/27/15 2:00,0,0,0
4/27/15 3:00,3,1,2
4/27/15 4:00,4,2,2
4/27/15 5:00,22,4,18
4/27/15 6:00,69,12,57
4/27/15 7:00,158,25,133
4/27/15 8:00,134,9,125
4/27/15 9:00,51,5,46
4/27/15 10:00,18,4,14
4/27/15 11:00,20,7,13
4/27/15 12:00,32,13,19
4/27/15 13:00,26,11,15
4/27/15 14:00,45,27,18
4/27/15 15:00,72,51,21
4/27/15 16:00,165,133,32
4/27/15 17:00,206,171,35
4/27/15 18:00,145,118,27
4/27/15 19:00,48,30,18
4/27/15 20:00,29,16,13
4/27/15 21:00,9,3,6
4/27/15 22:00,5,5,0
4/27/15 23:00,7,4,3
4/28/15 0:00,1,1,0
4/28/15 1:00,1,1,0
4/28/15 2:00,1,0,1
4/28/15 3:00,4,3,1
4/28/15 4:00,2,0,2
4/28/15 5:00,15,2,13
4/28/15 6:00,85,12,73
4/28/15 7:00,124,14,110
4/28/15 8:00,121,11,110
4/28/15 9:00,30,4,26
4/28/15 10:00,21,4,17
4/28/15 11:00,24,13,11
4/28/15 12:00,25,9,16
4/28/15 13:00,7,4,3
4/28/15 14:00,21,10,11
4/28/15 15:00,42,32,10
4/28/15 16:00,66,57,9
4/28/15 17:00,107,94,13
4/28/15 18:00,87,79,8
4/28/15 19:00,34,26,8
4/28/15 20:00,18,17,1
4/28/15 21:00,13,10,3
4/28/15 22:00,5,4,1
4/28/15 23:00,3,3,0
4/29/15 0:00,0,0,0
4/29/15 1:00,1,1,0
4/29/15 2:00,1,0,1
4/29/15 3:00,0,0,0
4/29/15 4:00,2,1,1
4/29/15 5:00,11,2,9
4/29/15 6:00,62,5,57
4/29/15 7:00,137,15,122
4/29/15 8:00,119,15,104
4/29/15 9:00,68,13,55
4/29/15 10:00,14,7,7
4/29/15 11:00,17,6,11
4/29/15 12:00,20,11,9
4/29/15 13:00,26,10,16
4/29/15 14:00,31,20,11
4/29/15 15:00,36,29,7
4/29/15 16:00,101,84,17
4/29/15 17:00,165,135,30
4/29/15 18:00,108,89,19
4/29/15 19:00,64,46,18
4/29/15 20:00,28,19,9
4/29/15 21:00,11,6,5
4/29/15 22:00,6,6,0
4/29/15 23:00,3,2,1
4/30/15 0:00,1,0,1
4/30/15 1:00,0,0,0
4/30/15 2:00,1,1,0
4/30/15 3:00,0,0,0
4/30/15 4:00,3,0,3
4/30/15 5:00,25,4,21
4/30/15 6:00,82,13,69
4/30/15 7:00,150,16,134
4/30/15 8:00,121,8,113
4/30/15 9:00,52,8,44
4/30/15 10:00,20,6,14
4/30/15 11:00,26,7,19
4/30/15 12:00,27,14,13
4/30/15 13:00,24,14,10
4/30/15 14:00,42,22,20
4/30/15 15:00,52,40,12
4/30/15 16:00,104,85,19
4/30/15 17:00,156,131,25
4/30/15 18:00,117,98,19
4/30/15 19:00,59,48,11
4/30/15 20:00,28,20,8
4/30/15 21:00,17,9,8
4/30/15 22:00,12,11,1
4/30/15 23:00,5,3,2
5/1/15 0:00,1,1,0
5/1/15 1:00,2,2,0
5/1/15 2:00,2,1,1
5/1/15 3:00,0,0,0
5/1/15 4:00,4,2,2
5/1/15 5:00,26,3,23
5/1/15 6:00,104,18,86
5/1/15 7:00,187,25,162
5/1/15 8:00,159,15,144
5/1/15 9:00,55,5,50
5/1/15 10:00,29,6,23
5/1/15 11:00,34,18,16
5/1/15 12:00,31,20,11
5/1/15 13:00,51,25,26
5/1/15 14:00,50,37,13
5/1/15 15:00,80,60,20
5/1/15 16:00,149,122,27
5/1/15 17:00,174,155,19
5/1/15 18:00,85,73,12
5/1/15 19:00,50,35,15
5/1/15 20:00,15,9,6
5/1/15 21:00,12,12,0
5/1/15 22:00,3,3,0
5/1/15 23:00,1,1,0
5/2/15 0:00,2,2,0
5/2/15 1:00,5,2,3
5/2/15 2:00,0,0,0
5/2/15 3:00,2,1,1
5/2/15 4:00,1,0,1
5/2/15 5:00,9,4,5
5/2/15 6:00,11,4,7
5/2/15 7:00,33,11,22
5/2/15 8:00,47,18,29
5/2/15 9:00,47,23,24
5/2/15 10:00,73,29,44
5/2/15 11:00,96,69,27
5/2/15 12:00,81,38,43
5/2/15 13:00,64,32,32
5/2/15 14:00,76,44,32
5/2/15 15:00,85,43,42
5/2/15 16:00,98,51,47
5/2/15 17:00,58,40,18
5/2/15 18:00,43,19,24
5/2/15 19:00,28,14,14
5/2/15 20:00,5,4,1
5/2/15 21:00,13,4,9
5/2/15 22:00,7,4,3
5/2/15 23:00,10,4,6
5/3/15 0:00,3,3,0
5/3/15 1:00,0,0,0
5/3/15 2:00,2,1,1
5/3/15 3:00,2,1,1
5/3/15 4:00,0,0,0
5/3/15 5:00,8,3,5
5/3/15 6:00,15,6,9
5/3/15 7:00,18,7,11
5/3/15 8:00,61,18,43
5/3/15 9:00,62,25,37
5/3/15 10:00,72,47,25
5/3/15 11:00,87,57,30
5/3/15 12:00,81,48,33
5/3/15 13:00,116,57,59
5/3/15 14:00,71,40,31
5/3/15 15:00,71,46,25
5/3/15 16:00,84,41,43
5/3/15 17:00,57,26,31
5/3/15 18:00,35,14,21
5/3/15 19:00,25,13,12
5/3/15 20:00,11,4,7
5/3/15 21:00,8,3,5
5/3/15 22:00,0,0,0
5/3/15 23:00,3,2,1
5/4/15 0:00,1,0,1
5/4/15 1:00,0,0,0
5/4/15 2:00,1,0,1
5/4/15 3:00,2,1,1
5/4/15 4:00,5,0,5
5/4/15 5:00,22,1,21
5/4/15 6:00,110,14,96
5/4/15 7:00,215,24,191
5/4/15 8:00,153,12,141
5/4/15 9:00,65,8,57
5/4/15 10:00,34,10,24
5/4/15 11:00,24,12,12
5/4/15 12:00,30,14,16
5/4/15 13:00,23,14,9
5/4/15 14:00,27,14,13
5/4/15 15:00,64,46,18
5/4/15 16:00,123,94,29
5/4/15 17:00,235,206,29
5/4/15 18:00,162,147,15
5/4/15 19:00,49,40,9
5/4/15 20:00,21,17,4
5/4/15 21:00,8,7,1
5/4/15 22:00,5,2,3
5/4/15 23:00,4,2,2
5/5/15 0:00,4,3,1
5/5/15 1:00,2,2,0
5/5/15 2:00,2,0,2
5/5/15 3:00,1,1,0
5/5/15 4:00,2,0,2
5/5/15 5:00,21,1,20
5/5/15 6:00,63,9,54
5/5/15 7:00,114,11,103
5/5/15 8:00,98,4,94
5/5/15 9:00,43,5,38
5/5/15 10:00,23,4,19
5/5/15 11:00,14,9,5
5/5/15 12:00,19,10,9
5/5/15 13:00,22,8,14
5/5/15 14:00,15,8,7
5/5/15 15:00,21,13,8
5/5/15 16:00,74,58,16
5/5/15 17:00,117,105,12
5/5/15 18:00,52,48,4
5/5/15 19:00,40,35,5
5/5/15 20:00,13,12,1
5/5/15 21:00,8,7,1
5/5/15 22:00,3,3,0
5/5/15 23:00,4,2,2
5/6/15 0:00,1,1,0
5/6/15 1:00,0,0,0
5/6/15 2:00,1,0,1
5/6/15 3:00,2,1,1
5/6/15 4:00,5,1,4
5/6/15 5:00,24,2,22
5/6/15 6:00,111,17,94
5/6/15 7:00,187,24,163
5/6/15 8:00,151,6,145
5/6/15 9:00,58,11,47
5/6/15 10:00,25,6,19
5/6/15 11:00,19,9,10
5/6/15 12:00,21,8,13
5/6/15 13:00,29,13,16
5/6/15 14:00,41,26,15
5/6/15 15:00,53,38,15
5/6/15 16:00,121,102,19
5/6/15 17:00,210,189,21
5/6/15 18:00,156,128,28
5/6/15 19:00,71,52,19
5/6/15 20:00,29,22,7
5/6/15 21:00,15,11,4
5/6/15 22:00,9,5,4
5/6/15 23:00,3,3,0
5/7/15 0:00,1,1,0
5/7/15 1:00,1,1,0
5/7/15 2:00,0,0,0
5/7/15 3:00,0,0,0
5/7/15 4:00,4,0,4
5/7/15 5:00,31,2,29
5/7/15 6:00,143,11,132
5/7/15 7:00,166,12,154
5/7/15 8:00,163,21,142
5/7/15 9:00,83,10,73
5/7/15 10:00,20,6,14
5/7/15 11:00,26,13,13
5/7/15 12:00,24,7,17
5/7/15 13:00,37,20,17
5/7/15 14:00,51,27,24
5/7/15 15:00,57,40,17
5/7/15 16:00,142,118,24
5/7/15 17:00,260,182,78
5/7/15 18:00,134,85,49
5/7/15 19:00,151,130,21
5/7/15 20:00,38,25,13
5/7/15 21:00,18,12,6
5/7/15 22:00,14,5,9
5/7/15 23:00,42,5,37
5/8/15 0:00,16,2,14
5/8/15 1:00,14,3,11
5/8/15 2:00,0,0,0
5/8/15 3:00,1,1,0
5/8/15 4:00,1,0,1
5/8/15 5:00,30,3,27
5/8/15 6:00,111,13,98
5/8/15 7:00,193,21,172
5/8/15 8:00,152,21,131
5/8/15 9:00,56,11,45
5/8/15 10:00,34,10,24
5/8/15 11:00,27,12,15
5/8/15 12:00,38,18,20
5/8/15 13:00,32,21,11
5/8/15 14:00,42,28,14
5/8/15 15:00,76,57,19
5/8/15 16:00,138,108,30
5/8/15 17:00,210,179,31
5/8/15 18:00,85,70,15
5/8/15 19:00,61,50,11
5/8/15 20:00,32,23,9
5/8/15 21:00,20,14,6
5/8/15 22:00,6,2,4
5/8/15 23:00,3,3,0
5/9/15 0:00,4,2,2
5/9/15 1:00,1,0,1
5/9/15 2:00,1,1,0
5/9/15 3:00,1,0,1
5/9/15 4:00,1,0,1
5/9/15 5:00,14,2,12
5/9/15 6:00,22,7,15
5/9/15 7:00,42,11,31
5/9/15 8:00,47,21,26
5/9/15 9:00,67,31,36
5/9/15 10:00,78,48,30
5/9/15 11:00,67,37,30
5/9/15 12:00,154,86,68
5/9/15 13:00,124,75,49
5/9/15 14:00,112,56,56
5/9/15 15:00,100,40,60
5/9/15 16:00,104,44,60
5/9/15 17:00,63,26,37
5/9/15 18:00,76,40,36
5/9/15 19:00,33,18,15
5/9/15 20:00,23,11,12
5/9/15 21:00,9,6,3
5/9/15 22:00,4,3,1
5/9/15 23:00,4,3,1
5/10/15 0:00,6,2,4
5/10/15 1:00,1,0,1
5/10/15 2:00,4,3,1
5/10/15 3:00,2,1,1
5/10/15 4:00,2,1,1
5/10/15 5:00,5,0,5
5/10/15 6:00,6,2,4
5/10/15 7:00,22,1,21
5/10/15 8:00,19,6,13
5/10/15 9:00,56,40,16
5/10/15 10:00,77,32,45
5/10/15 11:00,90,47,43
5/10/15 12:00,62,24,38
5/10/15 13:00,68,39,29
5/10/15 14:00,72,41,31
5/10/15 15:00,69,33,36
5/10/15 16:00,71,40,31
5/10/15 17:00,37,19,18
5/10/15 18:00,28,14,14
5/10/15 19:00,16,9,7
5/10/15 20:00,15,6,9
5/10/15 21:00,4,1,3
5/10/15 22:00,6,2,4
5/10/15 23:00,0,0,0
5/11/15 0:00,1,0,1
5/11/15 1:00,0,0,0
5/11/15 2:00,1,1,0
5/11/15 3:00,3,2,1
5/11/15 4:00,7,1,6
5/11/15 5:00,24,2,22
5/11/15 6:00,97,14,83
5/11/15 7:00,154,16,138
5/11/15 8:00,132,21,111
5/11/15 9:00,51,7,44
5/11/15 10:00,22,6,16
5/11/15 11:00,14,7,7
5/11/15 12:00,16,5,11
5/11/15 13:00,17,9,8
5/11/15 14:00,26,17,9
5/11/15 15:00,40,29,11
5/11/15 16:00,103,85,18
5/11/15 17:00,182,164,18
5/11/15 18:00,104,91,13
5/11/15 19:00,46,38,8
5/11/15 20:00,23,16,7
5/11/15 21:00,14,11,3
5/11/15 22:00,5,3,2
5/11/15 23:00,2,1,1
5/12/15 0:00,5,4,1
5/12/15 1:00,0,0,0
5/12/15 2:00,1,0,1
5/12/15 3:00,2,1,1
5/12/15 4:00,6,1,5
5/12/15 5:00,27,3,24
5/12/15 6:00,92,16,76
5/12/15 7:00,168,28,140
5/12/15 8:00,134,13,121
5/12/15 9:00,44,5,39
5/12/15 10:00,21,9,12
5/12/15 11:00,15,6,9
5/12/15 12:00,27,11,16
5/12/15 13:00,8,3,5
5/12/15 14:00,28,21,7
5/12/15 15:00,41,27,14
5/12/15 16:00,96,74,22
5/12/15 17:00,162,140,22
5/12/15 18:00,129,118,11
5/12/15 19:00,52,41,11
5/12/15 20:00,27,20,7
5/12/15 21:00,10,7,3
5/12/15 22:00,10,8,2
5/12/15 23:00,1,1,0
5/13/15 0:00,2,0,2
5/13/15 1:00,3,3,0
5/13/15 2:00,0,0,0
5/13/15 3:00,2,2,0
5/13/15 4:00,4,0,4
5/13/15 5:00,20,3,17
5/13/15 6:00,59,4,55
5/13/15 7:00,122,10,112
5/13/15 8:00,102,7,95
5/13/15 9:00,48,4,44
5/13/15 10:00,19,4,15
5/13/15 11:00,15,9,6
5/13/15 12:00,8,3,5
5/13/15 13:00,7,3,4
5/13/15 14:00,23,15,8
5/13/15 15:00,23,17,6
5/13/15 16:00,76,59,17
5/13/15 17:00,129,116,13
5/13/15 18:00,77,73,4
5/13/15 19:00,27,24,3
5/13/15 20:00,16,12,4
5/13/15 21:00,11,11,0
5/13/15 22:00,11,9,2
5/13/15 23:00,5,4,1
5/14/15 0:00,0,0,0
5/14/15 1:00,1,1,0
5/14/15 2:00,1,0,1
5/14/15 3:00,1,1,0
5/14/15 4:00,4,0,4
5/14/15 5:00,18,3,15
5/14/15 6:00,85,8,77
5/14/15 7:00,156,18,138
5/14/15 8:00,125,9,116
5/14/15 9:00,46,3,43
5/14/15 10:00,21,0,21
5/14/15 11:00,14,5,9
5/14/15 12:00,25,14,11
5/14/15 13:00,38,18,20
5/14/15 14:00,32,23,9
5/14/15 15:00,71,37,34
5/14/15 16:00,137,108,29
5/14/15 17:00,190,144,46
5/14/15 18:00,115,91,24
5/14/15 19:00,57,42,15
5/14/15 20:00,53,38,15
5/14/15 21:00,14,12,2
5/14/15 22:00,19,15,4
5/14/15 23:00,6,4,2
5/15/15 0:00,5,3,2
5/15/15 1:00,0,0,0
5/15/15 2:00,2,1,1
5/15/15 3:00,1,1,0
5/15/15 4:00,4,1,3
5/15/15 5:00,33,2,31
5/15/15 6:00,152,17,135
5/15/15 7:00,228,30,198
5/15/15 8:00,237,30,207
5/15/15 9:00,76,11,65
5/15/15 10:00,31,10,21
5/15/15 11:00,28,13,15
5/15/15 12:00,46,26,20
5/15/15 13:00,67,31,36
5/15/15 14:00,43,30,13
5/15/15 15:00,94,66,28
5/15/15 16:00,183,144,39
5/15/15 17:00,230,190,40
5/15/15 18:00,134,113,21
5/15/15 19:00,56,51,5
5/15/15 20:00,28,25,3
5/15/15 21:00,14,9,5
5/15/15 22:00,16,14,2
5/15/15 23:00,11,5,6
5/16/15 0:00,13,9,4
5/16/15 1:00,1,1,0
5/16/15 2:00,1,0,1
5/16/15 3:00,1,0,1
5/16/15 4:00,0,0,0
5/16/15 5:00,5,1,4
5/16/15 6:00,8,0,8
5/16/15 7:00,33,9,24
5/16/15 8:00,58,38,20
5/16/15 9:00,46,22,24
5/16/15 10:00,68,37,31
5/16/15 11:00,54,31,23
5/16/15 12:00,103,65,38
5/16/15 13:00,75,45,30
5/16/15 14:00,80,40,40
5/16/15 15:00,75,32,43
5/16/15 16:00,81,20,61
5/16/15 17:00,45,15,30
5/16/15 18:00,32,19,13
5/16/15 19:00,21,13,8
5/16/15 20:00,14,8,6
5/16/15 21:00,11,6,5
5/16/15 22:00,8,7,1
5/16/15 23:00,4,2,2
5/17/15 0:00,4,4,0
5/17/15 1:00,1,1,0
5/17/15 2:00,1,1,0
5/17/15 3:00,1,0,1
5/17/15 4:00,2,1,1
5/17/15 5:00,5,0,5
5/17/15 6:00,10,3,7
5/17/15 7:00,24,6,18
5/17/15 8:00,34,18,16
5/17/15 9:00,57,31,26
5/17/15 10:00,60,34,26
5/17/15 11:00,72,31,41
5/17/15 12:00,81,37,44
5/17/15 13:00,74,51,23
5/17/15 14:00,72,35,37
5/17/15 15:00,72,41,31
5/17/15 16:00,78,38,40
5/17/15 17:00,53,32,21
5/17/15 18:00,48,27,21
5/17/15 19:00,40,18,22
5/17/15 20:00,28,15,13
5/17/15 21:00,8,6,2
5/17/15 22:00,9,2,7
5/17/15 23:00,4,1,3
5/18/15 0:00,1,1,0
5/18/15 1:00,0,0,0
5/18/15 2:00,0,0,0
5/18/15 3:00,4,2,2
5/18/15 4:00,7,0,7
5/18/15 5:00,31,7,24
5/18/15 6:00,144,26,118
5/18/15 7:00,199,36,163
5/18/15 8:00,204,27,177
5/18/15 9:00,94,21,73
5/18/15 10:00,50,18,32
5/18/15 11:00,42,16,26
5/18/15 12:00,62,39,23
5/18/15 13:00,43,19,24
5/18/15 14:00,69,42,27
5/18/15 15:00,80,63,17
5/18/15 16:00,150,118,32
5/18/15 17:00,247,214,33
5/18/15 18:00,155,137,18
5/18/15 19:00,65,45,20
5/18/15 20:00,38,19,19
5/18/15 21:00,13,9,4
5/18/15 22:00,13,9,4
5/18/15 23:00,4,2,2
5/19/15 0:00,7,5,2
5/19/15 1:00,3,3,0
5/19/15 2:00,0,0,0
5/19/15 3:00,4,3,1
5/19/15 4:00,4,0,4
5/19/15 5:00,30,6,24
5/19/15 6:00,128,16,112
5/19/15 7:00,205,19,186
5/19/15 8:00,175,24,151
5/19/15 9:00,58,8,50
5/19/15 10:00,35,10,25
5/19/15 11:00,29,8,21
5/19/15 12:00,38,19,19
5/19/15 13:00,28,13,15
5/19/15 14:00,37,22,15
5/19/15 15:00,60,42,18
5/19/15 16:00,137,113,24
5/19/15 17:00,260,224,36
5/19/15 18:00,150,129,21
5/19/15 19:00,82,54,28
5/19/15 20:00,38,26,12
5/19/15 21:00,11,8,3
5/19/15 22:00,11,10,1
5/19/15 23:00,6,4,2
5/20/15 0:00,1,1,0
5/20/15 1:00,2,1,1
5/20/15 2:00,1,0,1
5/20/15 3:00,4,2,2
5/20/15 4:00,7,2,5
5/20/15 5:00,32,4,28
5/20/15 6:00,123,20,103
5/20/15 7:00,167,20,147
5/20/15 8:00,178,23,155
5/20/15 9:00,56,7,49
5/20/15 10:00,23,14,9
5/20/15 11:00,17,8,9
5/20/15 12:00,23,11,12
5/20/15 13:00,23,10,13
5/20/15 14:00,47,26,21
5/20/15 15:00,57,45,12
5/20/15 16:00,145,117,28
5/20/15 17:00,234,197,37
5/20/15 18:00,165,132,33
5/20/15 19:00,72,49,23
5/20/15 20:00,41,29,12
5/20/15 21:00,20,17,3
5/20/15 22:00,5,3,2
5/20/15 23:00,3,2,1
5/21/15 0:00,5,4,1
5/21/15 1:00,0,0,0
5/21/15 2:00,0,0,0
5/21/15 3:00,3,2,1
5/21/15 4:00,10,2,8
5/21/15 5:00,28,2,26
5/21/15 6:00,114,20,94
5/21/15 7:00,203,17,186
5/21/15 8:00,182,13,169
5/21/15 9:00,65,12,53
5/21/15 10:00,28,11,17
5/21/15 11:00,24,11,13
5/21/15 12:00,29,13,16
5/21/15 13:00,28,17,11
5/21/15 14:00,47,29,18
5/21/15 15:00,67,44,23
5/21/15 16:00,162,128,34
5/21/15 17:00,244,200,44
5/21/15 18:00,131,116,15
5/21/15 19:00,62,49,13
5/21/15 20:00,30,21,9
5/21/15 21:00,25,16,9
5/21/15 22:00,11,6,5
5/21/15 23:00,8,5,3
5/22/15 0:00,6,5,1
5/22/15 1:00,2,1,1
5/22/15 2:00,2,1,1
5/22/15 3:00,1,0,1
5/22/15 4:00,5,2,3
5/22/15 5:00,25,1,24
5/22/15 6:00,84,15,69
5/22/15 7:00,141,22,119
5/22/15 8:00,141,17,124
5/22/15 9:00,59,8,51
5/22/15 10:00,20,5,15
5/22/15 11:00,43,31,12
5/22/15 12:00,38,18,20
5/22/15 13:00,40,23,17
5/22/15 14:00,45,33,12
5/22/15 15:00,66,55,11
5/22/15 16:00,112,92,20
5/22/15 17:00,140,119,21
5/22/15 18:00,82,66,16
5/22/15 19:00,40,37,3
5/22/15 20:00,23,15,8
5/22/15 21:00,11,9,2
5/22/15 22:00,8,6,2
5/22/15 23:00,4,4,0
5/23/15 0:00,3,1,2
5/23/15 1:00,1,0,1
5/23/15 2:00,2,2,0
5/23/15 3:00,1,0,1
5/23/15 4:00,2,0,2
5/23/15 5:00,8,1,7
5/23/15 6:00,16,6,10
5/23/15 7:00,26,12,14
5/23/15 8:00,19,11,8
5/23/15 9:00,34,16,18
5/23/15 10:00,28,13,15
5/23/15 11:00,34,17,17
5/23/15 12:00,43,18,25
5/23/15 13:00,40,22,18
5/23/15 14:00,53,32,21
5/23/15 15:00,32,10,22
5/23/15 16:00,32,20,12
5/23/15 17:00,35,12,23
5/23/15 18:00,27,16,11
5/23/15 19:00,16,9,7
5/23/15 20:00,12,8,4
5/23/15 21:00,15,13,2
5/23/15 22:00,1,1,0
5/23/15 23:00,6,4,2
5/24/15 0:00,6,4,2
5/24/15 1:00,4,4,0
5/24/15 2:00,1,1,0
5/24/15 3:00,1,0,1
5/24/15 4:00,4,4,0
5/24/15 5:00,7,0,7
5/24/15 6:00,6,2,4
5/24/15 7:00,14,2,12
5/24/15 8:00,27,14,13
5/24/15 9:00,45,31,14
5/24/15 10:00,42,19,23
5/24/15 11:00,61,32,29
5/24/15 12:00,42,12,30
5/24/15 13:00,51,27,24
5/24/15 14:00,60,26,34
5/24/15 15:00,56,25,31
5/24/15 16:00,53,29,24
5/24/15 17:00,46,33,13
5/24/15 18:00,22,12,10
5/24/15 19:00,22,11,11
5/24/15 20:00,17,8,9
5/24/15 21:00,10,3,7
5/24/15 22:00,6,5,1
5/24/15 23:00,6,6,0
5/25/15 0:00,2,2,0
5/25/15 1:00,3,3,0
5/25/15 2:00,1,1,0
5/25/15 3:00,3,3,0
5/25/15 4:00,2,1,1
5/25/15 5:00,6,1,5
5/25/15 6:00,8,0,8
5/25/15 7:00,20,5,15
5/25/15 8:00,21,11,10
5/25/15 9:00,36,15,21
5/25/15 10:00,62,36,26
5/25/15 11:00,71,45,26
5/25/15 12:00,69,26,43
5/25/15 13:00,65,24,41
5/25/15 14:00,60,23,37
5/25/15 15:00,51,21,30
5/25/15 16:00,53,26,27
5/25/15 17:00,37,18,19
5/25/15 18:00,36,25,11
5/25/15 19:00,19,9,10
5/25/15 20:00,13,6,7
5/25/15 21:00,10,9,1
5/25/15 22:00,4,1,3
5/25/15 23:00,10,10,0
5/26/15 0:00,5,3,2
5/26/15 1:00,1,0,1
5/26/15 2:00,0,0,0
5/26/15 3:00,2,0,2
5/26/15 4:00,6,0,6
5/26/15 5:00,23,2,21
5/26/15 6:00,110,14,96
5/26/15 7:00,165,12,153
5/26/15 8:00,171,20,151
5/26/15 9:00,61,11,50
5/26/15 10:00,36,12,24
5/26/15 11:00,17,8,9
5/26/15 12:00,33,14,19
5/26/15 13:00,18,9,9
5/26/15 14:00,45,24,21
5/26/15 15:00,65,45,20
5/26/15 16:00,130,108,22
5/26/15 17:00,237,209,28
5/26/15 18:00,147,121,26
5/26/15 19:00,53,42,11
5/26/15 20:00,33,21,12
5/26/15 21:00,15,12,3
5/26/15 22:00,7,6,1
5/26/15 23:00,3,3,0
5/27/15 0:00,1,1,0
5/27/15 1:00,1,1,0
5/27/15 2:00,3,1,2
5/27/15 3:00,2,0,2
5/27/15 4:00,6,1,5
5/27/15 5:00,28,3,25
5/27/15 6:00,118,14,104
5/27/15 7:00,205,28,177
5/27/15 8:00,165,13,152
5/27/15 9:00,54,8,46
5/27/15 10:00,39,16,23
5/27/15 11:00,24,9,15
5/27/15 12:00,22,17,5
5/27/15 13:00,52,14,38
5/27/15 14:00,39,27,12
5/27/15 15:00,68,49,19
5/27/15 16:00,152,124,28
5/27/15 17:00,234,201,33
5/27/15 18:00,139,118,21
5/27/15 19:00,72,48,24
5/27/15 20:00,42,24,18
5/27/15 21:00,30,22,8
5/27/15 22:00,11,9,2
5/27/15 23:00,15,13,2
5/28/15 0:00,2,1,1
5/28/15 1:00,0,0,0
5/28/15 2:00,2,1,1
5/28/15 3:00,3,0,3
5/28/15 4:00,14,3,11
5/28/15 5:00,34,8,26
5/28/15 6:00,117,22,95
5/28/15 7:00,183,21,162
5/28/15 8:00,183,13,170
5/28/15 9:00,84,15,69
5/28/15 10:00,38,11,27
5/28/15 11:00,37,18,19
5/28/15 12:00,26,11,15
5/28/15 13:00,36,24,12
5/28/15 14:00,45,23,22
5/28/15 15:00,74,50,24
5/28/15 16:00,159,128,31
5/28/15 17:00,242,198,44
5/28/15 18:00,153,118,35
5/28/15 19:00,80,60,20
5/28/15 20:00,43,29,14
5/28/15 21:00,24,14,10
5/28/15 22:00,19,10,9
5/28/15 23:00,4,4,0
5/29/15 0:00,6,5,1
5/29/15 1:00,2,2,0
5/29/15 2:00,2,1,1
5/29/15 3:00,3,1,2
5/29/15 4:00,6,2,4
5/29/15 5:00,28,4,24
5/29/15 6:00,117,12,105
5/29/15 7:00,181,23,158
5/29/15 8:00,163,15,148
5/29/15 9:00,75,12,63
5/29/15 10:00,49,23,26
5/29/15 11:00,29,14,15
5/29/15 12:00,37,20,17
5/29/15 13:00,43,18,25
5/29/15 14:00,62,42,20
5/29/15 15:00,90,68,22
5/29/15 16:00,146,116,30
5/29/15 17:00,201,165,36
5/29/15 18:00,143,107,36
5/29/15 19:00,61,45,16
5/29/15 20:00,47,32,15
5/29/15 21:00,17,14,3
5/29/15 22:00,18,12,6
5/29/15 23:00,10,7,3
5/30/15 0:00,6,2,4
5/30/15 1:00,2,2,0
5/30/15 2:00,0,0,0
5/30/15 3:00,3,0,3
5/30/15 4:00,3,1,2
5/30/15 5:00,7,0,7
5/30/15 6:00,16,3,13
5/30/15 7:00,22,9,13
5/30/15 8:00,40,11,29
5/30/15 9:00,46,28,18
5/30/15 10:00,62,25,37
5/30/15 11:00,65,36,29
5/30/15 12:00,71,44,27
5/30/15 13:00,69,37,32
5/30/15 14:00,76,36,40
5/30/15 15:00,97,41,56
5/30/15 16:00,76,32,44
5/30/15 17:00,77,46,31
5/30/15 18:00,63,35,28
5/30/15 19:00,21,12,9
5/30/15 20:00,22,13,9
5/30/15 21:00,25,12,13
5/30/15 22:00,7,5,2
5/30/15 23:00,9,6,3
5/31/15 0:00,3,2,1
5/31/15 1:00,7,7,0
5/31/15 2:00,1,1,0
5/31/15 3:00,1,0,1
5/31/15 4:00,3,2,1
5/31/15 5:00,5,1,4
5/31/15 6:00,8,3,5
5/31/15 7:00,28,8,20
5/31/15 8:00,33,9,24
5/31/15 9:00,53,27,26
5/31/15 10:00,83,54,29
5/31/15 11:00,96,50,46
5/31/15 12:00,80,38,42
5/31/15 13:00,93,35,58
5/31/15 14:00,74,24,50
5/31/15 15:00,89,38,51
5/31/15 16:00,96,52,44
5/31/15 17:00,62,41,21
5/31/15 18:00,42,28,14
5/31/15 19:00,27,13,14
5/31/15 20:00,11,5,6
5/31/15 21:00,2,0,2
5/31/15 22:00,9,3,6
5/31/15 23:00,4,2,2
6/1/15 0:00,1,1,0
6/1/15 1:00,1,0,1
6/1/15 2:00,3,0,3
6/1/15 3:00,1,0,1
6/1/15 4:00,5,0,5
6/1/15 5:00,29,8,21
6/1/15 6:00,74,10,64
6/1/15 7:00,144,20,124
6/1/15 8:00,117,13,104
6/1/15 9:00,35,3,32
6/1/15 10:00,11,6,5
6/1/15 11:00,7,4,3
6/1/15 12:00,15,10,5
6/1/15 13:00,18,11,7
6/1/15 14:00,20,12,8
6/1/15 15:00,40,29,11
6/1/15 16:00,83,68,15
6/1/15 17:00,152,130,22
6/1/15 18:00,95,86,9
6/1/15 19:00,32,26,6
6/1/15 20:00,18,12,6
6/1/15 21:00,6,4,2
6/1/15 22:00,4,3,1
6/1/15 23:00,8,6,2
6/2/15 0:00,4,2,2
6/2/15 1:00,0,0,0
6/2/15 2:00,1,0,1
6/2/15 3:00,3,1,2
6/2/15 4:00,4,1,3
6/2/15 5:00,21,3,18
6/2/15 6:00,81,10,71
6/2/15 7:00,147,13,134
6/2/15 8:00,103,13,90
6/2/15 9:00,43,5,38
6/2/15 10:00,14,6,8
6/2/15 11:00,27,16,11
6/2/15 12:00,19,10,9
6/2/15 13:00,21,11,10
6/2/15 14:00,23,17,6
6/2/15 15:00,44,24,20
6/2/15 16:00,93,77,16
6/2/15 17:00,153,128,25
6/2/15 18:00,100,86,14
6/2/15 19:00,50,40,10
6/2/15 20:00,21,17,4
6/2/15 21:00,13,8,5
6/2/15 22:00,4,2,2
6/2/15 23:00,3,2,1
6/3/15 0:00,1,1,0
6/3/15 1:00,1,1,0
6/3/15 2:00,7,2,5
6/3/15 3:00,3,2,1
6/3/15 4:00,4,0,4
6/3/15 5:00,15,2,13
6/3/15 6:00,91,9,82
6/3/15 7:00,143,20,123
6/3/15 8:00,129,12,117
6/3/15 9:00,49,5,44
6/3/15 10:00,26,9,17
6/3/15 11:00,10,5,5
6/3/15 12:00,14,7,7
6/3/15 13:00,35,15,20
6/3/15 14:00,34,18,16
6/3/15 15:00,64,47,17
6/3/15 16:00,106,85,21
6/3/15 17:00,171,142,29
6/3/15 18:00,108,89,19
6/3/15 19:00,55,43,12
6/3/15 20:00,31,19,12
6/3/15 21:00,15,9,6
6/3/15 22:00,11,6,5
6/3/15 23:00,7,5,2
6/4/15 0:00,2,2,0
6/4/15 1:00,3,2,1
6/4/15 2:00,2,2,0
6/4/15 3:00,2,0,2
6/4/15 4:00,4,1,3
6/4/15 5:00,33,6,27
6/4/15 6:00,112,18,94
6/4/15 7:00,153,19,134
6/4/15 8:00,166,12,154
6/4/15 9:00,71,14,57
6/4/15 10:00,35,9,26
6/4/15 11:00,22,10,12
6/4/15 12:00,28,12,16
6/4/15 13:00,22,8,14
6/4/15 14:00,36,23,13
6/4/15 15:00,60,49,11
6/4/15 16:00,123,100,23
6/4/15 17:00,230,182,48
6/4/15 18:00,155,123,32
6/4/15 19:00,69,53,16
6/4/15 20:00,42,29,13
6/4/15 21:00,33,19,14
6/4/15 22:00,13,10,3
6/4/15 23:00,10,5,5
6/5/15 0:00,5,3,2
6/5/15 1:00,6,6,0
6/5/15 2:00,1,1,0
6/5/15 3:00,3,1,2
6/5/15 4:00,5,2,3
6/5/15 5:00,24,3,21
6/5/15 6:00,88,12,76
6/5/15 7:00,158,15,143
6/5/15 8:00,139,21,118
6/5/15 9:00,70,13,57
6/5/15 10:00,43,12,31
6/5/15 11:00,43,22,21
6/5/15 12:00,36,22,14
6/5/15 13:00,48,28,20
6/5/15 14:00,53,35,18
6/5/15 15:00,76,50,26
6/5/15 16:00,115,97,18
6/5/15 17:00,182,151,31
6/5/15 18:00,106,91,15
6/5/15 19:00,63,53,10
6/5/15 20:00,31,19,12
6/5/15 21:00,16,8,8
6/5/15 22:00,20,9,11
6/5/15 23:00,15,5,10
6/6/15 0:00,43,6,37
6/6/15 1:00,5,3,2
6/6/15 2:00,9,6,3
6/6/15 3:00,3,2,1
6/6/15 4:00,8,6,2
6/6/15 5:00,5,2,3
6/6/15 6:00,27,14,13
6/6/15 7:00,30,11,19
6/6/15 8:00,58,18,40
6/6/15 9:00,61,30,31
6/6/15 10:00,72,31,41
6/6/15 11:00,80,37,43
6/6/15 12:00,82,45,37
6/6/15 13:00,102,46,56
6/6/15 14:00,111,63,48
6/6/15 15:00,108,60,48
6/6/15 16:00,63,30,33
6/6/15 17:00,66,30,36
6/6/15 18:00,50,22,28
6/6/15 19:00,41,21,20
6/6/15 20:00,29,12,17
6/6/15 21:00,13,7,6
6/6/15 22:00,11,3,8
6/6/15 23:00,12,6,6
6/7/15 0:00,5,5,0
6/7/15 1:00,2,1,1
6/7/15 2:00,0,0,0
6/7/15 3:00,6,4,2
6/7/15 4:00,2,2,0
6/7/15 5:00,7,0,7
6/7/15 6:00,12,5,7
6/7/15 7:00,39,14,25
6/7/15 8:00,64,26,38
6/7/15 9:00,74,31,43
6/7/15 10:00,104,57,47
6/7/15 11:00,98,66,32
6/7/15 12:00,132,69,63
6/7/15 13:00,86,37,49
6/7/15 14:00,80,43,37
6/7/15 15:00,87,44,43
6/7/15 16:00,73,41,32
6/7/15 17:00,77,33,44
6/7/15 18:00,55,30,25
6/7/15 19:00,36,18,18
6/7/15 20:00,22,6,16
6/7/15 21:00,15,8,7
6/7/15 22:00,6,5,1
6/7/15 23:00,6,4,2
6/8/15 0:00,1,0,1
6/8/15 1:00,1,1,0
6/8/15 2:00,0,0,0
6/8/15 3:00,1,0,1
6/8/15 4:00,14,12,2
6/8/15 5:00,28,6,22
6/8/15 6:00,98,18,80
6/8/15 7:00,186,27,159
6/8/15 8:00,162,21,141
6/8/15 9:00,81,12,69
6/8/15 10:00,24,6,18
6/8/15 11:00,20,8,12
6/8/15 12:00,42,23,19
6/8/15 13:00,38,24,14
6/8/15 14:00,36,22,14
6/8/15 15:00,62,45,17
6/8/15 16:00,150,119,31
6/8/15 17:00,200,175,25
6/8/15 18:00,164,121,43
6/8/15 19:00,54,44,10
6/8/15 20:00,26,19,7
6/8/15 21:00,20,8,12
6/8/15 22:00,12,7,5
6/8/15 23:00,7,4,3
6/9/15 0:00,3,1,2
6/9/15 1:00,3,3,0
6/9/15 2:00,1,1,0
6/9/15 3:00,3,1,2
6/9/15 4:00,8,2,6
6/9/15 5:00,33,8,25
6/9/15 6:00,128,23,105
6/9/15 7:00,202,26,176
6/9/15 8:00,155,23,132
6/9/15 9:00,77,12,65
6/9/15 10:00,32,10,22
6/9/15 11:00,33,14,19
6/9/15 12:00,35,19,16
6/9/15 13:00,33,14,19
6/9/15 14:00,40,21,19
6/9/15 15:00,77,56,21
6/9/15 16:00,143,113,30
6/9/15 17:00,229,200,29
6/9/15 18:00,164,136,28
6/9/15 19:00,60,44,16
6/9/15 20:00,46,38,8
6/9/15 21:00,37,23,14
6/9/15 22:00,8,5,3
6/9/15 23:00,8,4,4
6/10/15 0:00,5,3,2
6/10/15 1:00,1,0,1
6/10/15 2:00,1,1,0
6/10/15 3:00,3,3,0
6/10/15 4:00,3,0,3
6/10/15 5:00,29,6,23
6/10/15 6:00,121,19,102
6/10/15 7:00,193,26,167
6/10/15 8:00,170,17,153
6/10/15 9:00,59,7,52
6/10/15 10:00,27,8,19
6/10/15 11:00,24,10,14
6/10/15 12:00,37,20,17
6/10/15 13:00,39,18,21
6/10/15 14:00,38,24,14
6/10/15 15:00,68,44,24
6/10/15 16:00,159,127,32
6/10/15 17:00,202,177,25
6/10/15 18:00,162,132,30
6/10/15 19:00,94,58,36
6/10/15 20:00,67,38,29
6/10/15 21:00,23,10,13
6/10/15 22:00,7,6,1
6/10/15 23:00,3,1,2
6/11/15 0:00,5,3,2
6/11/15 1:00,1,0,1
6/11/15 2:00,0,0,0
6/11/15 3:00,3,1,2
6/11/15 4:00,8,3,5
6/11/15 5:00,27,5,22
6/11/15 6:00,100,11,89
6/11/15 7:00,198,24,174
6/11/15 8:00,164,12,152
6/11/15 9:00,70,6,64
6/11/15 10:00,37,11,26
6/11/15 11:00,28,19,9
6/11/15 12:00,37,14,23
6/11/15 13:00,33,21,12
6/11/15 14:00,30,20,10
6/11/15 15:00,73,54,19
6/11/15 16:00,141,112,29
6/11/15 17:00,213,179,34
6/11/15 18:00,147,118,29
6/11/15 19:00,76,58,18
6/11/15 20:00,49,26,23
6/11/15 21:00,14,9,5
6/11/15 22:00,22,12,10
6/11/15 23:00,7,4,3
6/12/15 0:00,1,1,0
6/12/15 1:00,6,6,0
6/12/15 2:00,4,4,0
6/12/15 3:00,3,0,3
6/12/15 4:00,1,0,1
6/12/15 5:00,23,4,19
6/12/15 6:00,74,12,62
6/12/15 7:00,138,15,123
6/12/15 8:00,114,15,99
6/12/15 9:00,64,9,55
6/12/15 10:00,25,6,19
6/12/15 11:00,24,10,14
6/12/15 12:00,20,9,11
6/12/15 13:00,28,17,11
6/12/15 14:00,35,20,15
6/12/15 15:00,61,43,18
6/12/15 16:00,117,92,25
6/12/15 17:00,139,123,16
6/12/15 18:00,83,71,12
6/12/15 19:00,38,31,7
6/12/15 20:00,34,21,13
6/12/15 21:00,14,7,7
6/12/15 22:00,9,7,2
6/12/15 23:00,6,4,2
6/13/15 0:00,3,3,0
6/13/15 1:00,2,1,1
6/13/15 2:00,0,0,0
6/13/15 3:00,3,1,2
6/13/15 4:00,0,0,0
6/13/15 5:00,13,3,10
6/13/15 6:00,16,3,13
6/13/15 7:00,44,21,23
6/13/15 8:00,53,23,30
6/13/15 9:00,63,33,30
6/13/15 10:00,81,40,41
6/13/15 11:00,106,41,65
6/13/15 12:00,75,36,39
6/13/15 13:00,89,47,42
6/13/15 14:00,83,37,46
6/13/15 15:00,71,38,33
6/13/15 16:00,79,33,46
6/13/15 17:00,67,33,34
6/13/15 18:00,58,27,31
6/13/15 19:00,37,19,18
6/13/15 20:00,14,5,9
6/13/15 21:00,27,20,7
6/13/15 22:00,3,2,1
6/13/15 23:00,3,2,1
6/14/15 0:00,5,5,0
6/14/15 1:00,4,4,0
6/14/15 2:00,1,0,1
6/14/15 3:00,3,1,2
6/14/15 4:00,1,0,1
6/14/15 5:00,7,1,6
6/14/15 6:00,11,3,8
6/14/15 7:00,11,1,10
6/14/15 8:00,54,15,39
6/14/15 9:00,73,40,33
6/14/15 10:00,83,53,30
6/14/15 11:00,69,30,39
6/14/15 12:00,112,54,58
6/14/15 13:00,102,52,50
6/14/15 14:00,83,53,30
6/14/15 15:00,64,35,29
6/14/15 16:00,66,34,32
6/14/15 17:00,52,26,26
6/14/15 18:00,40,23,17
6/14/15 19:00,39,22,17
6/14/15 20:00,25,7,18
6/14/15 21:00,6,2,4
6/14/15 22:00,9,6,3
6/14/15 23:00,6,5,1
6/15/15 0:00,1,1,0
6/15/15 1:00,1,0,1
6/15/15 2:00,0,0,0
6/15/15 3:00,3,2,1
6/15/15 4:00,5,1,4
6/15/15 5:00,27,6,21
6/15/15 6:00,98,18,80
6/15/15 7:00,178,26,152
6/15/15 8:00,158,12,146
6/15/15 9:00,74,15,59
6/15/15 10:00,28,3,25
6/15/15 11:00,24,8,16
6/15/15 12:00,29,10,19
6/15/15 13:00,25,10,15
6/15/15 14:00,50,35,15
6/15/15 15:00,65,44,21
6/15/15 16:00,126,103,23
6/15/15 17:00,217,185,32
6/15/15 18:00,132,119,13
6/15/15 19:00,64,51,13
6/15/15 20:00,38,19,19
6/15/15 21:00,19,12,7
6/15/15 22:00,7,6,1
6/15/15 23:00,5,4,1
6/16/15 0:00,4,2,2
6/16/15 1:00,1,1,0
6/16/15 2:00,2,2,0
6/16/15 3:00,3,3,0
6/16/15 4:00,4,0,4
6/16/15 5:00,32,5,27
6/16/15 6:00,101,17,84
6/16/15 7:00,193,22,171
6/16/15 8:00,160,16,144
6/16/15 9:00,50,8,42
6/16/15 10:00,34,11,23
6/16/15 11:00,19,7,12
6/16/15 12:00,28,17,11
6/16/15 13:00,34,15,19
6/16/15 14:00,42,22,20
6/16/15 15:00,49,33,16
6/16/15 16:00,128,102,26
6/16/15 17:00,236,202,34
6/16/15 18:00,130,99,31
6/16/15 19:00,58,45,13
6/16/15 20:00,31,24,7
6/16/15 21:00,20,13,7
6/16/15 22:00,13,9,4
6/16/15 23:00,3,3,0
6/17/15 0:00,1,1,0
6/17/15 1:00,2,1,1
6/17/15 2:00,7,4,3
6/17/15 3:00,1,0,1
6/17/15 4:00,5,1,4
6/17/15 5:00,21,5,16
6/17/15 6:00,77,6,71
6/17/15 7:00,183,16,167
6/17/15 8:00,172,30,142
6/17/15 9:00,61,14,47
6/17/15 10:00,38,13,25
6/17/15 11:00,33,21,12
6/17/15 12:00,47,22,25
6/17/15 13:00,49,11,38
6/17/15 14:00,49,28,21
6/17/15 15:00,63,38,25
6/17/15 16:00,116,87,29
6/17/15 17:00,199,168,31
6/17/15 18:00,161,126,35
6/17/15 19:00,55,43,12
6/17/15 20:00,34,21,13
6/17/15 21:00,24,15,9
6/17/15 22:00,10,7,3
6/17/15 23:00,5,3,2
6/18/15 0:00,2,2,0
6/18/15 1:00,3,1,2
6/18/15 2:00,2,2,0
6/18/15 3:00,2,0,2
6/18/15 4:00,3,1,2
6/18/15 5:00,24,5,19
6/18/15 6:00,92,11,81
6/18/15 7:00,146,15,131
6/18/15 8:00,161,15,146
6/18/15 9:00,65,9,56
6/18/15 10:00,44,19,25
6/18/15 11:00,32,14,18
6/18/15 12:00,38,16,22
6/18/15 13:00,34,17,17
6/18/15 14:00,39,24,15
6/18/15 15:00,54,35,19
6/18/15 16:00,113,84,29
6/18/15 17:00,205,171,34
6/18/15 18:00,153,119,34
6/18/15 19:00,54,46,8
6/18/15 20:00,32,22,10
6/18/15 21:00,19,14,5
6/18/15 22:00,13,12,1
6/18/15 23:00,11,10,1
6/19/15 0:00,3,2,1
6/19/15 1:00,0,0,0
6/19/15 2:00,0,0,0
6/19/15 3:00,1,0,1
6/19/15 4:00,3,1,2
6/19/15 5:00,18,5,13
6/19/15 6:00,53,6,47
6/19/15 7:00,97,11,86
6/19/15 8:00,90,15,75
6/19/15 9:00,51,8,43
6/19/15 10:00,20,7,13
6/19/15 11:00,18,5,13
6/19/15 12:00,16,11,5
6/19/15 13:00,23,11,12
6/19/15 14:00,40,27,13
6/19/15 15:00,49,24,25
6/19/15 16:00,91,67,24
6/19/15 17:00,108,82,26
6/19/15 18:00,76,60,16
6/19/15 19:00,33,25,8
6/19/15 20:00,28,17,11
6/19/15 21:00,19,10,9
6/19/15 22:00,13,12,1
6/19/15 23:00,9,8,1
6/20/15 0:00,8,6,2
6/20/15 1:00,3,2,1
6/20/15 2:00,2,1,1
6/20/15 3:00,2,1,1
6/20/15 4:00,4,1,3
6/20/15 5:00,4,0,4
6/20/15 6:00,21,8,13
6/20/15 7:00,32,8,24
6/20/15 8:00,41,15,26
6/20/15 9:00,57,27,30
6/20/15 10:00,61,23,38
6/20/15 11:00,77,38,39
6/20/15 12:00,77,30,47
6/20/15 13:00,87,39,48
6/20/15 14:00,84,32,52
6/20/15 15:00,75,49,26
6/20/15 16:00,51,24,27
6/20/15 17:00,54,28,26
6/20/15 18:00,43,29,14
6/20/15 19:00,51,37,14
6/20/15 20:00,38,23,15
6/20/15 21:00,15,8,7
6/20/15 22:00,6,6,0
6/20/15 23:00,5,3,2
6/21/15 0:00,3,1,2
6/21/15 1:00,4,4,0
6/21/15 2:00,3,2,1
6/21/15 3:00,3,2,1
6/21/15 4:00,1,1,0
6/21/15 5:00,8,3,5
6/21/15 6:00,9,2,7
6/21/15 7:00,13,3,10
6/21/15 8:00,36,18,18
6/21/15 9:00,44,18,26
6/21/15 10:00,42,24,18
6/21/15 11:00,49,33,16
6/21/15 12:00,109,66,43
6/21/15 13:00,83,37,46
6/21/15 14:00,73,30,43
6/21/15 15:00,77,44,33
6/21/15 16:00,75,37,38
6/21/15 17:00,69,45,24
6/21/15 18:00,34,18,16
6/21/15 19:00,27,13,14
6/21/15 20:00,16,6,10
6/21/15 21:00,13,6,7
6/21/15 22:00,10,4,6
6/21/15 23:00,7,2,5
6/22/15 0:00,2,1,1
6/22/15 1:00,1,1,0
6/22/15 2:00,1,0,1
6/22/15 3:00,2,1,1
6/22/15 4:00,4,0,4
6/22/15 5:00,24,1,23
6/22/15 6:00,79,8,71
6/22/15 7:00,148,17,131
6/22/15 8:00,153,20,133
6/22/15 9:00,59,8,51
6/22/15 10:00,26,1,25
6/22/15 11:00,23,9,14
6/22/15 12:00,28,14,14
6/22/15 13:00,22,9,13
6/22/15 14:00,41,25,16
6/22/15 15:00,61,45,16
6/22/15 16:00,122,99,23
6/22/15 17:00,203,180,23
6/22/15 18:00,137,112,25
6/22/15 19:00,56,44,12
6/22/15 20:00,29,13,16
6/22/15 21:00,17,13,4
6/22/15 22:00,11,8,3
6/22/15 23:00,4,2,2
6/23/15 0:00,3,1,2
6/23/15 1:00,0,0,0
6/23/15 2:00,4,3,1
6/23/15 3:00,3,2,1
6/23/15 4:00,6,2,4
6/23/15 5:00,31,5,26
6/23/15 6:00,106,13,93
6/23/15 7:00,171,16,155
6/23/15 8:00,183,17,166
6/23/15 9:00,52,8,44
6/23/15 10:00,31,10,21
6/23/15 11:00,20,14,6
6/23/15 12:00,28,17,11
6/23/15 13:00,40,18,22
6/23/15 14:00,31,16,15
6/23/15 15:00,59,34,25
6/23/15 16:00,139,109,30
6/23/15 17:00,195,163,32
6/23/15 18:00,179,150,29
6/23/15 19:00,51,38,13
6/23/15 20:00,34,29,5
6/23/15 21:00,25,17,8
6/23/15 22:00,22,20,2
6/23/15 23:00,9,8,1
6/24/15 0:00,1,1,0
6/24/15 1:00,0,0,0
6/24/15 2:00,5,3,2
6/24/15 3:00,2,0,2
6/24/15 4:00,5,2,3
6/24/15 5:00,38,6,32
6/24/15 6:00,103,17,86
6/24/15 7:00,174,13,161
6/24/15 8:00,172,18,154
6/24/15 9:00,55,12,43
6/24/15 10:00,39,14,25
6/24/15 11:00,31,14,17
6/24/15 12:00,38,16,22
6/24/15 13:00,31,11,20
6/24/15 14:00,41,31,10
6/24/15 15:00,47,33,14
6/24/15 16:00,140,108,32
6/24/15 17:00,196,163,33
6/24/15 18:00,165,135,30
6/24/15 19:00,78,61,17
6/24/15 20:00,48,24,24
6/24/15 21:00,26,21,5
6/24/15 22:00,22,17,5
6/24/15 23:00,5,4,1
6/25/15 0:00,3,1,2
6/25/15 1:00,1,0,1
6/25/15 2:00,1,0,1
6/25/15 3:00,2,0,2
6/25/15 4:00,8,2,6
6/25/15 5:00,38,5,33
6/25/15 6:00,99,10,89
6/25/15 7:00,163,22,141
6/25/15 8:00,158,15,143
6/25/15 9:00,57,7,50
6/25/15 10:00,35,12,23
6/25/15 11:00,29,14,15
6/25/15 12:00,42,16,26
6/25/15 13:00,26,14,12
6/25/15 14:00,55,32,23
6/25/15 15:00,53,36,17
6/25/15 16:00,139,100,39
6/25/15 17:00,212,172,40
6/25/15 18:00,134,100,34
6/25/15 19:00,73,57,16
6/25/15 20:00,57,35,22
6/25/15 21:00,22,12,10
6/25/15 22:00,13,8,5
6/25/15 23:00,11,9,2
6/26/15 0:00,6,3,3
6/26/15 1:00,2,0,2
6/26/15 2:00,2,2,0
6/26/15 3:00,2,1,1
6/26/15 4:00,5,1,4
6/26/15 5:00,28,2,26
6/26/15 6:00,68,8,60
6/26/15 7:00,141,26,115
6/26/15 8:00,133,17,116
6/26/15 9:00,56,11,45
6/26/15 10:00,28,5,23
6/26/15 11:00,39,16,23
6/26/15 12:00,31,16,15
6/26/15 13:00,25,12,13
6/26/15 14:00,36,23,13
6/26/15 15:00,66,47,19
6/26/15 16:00,112,89,23
6/26/15 17:00,131,107,24
6/26/15 18:00,72,60,12
6/26/15 19:00,54,44,10
6/26/15 20:00,34,23,11
6/26/15 21:00,26,11,15
6/26/15 22:00,15,12,3
6/26/15 23:00,6,3,3
6/27/15 0:00,6,4,2
6/27/15 1:00,4,3,1
6/27/15 2:00,1,0,1
6/27/15 3:00,2,1,1
6/27/15 4:00,4,1,3
6/27/15 5:00,8,3,5
6/27/15 6:00,32,10,22
6/27/15 7:00,43,12,31
6/27/15 8:00,69,40,29
6/27/15 9:00,69,40,29
6/27/15 10:00,105,55,50
6/27/15 11:00,80,44,36
6/27/15 12:00,69,35,34
6/27/15 13:00,58,29,29
6/27/15 14:00,73,32,41
6/27/15 15:00,60,13,47
6/27/15 16:00,40,18,22
6/27/15 17:00,36,22,14
6/27/15 18:00,33,21,12
6/27/15 19:00,34,15,19
6/27/15 20:00,22,12,10
6/27/15 21:00,15,9,6
6/27/15 22:00,8,4,4
6/27/15 23:00,6,4,2
6/28/15 0:00,11,8,3
6/28/15 1:00,3,2,1
6/28/15 2:00,5,3,2
6/28/15 3:00,2,1,1
6/28/15 4:00,4,2,2
6/28/15 5:00,11,3,8
6/28/15 6:00,13,4,9
6/28/15 7:00,45,13,32
6/28/15 8:00,43,22,21
6/28/15 9:00,35,15,20
6/28/15 10:00,53,33,20
6/28/15 11:00,48,23,25
6/28/15 12:00,59,21,38
6/28/15 13:00,57,29,28
6/28/15 14:00,39,23,16
6/28/15 15:00,58,28,30
6/28/15 16:00,43,23,20
6/28/15 17:00,34,21,13
6/28/15 18:00,30,15,15
6/28/15 19:00,25,19,6
6/28/15 20:00,16,8,8
6/28/15 21:00,14,9,5
6/28/15 22:00,1,1,0
6/28/15 23:00,2,1,1
6/29/15 0:00,5,3,2
6/29/15 1:00,4,2,2
6/29/15 2:00,1,0,1
6/29/15 3:00,4,2,2
6/29/15 4:00,6,1,5
6/29/15 5:00,26,5,21
6/29/15 6:00,98,17,81
6/29/15 7:00,166,18,148
6/29/15 8:00,153,19,134
6/29/15 9:00,67,11,56
6/29/15 10:00,40,11,29
6/29/15 11:00,19,10,9
6/29/15 12:00,24,14,10
6/29/15 13:00,22,5,17
6/29/15 14:00,46,27,19
6/29/15 15:00,46,32,14
6/29/15 16:00,118,98,20
6/29/15 17:00,212,179,33
6/29/15 18:00,163,137,26
6/29/15 19:00,75,43,32
6/29/15 20:00,44,33,11
6/29/15 21:00,24,17,7
6/29/15 22:00,10,5,5
6/29/15 23:00,6,5,1
6/30/15 0:00,8,5,3
6/30/15 1:00,7,3,4
6/30/15 2:00,1,0,1
6/30/15 3:00,3,1,2
6/30/15 4:00,8,3,5
6/30/15 5:00,29,9,20
6/30/15 6:00,104,28,76
6/30/15 7:00,181,30,151
6/30/15 8:00,155,18,137
6/30/15 9:00,75,14,61
6/30/15 10:00,33,14,19
6/30/15 11:00,27,10,17
6/30/15 12:00,37,19,18
6/30/15 13:00,37,18,19
6/30/15 14:00,45,31,14
6/30/15 15:00,45,29,16
6/30/15 16:00,133,100,33
6/30/15 17:00,205,179,26
6/30/15 18:00,160,135,25
6/30/15 19:00,85,53,32
6/30/15 20:00,45,32,13
6/30/15 21:00,31,18,13
6/30/15 22:00,13,10,3
6/30/15 23:00,8,6,2
7/1/15 0:00,4,2,2
7/1/15 1:00,2,0,2
7/1/15 2:00,3,2,1
7/1/15 3:00,2,0,2
7/1/15 4:00,6,2,4
7/1/15 5:00,25,7,18
7/1/15 6:00,90,12,78
7/1/15 7:00,181,19,162
7/1/15 8:00,178,21,157
7/1/15 9:00,79,19,60
7/1/15 10:00,36,13,23
7/1/15 11:00,31,11,20
7/1/15 12:00,40,27,13
7/1/15 13:00,23,12,11
7/1/15 14:00,34,23,11
7/1/15 15:00,54,32,22
7/1/15 16:00,138,115,23
7/1/15 17:00,207,172,35
7/1/15 18:00,150,126,24
7/1/15 19:00,77,63,14
7/1/15 20:00,52,35,17
7/1/15 21:00,35,22,13
7/1/15 22:00,15,6,9
7/1/15 23:00,5,5,0
7/2/15 0:00,10,8,2
7/2/15 1:00,2,2,0
7/2/15 2:00,3,2,1
7/2/15 3:00,2,1,1
7/2/15 4:00,7,1,6
7/2/15 5:00,33,6,27
7/2/15 6:00,77,20,57
7/2/15 7:00,167,22,145
7/2/15 8:00,140,18,122
7/2/15 9:00,69,14,55
7/2/15 10:00,34,9,25
7/2/15 11:00,24,11,13
7/2/15 12:00,49,28,21
7/2/15 13:00,36,18,18
7/2/15 14:00,52,36,16
7/2/15 15:00,80,51,29
7/2/15 16:00,112,87,25
7/2/15 17:00,153,132,21
7/2/15 18:00,88,71,17
7/2/15 19:00,59,44,15
7/2/15 20:00,34,23,11
7/2/15 21:00,19,10,9
7/2/15 22:00,12,8,4
7/2/15 23:00,9,6,3
7/3/15 0:00,8,5,3
7/3/15 1:00,4,3,1
7/3/15 2:00,3,3,0
7/3/15 3:00,2,0,2
7/3/15 4:00,7,4,3
7/3/15 5:00,15,2,13
7/3/15 6:00,19,5,14
7/3/15 7:00,65,21,44
7/3/15 8:00,74,38,36
7/3/15 9:00,75,29,46
7/3/15 10:00,68,42,26
7/3/15 11:00,78,39,39
7/3/15 12:00,82,49,33
7/3/15 13:00,81,43,38
7/3/15 14:00,55,29,26
7/3/15 15:00,78,39,39
7/3/15 16:00,60,35,25
7/3/15 17:00,55,29,26
7/3/15 18:00,39,22,17
7/3/15 19:00,24,17,7
7/3/15 20:00,25,11,14
7/3/15 21:00,15,6,9
7/3/15 22:00,18,11,7
7/3/15 23:00,12,6,6
7/4/15 0:00,8,6,2
7/4/15 1:00,1,0,1
7/4/15 2:00,0,0,0
7/4/15 3:00,4,2,2
7/4/15 4:00,0,0,0
7/4/15 5:00,7,2,5
7/4/15 6:00,19,9,10
7/4/15 7:00,39,11,28
7/4/15 8:00,67,39,28
7/4/15 9:00,67,30,37
7/4/15 10:00,67,36,31
7/4/15 11:00,72,40,32
7/4/15 12:00,65,34,31
7/4/15 13:00,62,32,30
7/4/15 14:00,53,28,25
7/4/15 15:00,49,29,20
7/4/15 16:00,47,22,25
7/4/15 17:00,45,21,24
7/4/15 18:00,40,24,16
7/4/15 19:00,21,9,12
7/4/15 20:00,21,10,11
7/4/15 21:00,18,6,12
7/4/15 22:00,11,6,5
7/4/15 23:00,25,19,6
7/5/15 0:00,16,3,13
7/5/15 1:00,6,5,1
7/5/15 2:00,5,3,2
7/5/15 3:00,5,3,2
7/5/15 4:00,1,1,0
7/5/15 5:00,7,0,7
7/5/15 6:00,11,4,7
7/5/15 7:00,24,10,14
7/5/15 8:00,46,19,27
7/5/15 9:00,43,19,24
7/5/15 10:00,61,33,28
7/5/15 11:00,80,39,41
7/5/15 12:00,66,33,33
7/5/15 13:00,71,42,29
7/5/15 14:00,51,17,34
7/5/15 15:00,60,25,35
7/5/15 16:00,40,18,22
7/5/15 17:00,36,21,15
7/5/15 18:00,33,17,16
7/5/15 19:00,15,5,10
7/5/15 20:00,26,12,14
7/5/15 21:00,6,2,4
7/5/15 22:00,4,3,1
7/5/15 23:00,2,1,1
7/6/15 0:00,1,1,0
7/6/15 1:00,0,0,0
7/6/15 2:00,2,0,2
7/6/15 3:00,2,1,1
7/6/15 4:00,6,0,6
7/6/15 5:00,23,2,21
7/6/15 6:00,88,10,78
7/6/15 7:00,151,16,135
7/6/15 8:00,145,21,124
7/6/15 9:00,71,12,59
7/6/15 10:00,23,7,16
7/6/15 11:00,36,16,20
7/6/15 12:00,38,22,16
7/6/15 13:00,32,17,15
7/6/15 14:00,26,15,11
7/6/15 15:00,55,39,16
7/6/15 16:00,106,83,23
7/6/15 17:00,198,167,31
7/6/15 18:00,141,122,19
7/6/15 19:00,44,34,10
7/6/15 20:00,22,15,7
7/6/15 21:00,25,19,6
7/6/15 22:00,11,8,3
7/6/15 23:00,7,5,2
7/7/15 0:00,4,4,0
7/7/15 1:00,2,1,1
7/7/15 2:00,2,0,2
7/7/15 3:00,1,0,1
7/7/15 4:00,5,1,4
7/7/15 5:00,37,4,33
7/7/15 6:00,114,20,94
7/7/15 7:00,188,23,165
7/7/15 8:00,178,19,159
7/7/15 9:00,66,10,56
7/7/15 10:00,39,11,28
7/7/15 11:00,23,13,10
7/7/15 12:00,39,20,19
7/7/15 13:00,32,19,13
7/7/15 14:00,29,16,13
7/7/15 15:00,74,50,24
7/7/15 16:00,128,103,25
7/7/15 17:00,231,203,28
7/7/15 18:00,146,122,24
7/7/15 19:00,59,44,15
7/7/15 20:00,35,22,13
7/7/15 21:00,23,17,6
7/7/15 22:00,17,15,2
7/7/15 23:00,11,9,2
7/8/15 0:00,2,2,0
7/8/15 1:00,3,2,1
7/8/15 2:00,4,2,2
7/8/15 3:00,2,1,1
7/8/15 4:00,7,0,7
7/8/15 5:00,29,4,25
7/8/15 6:00,101,17,84
7/8/15 7:00,168,18,150
7/8/15 8:00,161,10,151
7/8/15 9:00,90,17,73
7/8/15 10:00,37,13,24
7/8/15 11:00,38,16,22
7/8/15 12:00,30,11,19
7/8/15 13:00,48,18,30
7/8/15 14:00,42,26,16
7/8/15 15:00,74,56,18
7/8/15 16:00,154,114,40
7/8/15 17:00,211,180,31
7/8/15 18:00,137,118,19
7/8/15 19:00,86,62,24
7/8/15 20:00,58,27,31
7/8/15 21:00,25,19,6
7/8/15 22:00,17,12,5
7/8/15 23:00,9,8,1
7/9/15 0:00,3,3,0
7/9/15 1:00,1,0,1
7/9/15 2:00,2,1,1
7/9/15 3:00,2,1,1
7/9/15 4:00,9,1,8
7/9/15 5:00,24,5,19
7/9/15 6:00,91,12,79
7/9/15 7:00,145,11,134
7/9/15 8:00,168,24,144
7/9/15 9:00,75,7,68
7/9/15 10:00,36,11,25
7/9/15 11:00,18,8,10
7/9/15 12:00,40,16,24
7/9/15 13:00,36,19,17
7/9/15 14:00,30,19,11
7/9/15 15:00,54,36,18
7/9/15 16:00,121,94,27
7/9/15 17:00,176,147,29
7/9/15 18:00,147,122,25
7/9/15 19:00,74,56,18
7/9/15 20:00,40,31,9
7/9/15 21:00,25,17,8
7/9/15 22:00,15,13,2
7/9/15 23:00,7,7,0
7/10/15 0:00,5,3,2
7/10/15 1:00,3,1,2
7/10/15 2:00,2,0,2
7/10/15 3:00,4,3,1
7/10/15 4:00,8,3,5
7/10/15 5:00,25,8,17
7/10/15 6:00,72,8,64
7/10/15 7:00,127,15,112
7/10/15 8:00,138,22,116
7/10/15 9:00,48,9,39
7/10/15 10:00,22,7,15
7/10/15 11:00,26,9,17
7/10/15 12:00,30,13,17
7/10/15 13:00,19,7,12
7/10/15 14:00,30,19,11
7/10/15 15:00,57,39,18
7/10/15 16:00,105,88,17
7/10/15 17:00,147,128,19
7/10/15 18:00,83,68,15
7/10/15 19:00,44,36,8
7/10/15 20:00,29,22,7
7/10/15 21:00,14,9,5
7/10/15 22:00,19,11,8
7/10/15 23:00,15,9,6
7/11/15 0:00,11,3,8
7/11/15 1:00,3,2,1
7/11/15 2:00,3,3,0
7/11/15 3:00,0,0,0
7/11/15 4:00,10,7,3
7/11/15 5:00,28,9,19
7/11/15 6:00,15,5,10
7/11/15 7:00,19,1,18
7/11/15 8:00,45,23,22
7/11/15 9:00,47,22,25
7/11/15 10:00,43,15,28
7/11/15 11:00,49,26,23
7/11/15 12:00,43,20,23
7/11/15 13:00,59,27,32
7/11/15 14:00,54,32,22
7/11/15 15:00,59,30,29
7/11/15 16:00,48,26,22
7/11/15 17:00,40,24,16
7/11/15 18:00,24,14,10
7/11/15 19:00,17,12,5
7/11/15 20:00,14,12,2
7/11/15 21:00,14,8,6
7/11/15 22:00,21,15,6
7/11/15 23:00,10,3,7
7/12/15 0:00,7,3,4
7/12/15 1:00,1,1,0
7/12/15 2:00,2,2,0
7/12/15 3:00,3,2,1
7/12/15 4:00,4,1,3
7/12/15 5:00,4,0,4
7/12/15 6:00,6,1,5
7/12/15 7:00,25,10,15
7/12/15 8:00,38,14,24
7/12/15 9:00,34,14,20
7/12/15 10:00,45,19,26
7/12/15 11:00,50,23,27
7/12/15 12:00,61,31,30
7/12/15 13:00,76,41,35
7/12/15 14:00,69,33,36
7/12/15 15:00,67,39,28
7/12/15 16:00,47,22,25
7/12/15 17:00,52,25,27
7/12/15 18:00,29,22,7
7/12/15 19:00,21,10,11
7/12/15 20:00,20,6,14
7/12/15 21:00,12,9,3
7/12/15 22:00,9,7,2
7/12/15 23:00,4,4,0
7/13/15 0:00,2,2,0
7/13/15 1:00,2,1,1
7/13/15 2:00,2,1,1
7/13/15 3:00,4,2,2
7/13/15 4:00,7,1,6
7/13/15 5:00,25,3,22
7/13/15 6:00,77,15,62
7/13/15 7:00,153,18,135
7/13/15 8:00,137,14,123
7/13/15 9:00,40,5,35
7/13/15 10:00,40,6,34
7/13/15 11:00,15,5,10
7/13/15 12:00,16,12,4
7/13/15 13:00,33,18,15
7/13/15 14:00,28,15,13
7/13/15 15:00,49,39,10
7/13/15 16:00,93,74,19
7/13/15 17:00,186,161,25
7/13/15 18:00,110,94,16
7/13/15 19:00,67,51,16
7/13/15 20:00,29,19,10
7/13/15 21:00,32,18,14
7/13/15 22:00,12,10,2
7/13/15 23:00,6,4,2
7/14/15 0:00,2,1,1
7/14/15 1:00,4,3,1
7/14/15 2:00,5,4,1
7/14/15 3:00,3,3,0
7/14/15 4:00,5,1,4
7/14/15 5:00,35,7,28
7/14/15 6:00,83,15,68
7/14/15 7:00,193,20,173
7/14/15 8:00,148,19,129
7/14/15 9:00,68,8,60
7/14/15 10:00,39,8,31
7/14/15 11:00,21,12,9
7/14/15 12:00,28,14,14
7/14/15 13:00,32,21,11
7/14/15 14:00,31,21,10
7/14/15 15:00,58,40,18
7/14/15 16:00,133,105,28
7/14/15 17:00,218,185,33
7/14/15 18:00,139,116,23
7/14/15 19:00,71,58,13
7/14/15 20:00,39,23,16
7/14/15 21:00,26,19,7
7/14/15 22:00,18,14,4
7/14/15 23:00,8,4,4
7/15/15 0:00,5,5,0
7/15/15 1:00,3,2,1
7/15/15 2:00,1,0,1
7/15/15 3:00,3,2,1
7/15/15 4:00,8,2,6
7/15/15 5:00,28,7,21
7/15/15 6:00,90,14,76
7/15/15 7:00,190,22,168
7/15/15 8:00,151,15,136
7/15/15 9:00,59,10,49
7/15/15 10:00,43,18,25
7/15/15 11:00,45,16,29
7/15/15 12:00,33,21,12
7/15/15 13:00,47,29,18
7/15/15 14:00,30,18,12
7/15/15 15:00,45,31,14
7/15/15 16:00,139,99,40
7/15/15 17:00,202,171,31
7/15/15 18:00,146,127,19
7/15/15 19:00,63,46,17
7/15/15 20:00,47,30,17
7/15/15 21:00,31,18,13
7/15/15 22:00,12,6,6
7/15/15 23:00,9,9,0
7/16/15 0:00,2,0,2
7/16/15 1:00,3,2,1
7/16/15 2:00,3,1,2
7/16/15 3:00,1,1,0
7/16/15 4:00,6,2,4
7/16/15 5:00,30,2,28
7/16/15 6:00,91,13,78
7/16/15 7:00,146,19,127
7/16/15 8:00,164,24,140
7/16/15 9:00,73,11,62
7/16/15 10:00,29,10,19
7/16/15 11:00,29,11,18
7/16/15 12:00,29,17,12
7/16/15 13:00,37,24,13
7/16/15 14:00,38,18,20
7/16/15 15:00,66,43,23
7/16/15 16:00,112,85,27
7/16/15 17:00,184,157,27
7/16/15 18:00,131,105,26
7/16/15 19:00,79,61,18
7/16/15 20:00,29,21,8
7/16/15 21:00,24,18,6
7/16/15 22:00,14,11,3
7/16/15 23:00,9,7,2
7/17/15 0:00,12,8,4
7/17/15 1:00,5,4,1
7/17/15 2:00,3,2,1
7/17/15 3:00,0,0,0
7/17/15 4:00,4,1,3
7/17/15 5:00,30,6,24
7/17/15 6:00,83,13,70
7/17/15 7:00,145,12,133
7/17/15 8:00,134,14,120
7/17/15 9:00,58,10,48
7/17/15 10:00,23,9,14
7/17/15 11:00,26,11,15
7/17/15 12:00,29,17,12
7/17/15 13:00,43,22,21
7/17/15 14:00,46,29,17
7/17/15 15:00,72,45,27
7/17/15 16:00,117,89,28
7/17/15 17:00,151,126,25
7/17/15 18:00,107,85,22
7/17/15 19:00,46,33,13
7/17/15 20:00,37,24,13
7/17/15 21:00,10,6,4
7/17/15 22:00,17,12,5
7/17/15 23:00,10,5,5
7/18/15 0:00,11,8,3
7/18/15 1:00,5,4,1
7/18/15 2:00,6,6,0
7/18/15 3:00,3,0,3
7/18/15 4:00,5,2,3
7/18/15 5:00,9,2,7
7/18/15 6:00,17,5,12
7/18/15 7:00,45,11,34
7/18/15 8:00,49,21,28
7/18/15 9:00,63,34,29
7/18/15 10:00,60,39,21
7/18/15 11:00,74,31,43
7/18/15 12:00,65,33,32
7/18/15 13:00,90,47,43
7/18/15 14:00,59,27,32
7/18/15 15:00,67,30,37
7/18/15 16:00,57,38,19
7/18/15 17:00,52,27,25
7/18/15 18:00,49,19,30
7/18/15 19:00,42,23,19
7/18/15 20:00,20,7,13
7/18/15 21:00,21,15,6
7/18/15 22:00,22,13,9
7/18/15 23:00,7,6,1
7/19/15 0:00,6,5,1
7/19/15 1:00,6,3,3
7/19/15 2:00,1,1,0
7/19/15 3:00,0,0,0
7/19/15 4:00,2,2,0
7/19/15 5:00,8,2,6
7/19/15 6:00,14,8,6
7/19/15 7:00,27,12,15
7/19/15 8:00,36,14,22
7/19/15 9:00,61,28,33
7/19/15 10:00,85,42,43
7/19/15 11:00,67,28,39
7/19/15 12:00,80,45,35
7/19/15 13:00,80,34,46
7/19/15 14:00,48,28,20
7/19/15 15:00,41,23,18
7/19/15 16:00,50,29,21
7/19/15 17:00,39,18,21
7/19/15 18:00,31,17,14
7/19/15 19:00,22,13,9
7/19/15 20:00,21,9,12
7/19/15 21:00,7,4,3
7/19/15 22:00,8,4,4
7/19/15 23:00,4,2,2
7/20/15 0:00,1,0,1
7/20/15 1:00,4,3,1
7/20/15 2:00,4,3,1
7/20/15 3:00,1,1,0
7/20/15 4:00,6,2,4
7/20/15 5:00,19,6,13
7/20/15 6:00,78,13,65
7/20/15 7:00,152,16,136
7/20/15 8:00,156,22,134
7/20/15 9:00,45,9,36
7/20/15 10:00,28,8,20
7/20/15 11:00,25,9,16
7/20/15 12:00,28,18,10
7/20/15 13:00,20,7,13
7/20/15 14:00,37,18,19
7/20/15 15:00,46,32,14
7/20/15 16:00,107,82,25
7/20/15 17:00,196,171,25
7/20/15 18:00,130,115,15
7/20/15 19:00,59,43,16
7/20/15 20:00,38,27,11
7/20/15 21:00,14,9,5
7/20/15 22:00,11,6,5
7/20/15 23:00,9,7,2
7/21/15 0:00,2,1,1
7/21/15 1:00,4,4,0
7/21/15 2:00,4,1,3
7/21/15 3:00,1,1,0
7/21/15 4:00,7,2,5
7/21/15 5:00,26,4,22
7/21/15 6:00,55,9,46
7/21/15 7:00,144,18,126
7/21/15 8:00,118,13,105
7/21/15 9:00,44,10,34
7/21/15 10:00,29,7,22
7/21/15 11:00,19,6,13
7/21/15 12:00,26,12,14
7/21/15 13:00,24,7,17
7/21/15 14:00,25,14,11
7/21/15 15:00,44,31,13
7/21/15 16:00,80,63,17
7/21/15 17:00,157,134,23
7/21/15 18:00,122,101,21
7/21/15 19:00,69,48,21
7/21/15 20:00,35,24,11
7/21/15 21:00,22,15,7
7/21/15 22:00,7,5,2
7/21/15 23:00,8,7,1
7/22/15 0:00,0,0,0
7/22/15 1:00,2,1,1
7/22/15 2:00,3,2,1
7/22/15 3:00,3,3,0
7/22/15 4:00,5,1,4
7/22/15 5:00,31,4,27
7/22/15 6:00,88,9,79
7/22/15 7:00,178,11,167
7/22/15 8:00,160,25,135
7/22/15 9:00,66,12,54
7/22/15 10:00,36,11,25
7/22/15 11:00,36,14,22
7/22/15 12:00,37,20,17
7/22/15 13:00,32,14,18
7/22/15 14:00,33,23,10
7/22/15 15:00,73,48,25
7/22/15 16:00,117,95,22
7/22/15 17:00,200,171,29
7/22/15 18:00,165,135,30
7/22/15 19:00,72,58,14
7/22/15 20:00,43,25,18
7/22/15 21:00,21,16,5
7/22/15 22:00,9,7,2
7/22/15 23:00,7,3,4
7/23/15 0:00,4,3,1
7/23/15 1:00,0,0,0
7/23/15 2:00,1,1,0
7/23/15 3:00,2,1,1
7/23/15 4:00,4,1,3
7/23/15 5:00,31,5,26
7/23/15 6:00,85,10,75
7/23/15 7:00,182,21,161
7/23/15 8:00,132,15,117
7/23/15 9:00,63,11,52
7/23/15 10:00,27,7,20
7/23/15 11:00,19,7,12
7/23/15 12:00,40,19,21
7/23/15 13:00,29,15,14
7/23/15 14:00,44,28,16
7/23/15 15:00,64,45,19
7/23/15 16:00,102,77,25
7/23/15 17:00,189,158,31
7/23/15 18:00,121,103,18
7/23/15 19:00,65,47,18
7/23/15 20:00,33,22,11
7/23/15 21:00,14,11,3
7/23/15 22:00,23,18,5
7/23/15 23:00,6,6,0
7/24/15 0:00,1,1,0
7/24/15 1:00,4,4,0
7/24/15 2:00,3,2,1
7/24/15 3:00,6,1,5
7/24/15 4:00,3,2,1
7/24/15 5:00,18,4,14
7/24/15 6:00,73,9,64
7/24/15 7:00,128,11,117
7/24/15 8:00,104,24,80
7/24/15 9:00,44,8,36
7/24/15 10:00,23,7,16
7/24/15 11:00,13,3,10
7/24/15 12:00,23,7,16
7/24/15 13:00,32,15,17
7/24/15 14:00,33,22,11
7/24/15 15:00,55,35,20
7/24/15 16:00,98,77,21
7/24/15 17:00,120,105,15
7/24/15 18:00,73,54,19
7/24/15 19:00,41,34,7
7/24/15 20:00,25,16,9
7/24/15 21:00,15,12,3
7/24/15 22:00,9,7,2
7/24/15 23:00,11,9,2
7/25/15 0:00,11,8,3
7/25/15 1:00,3,3,0
7/25/15 2:00,0,0,0
7/25/15 3:00,1,0,1
7/25/15 4:00,0,0,0
7/25/15 5:00,4,2,2
7/25/15 6:00,9,1,8
7/25/15 7:00,9,4,5
7/25/15 8:00,32,9,23
7/25/15 9:00,41,22,19
7/25/15 10:00,42,15,27
7/25/15 11:00,46,12,34
7/25/15 12:00,33,20,13
7/25/15 13:00,36,13,23
7/25/15 14:00,37,24,13
7/25/15 15:00,42,24,18
7/25/15 16:00,22,11,11
7/25/15 17:00,33,21,12
7/25/15 18:00,24,12,12
7/25/15 19:00,28,18,10
7/25/15 20:00,8,7,1
7/25/15 21:00,6,6,0
7/25/15 22:00,4,4,0
7/25/15 23:00,5,4,1
7/26/15 0:00,7,3,4
7/26/15 1:00,3,3,0
7/26/15 2:00,0,0,0
7/26/15 3:00,2,2,0
7/26/15 4:00,2,1,1
7/26/15 5:00,6,3,3
7/26/15 6:00,11,5,6
7/26/15 7:00,18,7,11
7/26/15 8:00,29,7,22
7/26/15 9:00,34,13,21
7/26/15 10:00,40,20,20
7/26/15 11:00,42,22,20
7/26/15 12:00,44,25,19
7/26/15 13:00,47,22,25
7/26/15 14:00,54,27,27
7/26/15 15:00,43,19,24
7/26/15 16:00,29,18,11
7/26/15 17:00,13,10,3
7/26/15 18:00,11,7,4
7/26/15 19:00,13,9,4
7/26/15 20:00,3,3,0
7/26/15 21:00,8,6,2
7/26/15 22:00,2,1,1
7/26/15 23:00,2,1,1
7/27/15 0:00,1,0,1
7/27/15 1:00,0,0,0
7/27/15 2:00,1,1,0
7/27/15 3:00,1,0,1
7/27/15 4:00,7,1,6
7/27/15 5:00,25,5,20
7/27/15 6:00,76,13,63
7/27/15 7:00,144,16,128
7/27/15 8:00,138,19,119
7/27/15 9:00,52,6,46
7/27/15 10:00,26,8,18
7/27/15 11:00,33,11,22
7/27/15 12:00,34,15,19
7/27/15 13:00,25,12,13
7/27/15 14:00,35,17,18
7/27/15 15:00,51,34,17
7/27/15 16:00,109,86,23
7/27/15 17:00,178,157,21
7/27/15 18:00,116,100,16
7/27/15 19:00,67,53,14
7/27/15 20:00,23,14,9
7/27/15 21:00,17,12,5
7/27/15 22:00,10,4,6
7/27/15 23:00,9,6,3
7/28/15 0:00,3,2,1
7/28/15 1:00,5,3,2
7/28/15 2:00,3,1,2
7/28/15 3:00,4,4,0
7/28/15 4:00,3,1,2
7/28/15 5:00,31,5,26
7/28/15 6:00,100,10,90
7/28/15 7:00,182,18,164
7/28/15 8:00,170,25,145
7/28/15 9:00,72,16,56
7/28/15 10:00,36,7,29
7/28/15 11:00,33,11,22
7/28/15 12:00,25,11,14
7/28/15 13:00,33,15,18
7/28/15 14:00,30,24,6
7/28/15 15:00,69,45,24
7/28/15 16:00,127,95,32
7/28/15 17:00,192,171,21
7/28/15 18:00,185,154,31
7/28/15 19:00,91,68,23
7/28/15 20:00,38,21,17
7/28/15 21:00,43,27,16
7/28/15 22:00,19,16,3
7/28/15 23:00,8,5,3
7/29/15 0:00,0,0,0
7/29/15 1:00,3,0,3
7/29/15 2:00,1,0,1
7/29/15 3:00,2,1,1
7/29/15 4:00,7,1,6
7/29/15 5:00,33,7,26
7/29/15 6:00,106,14,92
7/29/15 7:00,117,15,102
7/29/15 8:00,231,27,204
7/29/15 9:00,81,15,66
7/29/15 10:00,48,11,37
7/29/15 11:00,32,22,10
7/29/15 12:00,38,9,29
7/29/15 13:00,56,24,32
7/29/15 14:00,45,30,15
7/29/15 15:00,63,46,17
7/29/15 16:00,116,92,24
7/29/15 17:00,223,191,32
7/29/15 18:00,152,120,32
7/29/15 19:00,102,72,30
7/29/15 20:00,40,29,11
7/29/15 21:00,24,12,12
7/29/15 22:00,16,9,7
7/29/15 23:00,12,7,5
7/30/15 0:00,2,2,0
7/30/15 1:00,3,1,2
7/30/15 2:00,2,1,1
7/30/15 3:00,3,2,1
7/30/15 4:00,8,1,7
7/30/15 5:00,31,10,21
7/30/15 6:00,81,5,76
7/30/15 7:00,166,15,151
7/30/15 8:00,170,22,148
7/30/15 9:00,76,19,57
7/30/15 10:00,38,17,21
7/30/15 11:00,30,7,23
7/30/15 12:00,36,23,13
7/30/15 13:00,37,18,19
7/30/15 14:00,31,17,14
7/30/15 15:00,61,41,20
7/30/15 16:00,96,77,19
7/30/15 17:00,174,153,21
7/30/15 18:00,132,114,18
7/30/15 19:00,77,57,20
7/30/15 20:00,41,23,18
7/30/15 21:00,33,21,12
7/30/15 22:00,23,12,11
7/30/15 23:00,5,5,0
7/31/15 0:00,6,6,0
7/31/15 1:00,6,3,3
7/31/15 2:00,3,1,2
7/31/15 3:00,4,1,3
7/31/15 4:00,3,1,2
7/31/15 5:00,28,4,24
7/31/15 6:00,69,5,64
7/31/15 7:00,121,15,106
7/31/15 8:00,120,13,107
7/31/15 9:00,60,11,49
7/31/15 10:00,46,18,28
7/31/15 11:00,40,15,25
7/31/15 12:00,39,19,20
7/31/15 13:00,41,25,16
7/31/15 14:00,36,20,16
7/31/15 15:00,71,52,19
7/31/15 16:00,121,100,21
7/31/15 17:00,146,124,22
7/31/15 18:00,71,55,16
7/31/15 19:00,50,33,17
7/31/15 20:00,24,17,7
7/31/15 21:00,18,11,7
7/31/15 22:00,7,7,0
7/31/15 23:00,8,7,1
8/1/15 0:00,9,5,4
8/1/15 1:00,7,3,4
8/1/15 2:00,1,1,0
8/1/15 3:00,1,0,1
8/1/15 4:00,2,1,1
8/1/15 5:00,8,2,6
8/1/15 6:00,20,6,14
8/1/15 7:00,24,9,15
8/1/15 8:00,35,19,16
8/1/15 9:00,56,22,34
8/1/15 10:00,73,32,41
8/1/15 11:00,80,37,43
8/1/15 12:00,78,33,45
8/1/15 13:00,59,32,27
8/1/15 14:00,81,44,37
8/1/15 15:00,79,42,37
8/1/15 16:00,43,28,15
8/1/15 17:00,65,38,27
8/1/15 18:00,35,18,17
8/1/15 19:00,23,12,11
8/1/15 20:00,16,10,6
8/1/15 21:00,21,17,4
8/1/15 22:00,8,7,1
8/1/15 23:00,7,6,1
8/2/15 0:00,5,3,2
8/2/15 1:00,2,1,1
8/2/15 2:00,4,2,2
8/2/15 3:00,2,2,0
8/2/15 4:00,8,2,6
8/2/15 5:00,7,2,5
8/2/15 6:00,9,1,8
8/2/15 7:00,34,16,18
8/2/15 8:00,53,27,26
8/2/15 9:00,45,19,26
8/2/15 10:00,81,31,50
8/2/15 11:00,54,26,28
8/2/15 12:00,69,31,38
8/2/15 13:00,48,25,23
8/2/15 14:00,75,42,33
8/2/15 15:00,77,43,34
8/2/15 16:00,63,33,30
8/2/15 17:00,44,21,23
8/2/15 18:00,46,30,16
8/2/15 19:00,21,10,11
8/2/15 20:00,23,12,11
8/2/15 21:00,11,8,3
8/2/15 22:00,9,6,3
8/2/15 23:00,8,6,2
8/3/15 0:00,0,0,0
8/3/15 1:00,1,1,0
8/3/15 2:00,3,2,1
8/3/15 3:00,4,3,1
8/3/15 4:00,13,4,9
8/3/15 5:00,24,6,18
8/3/15 6:00,94,12,82
8/3/15 7:00,132,16,116
8/3/15 8:00,163,21,142
8/3/15 9:00,54,6,48
8/3/15 10:00,34,8,26
8/3/15 11:00,28,14,14
8/3/15 12:00,23,14,9
8/3/15 13:00,35,13,22
8/3/15 14:00,35,22,13
8/3/15 15:00,52,35,17
8/3/15 16:00,120,97,23
8/3/15 17:00,187,165,22
8/3/15 18:00,152,129,23
8/3/15 19:00,62,42,20
8/3/15 20:00,40,23,17
8/3/15 21:00,29,12,17
8/3/15 22:00,7,4,3
8/3/15 23:00,6,4,2
8/4/15 0:00,4,4,0
8/4/15 1:00,2,2,0
8/4/15 2:00,1,1,0
8/4/15 3:00,4,1,3
8/4/15 4:00,5,1,4
8/4/15 5:00,22,5,17
8/4/15 6:00,91,13,78
8/4/15 7:00,176,21,155
8/4/15 8:00,160,22,138
8/4/15 9:00,68,8,60
8/4/15 10:00,33,14,19
8/4/15 11:00,27,12,15
8/4/15 12:00,45,21,24
8/4/15 13:00,49,23,26
8/4/15 14:00,35,16,19
8/4/15 15:00,42,31,11
8/4/15 16:00,130,104,26
8/4/15 17:00,208,185,23
8/4/15 18:00,150,127,23
8/4/15 19:00,64,52,12
8/4/15 20:00,47,33,14
8/4/15 21:00,22,10,12
8/4/15 22:00,13,6,7
8/4/15 23:00,4,3,1
8/5/15 0:00,3,3,0
8/5/15 1:00,2,2,0
8/5/15 2:00,1,1,0
8/5/15 3:00,4,2,2
8/5/15 4:00,7,1,6
8/5/15 5:00,29,5,24
8/5/15 6:00,105,16,89
8/5/15 7:00,140,16,124
8/5/15 8:00,144,7,137
8/5/15 9:00,43,10,33
8/5/15 10:00,29,11,18
8/5/15 11:00,31,17,14
8/5/15 12:00,23,9,14
8/5/15 13:00,24,10,14
8/5/15 14:00,33,19,14
8/5/15 15:00,48,32,16
8/5/15 16:00,123,99,24
8/5/15 17:00,199,172,27
8/5/15 18:00,111,92,19
8/5/15 19:00,58,46,12
8/5/15 20:00,38,26,12
8/5/15 21:00,21,16,5
8/5/15 22:00,8,6,2
8/5/15 23:00,6,4,2
8/6/15 0:00,2,2,0
8/6/15 1:00,2,1,1
8/6/15 2:00,1,0,1
8/6/15 3:00,1,0,1
8/6/15 4:00,9,2,7
8/6/15 5:00,25,4,21
8/6/15 6:00,69,8,61
8/6/15 7:00,153,11,142
8/6/15 8:00,137,11,126
8/6/15 9:00,66,14,52
8/6/15 10:00,30,7,23
8/6/15 11:00,34,16,18
8/6/15 12:00,31,13,18
8/6/15 13:00,31,15,16
8/6/15 14:00,39,20,19
8/6/15 15:00,53,39,14
8/6/15 16:00,111,88,23
8/6/15 17:00,199,170,29
8/6/15 18:00,146,115,31
8/6/15 19:00,64,51,13
8/6/15 20:00,37,26,11
8/6/15 21:00,16,11,5
8/6/15 22:00,12,11,1
8/6/15 23:00,9,6,3
8/7/15 0:00,7,6,1
8/7/15 1:00,2,2,0
8/7/15 2:00,2,2,0
8/7/15 3:00,5,2,3
8/7/15 4:00,3,0,3
8/7/15 5:00,19,4,15
8/7/15 6:00,68,10,58
8/7/15 7:00,115,16,99
8/7/15 8:00,147,19,128
8/7/15 9:00,65,16,49
8/7/15 10:00,19,4,15
8/7/15 11:00,32,11,21
8/7/15 12:00,39,20,19
8/7/15 13:00,59,39,20
8/7/15 14:00,31,14,17
8/7/15 15:00,63,46,17
8/7/15 16:00,88,69,19
8/7/15 17:00,169,127,42
8/7/15 18:00,103,73,30
8/7/15 19:00,43,29,14
8/7/15 20:00,40,24,16
8/7/15 21:00,20,9,11
8/7/15 22:00,12,10,2
8/7/15 23:00,15,14,1
8/8/15 0:00,16,14,2
8/8/15 1:00,15,13,2
8/8/15 2:00,6,6,0
8/8/15 3:00,2,0,2
8/8/15 4:00,2,0,2
8/8/15 5:00,6,0,6
8/8/15 6:00,10,4,6
8/8/15 7:00,22,7,15
8/8/15 8:00,27,9,18
8/8/15 9:00,41,22,19
8/8/15 10:00,47,25,22
8/8/15 11:00,42,15,27
8/8/15 12:00,53,24,29
8/8/15 13:00,55,28,27
8/8/15 14:00,48,14,34
8/8/15 15:00,70,36,34
8/8/15 16:00,57,31,26
8/8/15 17:00,39,21,18
8/8/15 18:00,27,14,13
8/8/15 19:00,13,6,7
8/8/15 20:00,10,7,3
8/8/15 21:00,13,9,4
8/8/15 22:00,7,6,1
8/8/15 23:00,11,6,5
8/9/15 0:00,2,2,0
8/9/15 1:00,4,2,2
8/9/15 2:00,4,4,0
8/9/15 3:00,0,0,0
8/9/15 4:00,4,2,2
8/9/15 5:00,7,1,6
8/9/15 6:00,8,1,7
8/9/15 7:00,21,8,13
8/9/15 8:00,42,19,23
8/9/15 9:00,64,31,33
8/9/15 10:00,61,17,44
8/9/15 11:00,108,46,62
8/9/15 12:00,135,39,96
8/9/15 13:00,83,32,51
8/9/15 14:00,72,40,32
8/9/15 15:00,86,49,37
8/9/15 16:00,74,45,29
8/9/15 17:00,55,26,29
8/9/15 18:00,37,20,17
8/9/15 19:00,41,22,19
8/9/15 20:00,30,13,17
8/9/15 21:00,6,3,3
8/9/15 22:00,6,3,3
8/9/15 23:00,4,4,0
8/10/15 0:00,1,1,0
8/10/15 1:00,1,1,0
8/10/15 2:00,2,0,2
8/10/15 3:00,1,0,1
8/10/15 4:00,9,2,7
8/10/15 5:00,26,2,24
8/10/15 6:00,77,10,67
8/10/15 7:00,135,18,117
8/10/15 8:00,132,18,114
8/10/15 9:00,53,6,47
8/10/15 10:00,25,2,23
8/10/15 11:00,37,25,12
8/10/15 12:00,31,15,16
8/10/15 13:00,38,14,24
8/10/15 14:00,32,17,15
8/10/15 15:00,47,31,16
8/10/15 16:00,105,91,14
8/10/15 17:00,183,151,32
8/10/15 18:00,137,117,20
8/10/15 19:00,49,37,12
8/10/15 20:00,37,23,14
8/10/15 21:00,15,10,5
8/10/15 22:00,7,4,3
8/10/15 23:00,7,6,1
8/11/15 0:00,3,2,1
8/11/15 1:00,2,1,1
8/11/15 2:00,2,0,2
8/11/15 3:00,3,0,3
8/11/15 4:00,4,2,2
8/11/15 5:00,21,3,18
8/11/15 6:00,90,15,75
8/11/15 7:00,181,25,156
8/11/15 8:00,155,14,141
8/11/15 9:00,79,14,65
8/11/15 10:00,23,12,11
8/11/15 11:00,24,10,14
8/11/15 12:00,36,18,18
8/11/15 13:00,36,18,18
8/11/15 14:00,36,22,14
8/11/15 15:00,61,43,18
8/11/15 16:00,118,96,22
8/11/15 17:00,215,187,28
8/11/15 18:00,158,128,30
8/11/15 19:00,71,51,20
8/11/15 20:00,38,24,14
8/11/15 21:00,18,16,2
8/11/15 22:00,7,7,0
8/11/15 23:00,9,6,3
8/12/15 0:00,3,3,0
8/12/15 1:00,5,3,2
8/12/15 2:00,2,1,1
8/12/15 3:00,5,3,2
8/12/15 4:00,5,1,4
8/12/15 5:00,25,4,21
8/12/15 6:00,91,10,81
8/12/15 7:00,169,23,146
8/12/15 8:00,175,17,158
8/12/15 9:00,59,11,48
8/12/15 10:00,41,10,31
8/12/15 11:00,18,6,12
8/12/15 12:00,18,8,10
8/12/15 13:00,22,14,8
8/12/15 14:00,29,13,16
8/12/15 15:00,53,42,11
8/12/15 16:00,120,97,23
8/12/15 17:00,214,186,28
8/12/15 18:00,125,105,20
8/12/15 19:00,64,40,24
8/12/15 20:00,56,41,15
8/12/15 21:00,22,15,7
8/12/15 22:00,8,8,0
8/12/15 23:00,6,4,2
8/13/15 0:00,8,2,6
8/13/15 1:00,1,0,1
8/13/15 2:00,6,5,1
8/13/15 3:00,3,1,2
8/13/15 4:00,6,1,5
8/13/15 5:00,23,2,21
8/13/15 6:00,82,14,68
8/13/15 7:00,148,17,131
8/13/15 8:00,144,18,126
8/13/15 9:00,73,11,62
8/13/15 10:00,33,16,17
8/13/15 11:00,30,13,17
8/13/15 12:00,40,16,24
8/13/15 13:00,35,14,21
8/13/15 14:00,35,17,18
8/13/15 15:00,67,47,20
8/13/15 16:00,119,87,32
8/13/15 17:00,168,136,32
8/13/15 18:00,120,103,17
8/13/15 19:00,78,63,15
8/13/15 20:00,46,31,15
8/13/15 21:00,15,10,5
8/13/15 22:00,12,8,4
8/13/15 23:00,12,10,2
8/14/15 0:00,3,3,0
8/14/15 1:00,7,2,5
8/14/15 2:00,2,1,1
8/14/15 3:00,2,1,1
8/14/15 4:00,3,0,3
8/14/15 5:00,14,4,10
8/14/15 6:00,42,4,38
8/14/15 7:00,74,12,62
8/14/15 8:00,76,7,69
8/14/15 9:00,37,6,31
8/14/15 10:00,20,6,14
8/14/15 11:00,18,10,8
8/14/15 12:00,19,11,8
8/14/15 13:00,17,7,10
8/14/15 14:00,11,10,1
8/14/15 15:00,28,18,10
8/14/15 16:00,34,28,6
8/14/15 17:00,53,47,6
8/14/15 18:00,35,29,6
8/14/15 19:00,12,11,1
8/14/15 20:00,16,13,3
8/14/15 21:00,6,5,1
8/14/15 22:00,5,4,1
8/14/15 23:00,6,5,1
8/15/15 0:00,3,3,0
8/15/15 1:00,0,0,0
8/15/15 2:00,1,0,1
8/15/15 3:00,4,1,3
8/15/15 4:00,1,0,1
8/15/15 5:00,6,2,4
8/15/15 6:00,10,7,3
8/15/15 7:00,16,4,12
8/15/15 8:00,23,8,15
8/15/15 9:00,33,13,20
8/15/15 10:00,40,24,16
8/15/15 11:00,38,18,20
8/15/15 12:00,51,31,20
8/15/15 13:00,56,28,28
8/15/15 14:00,58,27,31
8/15/15 15:00,51,26,25
8/15/15 16:00,57,32,25
8/15/15 17:00,32,13,19
8/15/15 18:00,23,13,10
8/15/15 19:00,18,9,9
8/15/15 20:00,14,12,2
8/15/15 21:00,12,4,8
8/15/15 22:00,10,9,1
8/15/15 23:00,11,7,4
8/16/15 0:00,4,2,2
8/16/15 1:00,3,2,1
8/16/15 2:00,5,4,1
8/16/15 3:00,4,3,1
8/16/15 4:00,2,1,1
8/16/15 5:00,9,4,5
8/16/15 6:00,5,3,2
8/16/15 7:00,10,4,6
8/16/15 8:00,31,10,21
8/16/15 9:00,27,13,14
8/16/15 10:00,62,35,27
8/16/15 11:00,80,42,38
8/16/15 12:00,89,41,48
8/16/15 13:00,98,45,53
8/16/15 14:00,83,35,48
8/16/15 15:00,68,38,30
8/16/15 16:00,76,42,34
8/16/15 17:00,63,40,23
8/16/15 18:00,48,30,18
8/16/15 19:00,27,11,16
8/16/15 20:00,12,5,7
8/16/15 21:00,11,7,4
8/16/15 22:00,10,5,5
8/16/15 23:00,5,4,1
8/17/15 0:00,0,0,0
8/17/15 1:00,3,1,2
8/17/15 2:00,1,0,1
8/17/15 3:00,2,1,1
8/17/15 4:00,7,2,5
8/17/15 5:00,24,2,22
8/17/15 6:00,70,11,59
8/17/15 7:00,148,15,133
8/17/15 8:00,134,15,119
8/17/15 9:00,54,5,49
8/17/15 10:00,22,10,12
8/17/15 11:00,26,10,16
8/17/15 12:00,31,17,14
8/17/15 13:00,33,14,19
8/17/15 14:00,25,16,9
8/17/15 15:00,60,43,17
8/17/15 16:00,116,90,26
8/17/15 17:00,217,188,29
8/17/15 18:00,135,112,23
8/17/15 19:00,54,39,15
8/17/15 20:00,25,10,15
8/17/15 21:00,16,12,4
8/17/15 22:00,13,12,1
8/17/15 23:00,4,3,1
8/18/15 0:00,2,2,0
8/18/15 1:00,0,0,0
8/18/15 2:00,2,2,0
8/18/15 3:00,5,0,5
8/18/15 4:00,7,3,4
8/18/15 5:00,26,4,22
8/18/15 6:00,84,11,73
8/18/15 7:00,180,13,167
8/18/15 8:00,159,21,138
8/18/15 9:00,65,8,57
8/18/15 10:00,36,15,21
8/18/15 11:00,42,20,22
8/18/15 12:00,31,21,10
8/18/15 13:00,47,28,19
8/18/15 14:00,41,22,19
8/18/15 15:00,54,40,14
8/18/15 16:00,127,96,31
8/18/15 17:00,189,162,27
8/18/15 18:00,136,117,19
8/18/15 19:00,56,44,12
8/18/15 20:00,34,28,6
8/18/15 21:00,27,21,6
8/18/15 22:00,12,9,3
8/18/15 23:00,1,1,0
8/19/15 0:00,2,2,0
8/19/15 1:00,1,1,0
8/19/15 2:00,3,2,1
8/19/15 3:00,2,1,1
8/19/15 4:00,7,0,7
8/19/15 5:00,25,6,19
8/19/15 6:00,77,10,67
8/19/15 7:00,166,24,142
8/19/15 8:00,179,14,165
8/19/15 9:00,68,18,50
8/19/15 10:00,32,10,22
8/19/15 11:00,36,15,21
8/19/15 12:00,36,14,22
8/19/15 13:00,38,22,16
8/19/15 14:00,35,24,11
8/19/15 15:00,59,46,13
8/19/15 16:00,108,84,24
8/19/15 17:00,202,178,24
8/19/15 18:00,123,101,22
8/19/15 19:00,80,57,23
8/19/15 20:00,48,28,20
8/19/15 21:00,20,15,5
8/19/15 22:00,6,6,0
8/19/15 23:00,12,9,3
8/20/15 0:00,5,5,0
8/20/15 1:00,0,0,0
8/20/15 2:00,2,0,2
8/20/15 3:00,1,1,0
8/20/15 4:00,12,2,10
8/20/15 5:00,25,5,20
8/20/15 6:00,71,7,64
8/20/15 7:00,136,19,117
8/20/15 8:00,126,10,116
8/20/15 9:00,61,7,54
8/20/15 10:00,30,9,21
8/20/15 11:00,22,9,13
8/20/15 12:00,31,21,10
8/20/15 13:00,38,16,22
8/20/15 14:00,38,25,13
8/20/15 15:00,54,38,16
8/20/15 16:00,98,78,20
8/20/15 17:00,157,133,24
8/20/15 18:00,110,87,23
8/20/15 19:00,64,51,13
8/20/15 20:00,40,33,7
8/20/15 21:00,23,14,9
8/20/15 22:00,11,9,2
8/20/15 23:00,11,7,4
8/21/15 0:00,5,4,1
8/21/15 1:00,0,0,0
8/21/15 2:00,3,1,2
8/21/15 3:00,1,0,1
8/21/15 4:00,6,1,5
8/21/15 5:00,16,2,14
8/21/15 6:00,51,5,46
8/21/15 7:00,109,16,93
8/21/15 8:00,109,12,97
8/21/15 9:00,54,6,48
8/21/15 10:00,31,11,20
8/21/15 11:00,34,4,30
8/21/15 12:00,28,12,16
8/21/15 13:00,27,16,11
8/21/15 14:00,30,19,11
8/21/15 15:00,50,39,11
8/21/15 16:00,93,74,19
8/21/15 17:00,131,117,14
8/21/15 18:00,73,58,15
8/21/15 19:00,40,34,6
8/21/15 20:00,21,14,7
8/21/15 21:00,19,10,9
8/21/15 22:00,9,7,2
8/21/15 23:00,8,5,3
8/22/15 0:00,9,8,1
8/22/15 1:00,2,1,1
8/22/15 2:00,5,4,1
8/22/15 3:00,4,3,1
8/22/15 4:00,2,0,2
8/22/15 5:00,5,0,5
8/22/15 6:00,9,3,6
8/22/15 7:00,22,6,16
8/22/15 8:00,48,18,30
8/22/15 9:00,42,14,28
8/22/15 10:00,117,74,43
8/22/15 11:00,100,64,36
8/22/15 12:00,113,45,68
8/22/15 13:00,58,19,39
8/22/15 14:00,53,28,25
8/22/15 15:00,62,31,31
8/22/15 16:00,49,30,19
8/22/15 17:00,44,20,24
8/22/15 18:00,26,12,14
8/22/15 19:00,21,10,11
8/22/15 20:00,18,13,5
8/22/15 21:00,12,5,7
8/22/15 22:00,10,8,2
8/22/15 23:00,5,4,1
8/23/15 0:00,7,5,2
8/23/15 1:00,2,1,1
8/23/15 2:00,2,2,0
8/23/15 3:00,3,3,0
8/23/15 4:00,1,1,0
8/23/15 5:00,4,1,3
8/23/15 6:00,10,4,6
8/23/15 7:00,14,4,10
8/23/15 8:00,29,14,15
8/23/15 9:00,58,29,29
8/23/15 10:00,45,22,23
8/23/15 11:00,56,28,28
8/23/15 12:00,80,45,35
8/23/15 13:00,73,39,34
8/23/15 14:00,79,40,39
8/23/15 15:00,57,39,18
8/23/15 16:00,63,33,30
8/23/15 17:00,52,25,27
8/23/15 18:00,36,18,18
8/23/15 19:00,15,7,8
8/23/15 20:00,17,8,9
8/23/15 21:00,5,3,2
8/23/15 22:00,3,2,1
8/23/15 23:00,5,2,3
8/24/15 0:00,6,2,4
8/24/15 1:00,1,1,0
8/24/15 2:00,3,2,1
8/24/15 3:00,1,1,0
8/24/15 4:00,6,0,6
8/24/15 5:00,26,1,25
8/24/15 6:00,66,16,50
8/24/15 7:00,144,14,130
8/24/15 8:00,179,31,148
8/24/15 9:00,46,6,40
8/24/15 10:00,23,3,20
8/24/15 11:00,22,9,13
8/24/15 12:00,28,13,15
8/24/15 13:00,32,12,20
8/24/15 14:00,35,20,15
8/24/15 15:00,58,38,20
8/24/15 16:00,125,95,30
8/24/15 17:00,170,151,19
8/24/15 18:00,113,99,14
8/24/15 19:00,54,39,15
8/24/15 20:00,29,25,4
8/24/15 21:00,7,7,0
8/24/15 22:00,12,8,4
8/24/15 23:00,6,4,2
8/25/15 0:00,5,5,0
8/25/15 1:00,3,2,1
8/25/15 2:00,2,1,1
8/25/15 3:00,1,0,1
8/25/15 4:00,1,0,1
8/25/15 5:00,26,3,23
8/25/15 6:00,78,12,66
8/25/15 7:00,185,22,163
8/25/15 8:00,167,23,144
8/25/15 9:00,64,14,50
8/25/15 10:00,28,9,19
8/25/15 11:00,15,5,10
8/25/15 12:00,34,19,15
8/25/15 13:00,39,15,24
8/25/15 14:00,35,18,17
8/25/15 15:00,61,45,16
8/25/15 16:00,133,96,37
8/25/15 17:00,204,181,23
8/25/15 18:00,143,115,28
8/25/15 19:00,69,47,22
8/25/15 20:00,45,35,10
8/25/15 21:00,20,13,7
8/25/15 22:00,13,8,5
8/25/15 23:00,17,8,9
8/26/15 0:00,2,1,1
8/26/15 1:00,2,1,1
8/26/15 2:00,1,0,1
8/26/15 3:00,1,0,1
8/26/15 4:00,3,0,3
8/26/15 5:00,30,6,24
8/26/15 6:00,73,11,62
8/26/15 7:00,163,21,142
8/26/15 8:00,152,11,141
8/26/15 9:00,57,6,51
8/26/15 10:00,42,17,25
8/26/15 11:00,29,12,17
8/26/15 12:00,29,17,12
8/26/15 13:00,45,19,26
8/26/15 14:00,36,19,17
8/26/15 15:00,63,45,18
8/26/15 16:00,135,103,32
8/26/15 17:00,203,173,30
8/26/15 18:00,103,90,13
8/26/15 19:00,68,56,12
8/26/15 20:00,42,22,20
8/26/15 21:00,20,16,4
8/26/15 22:00,9,8,1
8/26/15 23:00,8,5,3
8/27/15 0:00,1,0,1
8/27/15 1:00,0,0,0
8/27/15 2:00,2,0,2
8/27/15 3:00,1,1,0
8/27/15 4:00,5,1,4
8/27/15 5:00,34,4,30
8/27/15 6:00,78,12,66
8/27/15 7:00,158,16,142
8/27/15 8:00,153,24,129
8/27/15 9:00,60,7,53
8/27/15 10:00,35,11,24
8/27/15 11:00,30,8,22
8/27/15 12:00,36,21,15
8/27/15 13:00,41,14,27
8/27/15 14:00,45,25,20
8/27/15 15:00,76,38,38
8/27/15 16:00,125,101,24
8/27/15 17:00,194,165,29
8/27/15 18:00,113,92,21
8/27/15 19:00,65,49,16
8/27/15 20:00,30,24,6
8/27/15 21:00,16,13,3
8/27/15 22:00,17,14,3
8/27/15 23:00,11,9,2
8/28/15 0:00,5,4,1
8/28/15 1:00,2,1,1
8/28/15 2:00,3,2,1
8/28/15 3:00,1,0,1
8/28/15 4:00,3,2,1
8/28/15 5:00,21,2,19
8/28/15 6:00,36,6,30
8/28/15 7:00,78,7,71
8/28/15 8:00,76,10,66
8/28/15 9:00,36,6,30
8/28/15 10:00,25,5,20
8/28/15 11:00,18,6,12
8/28/15 12:00,18,8,10
8/28/15 13:00,24,13,11
8/28/15 14:00,28,18,10
8/28/15 15:00,53,43,10
8/28/15 16:00,58,47,11
8/28/15 17:00,102,84,18
8/28/15 18:00,60,50,10
8/28/15 19:00,16,14,2
8/28/15 20:00,10,5,5
8/28/15 21:00,11,8,3
8/28/15 22:00,8,5,3
8/28/15 23:00,5,5,0
8/29/15 0:00,3,1,2
8/29/15 1:00,7,5,2
8/29/15 2:00,1,1,0
8/29/15 3:00,2,1,1
8/29/15 4:00,2,1,1
8/29/15 5:00,7,2,5
8/29/15 6:00,2,1,1
8/29/15 7:00,0,0,0
8/29/15 8:00,7,0,7
8/29/15 9:00,13,4,9
8/29/15 10:00,16,8,8
8/29/15 11:00,13,5,8
8/29/15 12:00,16,7,9
8/29/15 13:00,23,14,9
8/29/15 14:00,16,5,11
8/29/15 15:00,22,11,11
8/29/15 16:00,14,6,8
8/29/15 17:00,23,12,11
8/29/15 18:00,6,4,2
8/29/15 19:00,9,6,3
8/29/15 20:00,9,6,3
8/29/15 21:00,1,0,1
8/29/15 22:00,1,1,0
8/29/15 23:00,1,0,1
8/30/15 0:00,0,0,0
8/30/15 1:00,4,3,1
8/30/15 2:00,0,0,0
8/30/15 3:00,1,0,1
8/30/15 4:00,0,0,0
8/30/15 5:00,1,0,1
8/30/15 6:00,3,1,2
8/30/15 7:00,8,3,5
8/30/15 8:00,6,3,3
8/30/15 9:00,15,5,10
8/30/15 10:00,21,8,13
8/30/15 11:00,23,13,10
8/30/15 12:00,30,14,16
8/30/15 13:00,20,7,13
8/30/15 14:00,33,20,13
8/30/15 15:00,28,11,17
8/30/15 16:00,26,19,7
8/30/15 17:00,30,18,12
8/30/15 18:00,14,10,4
8/30/15 19:00,9,1,8
8/30/15 20:00,8,4,4
8/30/15 21:00,5,4,1
8/30/15 22:00,2,2,0
8/30/15 23:00,5,3,2
8/31/15 0:00,2,2,0
8/31/15 1:00,0,0,0
8/31/15 2:00,1,0,1
8/31/15 3:00,1,0,1
8/31/15 4:00,7,1,6
8/31/15 5:00,15,2,13
8/31/15 6:00,49,7,42
8/31/15 7:00,117,15,102
8/31/15 8:00,117,11,106
8/31/15 9:00,39,5,34
8/31/15 10:00,16,4,12
8/31/15 11:00,7,3,4
8/31/15 12:00,12,6,6
8/31/15 13:00,9,3,6
8/31/15 14:00,19,16,3
8/31/15 15:00,37,25,12
8/31/15 16:00,73,58,15
8/31/15 17:00,132,122,10
8/31/15 18:00,82,67,15
8/31/15 19:00,40,33,7
8/31/15 20:00,18,14,4
8/31/15 21:00,5,4,1
8/31/15 22:00,2,2,0
8/31/15 23:00,4,1,3
9/1/15 0:00,3,3,0
9/1/15 1:00,4,4,0
9/1/15 2:00,1,1,0
9/1/15 3:00,2,1,1
9/1/15 4:00,6,1,5
9/1/15 5:00,18,0,18
9/1/15 6:00,53,7,46
9/1/15 7:00,109,13,96
9/1/15 8:00,96,13,83
9/1/15 9:00,33,4,29
9/1/15 10:00,9,2,7
9/1/15 11:00,10,2,8
9/1/15 12:00,14,7,7
9/1/15 13:00,20,7,13
9/1/15 14:00,21,10,11
9/1/15 15:00,23,18,5
9/1/15 16:00,66,53,13
9/1/15 17:00,118,103,15
9/1/15 18:00,73,64,9
9/1/15 19:00,33,26,7
9/1/15 20:00,18,14,4
9/1/15 21:00,14,13,1
9/1/15 22:00,2,2,0
9/1/15 23:00,7,6,1
9/2/15 0:00,3,2,1
9/2/15 1:00,1,1,0
9/2/15 2:00,2,2,0
9/2/15 3:00,3,1,2
9/2/15 4:00,4,0,4
9/2/15 5:00,19,0,19
9/2/15 6:00,67,4,63
9/2/15 7:00,133,12,121
9/2/15 8:00,119,13,106
9/2/15 9:00,51,7,44
9/2/15 10:00,26,7,19
9/2/15 11:00,29,10,19
9/2/15 12:00,32,11,21
9/2/15 13:00,21,8,13
9/2/15 14:00,26,15,11
9/2/15 15:00,43,24,19
9/2/15 16:00,114,88,26
9/2/15 17:00,157,139,18
9/2/15 18:00,117,98,19
9/2/15 19:00,34,26,8
9/2/15 20:00,29,22,7
9/2/15 21:00,16,15,1
9/2/15 22:00,5,4,1
9/2/15 23:00,3,1,2
9/3/15 0:00,2,2,0
9/3/15 1:00,0,0,0
9/3/15 2:00,2,0,2
9/3/15 3:00,1,1,0
9/3/15 4:00,7,1,6
9/3/15 5:00,21,1,20
9/3/15 6:00,70,15,55
9/3/15 7:00,119,19,100
9/3/15 8:00,118,15,103
9/3/15 9:00,56,10,46
9/3/15 10:00,21,4,17
9/3/15 11:00,19,6,13
9/3/15 12:00,33,13,20
9/3/15 13:00,16,10,6
9/3/15 14:00,25,17,8
9/3/15 15:00,35,18,17
9/3/15 16:00,80,56,24
9/3/15 17:00,149,126,23
9/3/15 18:00,97,85,12
9/3/15 19:00,38,31,7
9/3/15 20:00,24,18,6
9/3/15 21:00,10,9,1
9/3/15 22:00,7,7,0
9/3/15 23:00,10,8,2
9/4/15 0:00,3,2,1
9/4/15 1:00,0,0,0
9/4/15 2:00,2,0,2
9/4/15 3:00,2,1,1
9/4/15 4:00,3,0,3
9/4/15 5:00,22,1,21
9/4/15 6:00,57,10,47
9/4/15 7:00,106,19,87
9/4/15 8:00,105,14,91
9/4/15 9:00,44,10,34
9/4/15 10:00,30,9,21
9/4/15 11:00,29,17,12
9/4/15 12:00,33,10,23
9/4/15 13:00,27,16,11
9/4/15 14:00,33,25,8
9/4/15 15:00,62,43,19
9/4/15 16:00,101,76,25
9/4/15 17:00,109,95,14
9/4/15 18:00,59,43,16
9/4/15 19:00,37,31,6
9/4/15 20:00,19,13,6
9/4/15 21:00,13,8,5
9/4/15 22:00,2,2,0
9/4/15 23:00,1,1,0
9/5/15 0:00,3,1,2
9/5/15 1:00,3,2,1
9/5/15 2:00,2,0,2
9/5/15 3:00,1,0,1
9/5/15 4:00,3,1,2
9/5/15 5:00,2,0,2
9/5/15 6:00,10,1,9
9/5/15 7:00,29,9,20
9/5/15 8:00,41,23,18
9/5/15 9:00,34,24,10
9/5/15 10:00,63,24,39
9/5/15 11:00,31,11,20
9/5/15 12:00,55,29,26
9/5/15 13:00,52,22,30
9/5/15 14:00,72,36,36
9/5/15 15:00,63,32,31
9/5/15 16:00,34,20,14
9/5/15 17:00,31,11,20
9/5/15 18:00,24,18,6
9/5/15 19:00,15,12,3
9/5/15 20:00,3,2,1
9/5/15 21:00,8,6,2
9/5/15 22:00,4,3,1
9/5/15 23:00,4,2,2
9/6/15 0:00,4,2,2
9/6/15 1:00,3,3,0
9/6/15 2:00,1,1,0
9/6/15 3:00,2,1,1
9/6/15 4:00,2,2,0
9/6/15 5:00,3,0,3
9/6/15 6:00,2,0,2
9/6/15 7:00,3,2,1
9/6/15 8:00,9,3,6
9/6/15 9:00,9,4,5
9/6/15 10:00,19,6,13
9/6/15 11:00,21,8,13
9/6/15 12:00,16,11,5
9/6/15 13:00,19,6,13
9/6/15 14:00,16,10,6
9/6/15 15:00,22,10,12
9/6/15 16:00,18,12,6
9/6/15 17:00,15,10,5
9/6/15 18:00,15,6,9
9/6/15 19:00,5,1,4
9/6/15 20:00,16,11,5
9/6/15 21:00,3,1,2
9/6/15 22:00,2,2,0
9/6/15 23:00,2,1,1
9/7/15 0:00,1,1,0
9/7/15 1:00,2,2,0
9/7/15 2:00,3,2,1
9/7/15 3:00,0,0,0
9/7/15 4:00,2,2,0
9/7/15 5:00,2,0,2
9/7/15 6:00,5,0,5
9/7/15 7:00,8,2,6
9/7/15 8:00,21,7,14
9/7/15 9:00,85,57,28
9/7/15 10:00,52,25,27
9/7/15 11:00,54,34,20
9/7/15 12:00,78,53,25
9/7/15 13:00,71,30,41
9/7/15 14:00,79,32,47
9/7/15 15:00,104,49,55
9/7/15 16:00,88,51,37
9/7/15 17:00,59,31,28
9/7/15 18:00,47,24,23
9/7/15 19:00,32,21,11
9/7/15 20:00,17,7,10
9/7/15 21:00,7,5,2
9/7/15 22:00,6,3,3
9/7/15 23:00,6,5,1
9/8/15 0:00,2,2,0
9/8/15 1:00,1,1,0
9/8/15 2:00,2,0,2
9/8/15 3:00,4,3,1
9/8/15 4:00,5,0,5
9/8/15 5:00,24,2,22
9/8/15 6:00,59,11,48
9/8/15 7:00,157,22,135
9/8/15 8:00,148,17,131
9/8/15 9:00,57,7,50
9/8/15 10:00,15,5,10
9/8/15 11:00,12,5,7
9/8/15 12:00,29,15,14
9/8/15 13:00,21,11,10
9/8/15 14:00,27,17,10
9/8/15 15:00,45,31,14
9/8/15 16:00,109,79,30
9/8/15 17:00,176,155,21
9/8/15 18:00,137,117,20
9/8/15 19:00,53,41,12
9/8/15 20:00,23,20,3
9/8/15 21:00,21,17,4
9/8/15 22:00,9,5,4
9/8/15 23:00,13,8,5
9/9/15 0:00,4,2,2
9/9/15 1:00,0,0,0
9/9/15 2:00,2,0,2
9/9/15 3:00,5,4,1
9/9/15 4:00,4,0,4
9/9/15 5:00,25,2,23
9/9/15 6:00,72,9,63
9/9/15 7:00,160,15,145
9/9/15 8:00,160,21,139
9/9/15 9:00,57,8,49
9/9/15 10:00,39,10,29
9/9/15 11:00,26,11,15
9/9/15 12:00,35,18,17
9/9/15 13:00,37,24,13
9/9/15 14:00,33,17,16
9/9/15 15:00,60,46,14
9/9/15 16:00,109,77,32
9/9/15 17:00,185,160,25
9/9/15 18:00,141,115,26
9/9/15 19:00,55,43,12
9/9/15 20:00,26,21,5
9/9/15 21:00,18,16,2
9/9/15 22:00,17,13,4
9/9/15 23:00,5,4,1
9/10/15 0:00,4,2,2
9/10/15 1:00,1,0,1
9/10/15 2:00,3,2,1
9/10/15 3:00,1,0,1
9/10/15 4:00,3,0,3
9/10/15 5:00,19,2,17
9/10/15 6:00,74,9,65
9/10/15 7:00,152,14,138
9/10/15 8:00,155,19,136
9/10/15 9:00,76,12,64
9/10/15 10:00,36,12,24
9/10/15 11:00,27,8,19
9/10/15 12:00,31,18,13
9/10/15 13:00,28,9,19
9/10/15 14:00,36,20,16
9/10/15 15:00,53,40,13
9/10/15 16:00,105,82,23
9/10/15 17:00,207,170,37
9/10/15 18:00,123,109,14
9/10/15 19:00,48,42,6
9/10/15 20:00,30,19,11
9/10/15 21:00,22,16,6
9/10/15 22:00,13,8,5
9/10/15 23:00,9,6,3
9/11/15 0:00,4,2,2
9/11/15 1:00,0,0,0
9/11/15 2:00,3,1,2
9/11/15 3:00,0,0,0
9/11/15 4:00,6,0,6
9/11/15 5:00,22,5,17
9/11/15 6:00,58,10,48
9/11/15 7:00,130,19,111
9/11/15 8:00,140,14,126
9/11/15 9:00,40,6,34
9/11/15 10:00,38,10,28
9/11/15 11:00,21,11,10
9/11/15 12:00,27,14,13
9/11/15 13:00,35,17,18
9/11/15 14:00,48,24,24
9/11/15 15:00,69,50,19
9/11/15 16:00,106,80,26
9/11/15 17:00,151,133,18
9/11/15 18:00,67,57,10
9/11/15 19:00,58,47,11
9/11/15 20:00,22,16,6
9/11/15 21:00,15,10,5
9/11/15 22:00,9,7,2
9/11/15 23:00,5,5,0
9/12/15 0:00,9,3,6
9/12/15 1:00,1,1,0
9/12/15 2:00,2,1,1
9/12/15 3:00,2,0,2
9/12/15 4:00,2,1,1
9/12/15 5:00,10,2,8
9/12/15 6:00,7,4,3
9/12/15 7:00,21,5,16
9/12/15 8:00,30,13,17
9/12/15 9:00,46,18,28
9/12/15 10:00,66,35,31
9/12/15 11:00,56,24,32
9/12/15 12:00,75,39,36
9/12/15 13:00,77,41,36
9/12/15 14:00,70,34,36
9/12/15 15:00,86,50,36
9/12/15 16:00,72,44,28
9/12/15 17:00,71,33,38
9/12/15 18:00,32,15,17
9/12/15 19:00,30,22,8
9/12/15 20:00,22,12,10
9/12/15 21:00,13,9,4
9/12/15 22:00,9,4,5
9/12/15 23:00,15,9,6
9/13/15 0:00,8,4,4
9/13/15 1:00,7,6,1
9/13/15 2:00,2,2,0
9/13/15 3:00,0,0,0
9/13/15 4:00,3,2,1
9/13/15 5:00,3,1,2
9/13/15 6:00,1,0,1
9/13/15 7:00,5,0,5
9/13/15 8:00,17,6,11
9/13/15 9:00,30,12,18
9/13/15 10:00,34,17,17
9/13/15 11:00,17,9,8
9/13/15 12:00,21,4,17
9/13/15 13:00,19,10,9
9/13/15 14:00,35,11,24
9/13/15 15:00,31,18,13
9/13/15 16:00,31,20,11
9/13/15 17:00,30,18,12
9/13/15 18:00,15,7,8
9/13/15 19:00,16,13,3
9/13/15 20:00,4,3,1
9/13/15 21:00,4,3,1
9/13/15 22:00,3,1,2
9/13/15 23:00,5,2,3
9/14/15 0:00,3,2,1
9/14/15 1:00,0,0,0
9/14/15 2:00,1,0,1
9/14/15 3:00,2,2,0
9/14/15 4:00,7,1,6
9/14/15 5:00,18,2,16
9/14/15 6:00,62,8,54
9/14/15 7:00,139,9,130
9/14/15 8:00,149,12,137
9/14/15 9:00,45,6,39
9/14/15 10:00,26,9,17
9/14/15 11:00,17,5,12
9/14/15 12:00,22,10,12
9/14/15 13:00,23,12,11
9/14/15 14:00,25,11,14
9/14/15 15:00,40,28,12
9/14/15 16:00,95,75,20
9/14/15 17:00,172,150,22
9/14/15 18:00,95,82,13
9/14/15 19:00,42,34,8
9/14/15 20:00,16,12,4
9/14/15 21:00,9,7,2
9/14/15 22:00,5,3,2
9/14/15 23:00,4,2,2
9/15/15 0:00,3,2,1
9/15/15 1:00,0,0,0
9/15/15 2:00,3,1,2
9/15/15 3:00,2,1,1
9/15/15 4:00,4,0,4
9/15/15 5:00,24,3,21
9/15/15 6:00,61,8,53
9/15/15 7:00,144,11,133
9/15/15 8:00,140,18,122
9/15/15 9:00,54,5,49
9/15/15 10:00,23,9,14
9/15/15 11:00,18,12,6
9/15/15 12:00,23,14,9
9/15/15 13:00,23,8,15
9/15/15 14:00,22,15,7
9/15/15 15:00,36,27,9
9/15/15 16:00,97,79,18
9/15/15 17:00,167,145,22
9/15/15 18:00,112,97,15
9/15/15 19:00,34,27,7
9/15/15 20:00,9,7,2
9/15/15 21:00,12,8,4
9/15/15 22:00,10,8,2
9/15/15 23:00,5,5,0
9/16/15 0:00,2,0,2
9/16/15 1:00,0,0,0
9/16/15 2:00,2,0,2
9/16/15 3:00,2,1,1
9/16/15 4:00,6,0,6
9/16/15 5:00,24,1,23
9/16/15 6:00,57,9,48
9/16/15 7:00,128,12,116
9/16/15 8:00,145,10,135
9/16/15 9:00,49,8,41
9/16/15 10:00,23,5,18
9/16/15 11:00,31,13,18
9/16/15 12:00,21,9,12
9/16/15 13:00,30,15,15
9/16/15 14:00,43,26,17
9/16/15 15:00,42,28,14
9/16/15 16:00,100,75,25
9/16/15 17:00,169,152,17
9/16/15 18:00,107,90,17
9/16/15 19:00,37,28,9
9/16/15 20:00,39,28,11
9/16/15 21:00,16,13,3
9/16/15 22:00,8,5,3
9/16/15 23:00,0,0,0
9/17/15 0:00,3,2,1
9/17/15 1:00,1,1,0
9/17/15 2:00,1,0,1
9/17/15 3:00,0,0,0
9/17/15 4:00,5,0,5
9/17/15 5:00,10,2,8
9/17/15 6:00,47,6,41
9/17/15 7:00,110,13,97
9/17/15 8:00,95,5,90
9/17/15 9:00,45,4,41
9/17/15 10:00,15,1,14
9/17/15 11:00,6,4,2
9/17/15 12:00,15,10,5
9/17/15 13:00,10,7,3
9/17/15 14:00,19,8,11
9/17/15 15:00,21,13,8
9/17/15 16:00,43,36,7
9/17/15 17:00,100,90,10
9/17/15 18:00,68,63,5
9/17/15 19:00,62,58,4
9/17/15 20:00,16,13,3
9/17/15 21:00,11,9,2
9/17/15 22:00,5,3,2
9/17/15 23:00,22,3,19
9/18/15 0:00,9,1,8
9/18/15 1:00,7,2,5
9/18/15 2:00,9,1,8
9/18/15 3:00,0,0,0
9/18/15 4:00,4,1,3
9/18/15 5:00,13,2,11
9/18/15 6:00,44,8,36
9/18/15 7:00,109,20,89
9/18/15 8:00,115,17,98
9/18/15 9:00,40,6,34
9/18/15 10:00,20,7,13
9/18/15 11:00,11,5,6
9/18/15 12:00,20,8,12
9/18/15 13:00,28,12,16
9/18/15 14:00,30,20,10
9/18/15 15:00,49,33,16
9/18/15 16:00,82,64,18
9/18/15 17:00,119,110,9
9/18/15 18:00,81,71,10
9/18/15 19:00,32,27,5
9/18/15 20:00,9,4,5
9/18/15 21:00,14,11,3
9/18/15 22:00,2,1,1
9/18/15 23:00,2,1,1
9/19/15 0:00,8,7,1
9/19/15 1:00,0,0,0
9/19/15 2:00,3,1,2
9/19/15 3:00,1,1,0
9/19/15 4:00,1,1,0
9/19/15 5:00,8,1,7
9/19/15 6:00,16,2,14
9/19/15 7:00,18,5,13
9/19/15 8:00,27,11,16
9/19/15 9:00,34,14,20
9/19/15 10:00,35,15,20
9/19/15 11:00,61,31,30
9/19/15 12:00,60,32,28
9/19/15 13:00,50,26,24
9/19/15 14:00,49,27,22
9/19/15 15:00,41,19,22
9/19/15 16:00,48,29,19
9/19/15 17:00,37,25,12
9/19/15 18:00,30,19,11
9/19/15 19:00,12,9,3
9/19/15 20:00,7,5,2
9/19/15 21:00,4,3,1
9/19/15 22:00,1,1,0
9/19/15 23:00,2,2,0
9/20/15 0:00,5,4,1
9/20/15 1:00,1,1,0
9/20/15 2:00,0,0,0
9/20/15 3:00,3,2,1
9/20/15 4:00,2,0,2
9/20/15 5:00,4,1,3
9/20/15 6:00,0,0,0
9/20/15 7:00,9,3,6
9/20/15 8:00,19,11,8
9/20/15 9:00,31,16,15
9/20/15 10:00,32,13,19
9/20/15 11:00,47,22,25
9/20/15 12:00,30,15,15
9/20/15 13:00,36,14,22
9/20/15 14:00,30,15,15
9/20/15 15:00,29,18,11
9/20/15 16:00,31,13,18
9/20/15 17:00,27,20,7
9/20/15 18:00,18,10,8
9/20/15 19:00,10,8,2
9/20/15 20:00,3,1,2
9/20/15 21:00,2,1,1
9/20/15 22:00,0,0,0
9/20/15 23:00,5,3,2
9/21/15 0:00,2,2,0
9/21/15 1:00,0,0,0
9/21/15 2:00,0,0,0
9/21/15 3:00,1,1,0
9/21/15 4:00,4,1,3
9/21/15 5:00,25,3,22
9/21/15 6:00,59,7,52
9/21/15 7:00,170,20,150
9/21/15 8:00,157,21,136
9/21/15 9:00,45,6,39
9/21/15 10:00,28,6,22
9/21/15 11:00,21,8,13
9/21/15 12:00,34,16,18
9/21/15 13:00,27,12,15
9/21/15 14:00,34,23,11
9/21/15 15:00,54,38,16
9/21/15 16:00,117,96,21
9/21/15 17:00,173,153,20
9/21/15 18:00,145,124,21
9/21/15 19:00,42,33,9
9/21/15 20:00,21,13,8
9/21/15 21:00,11,8,3
9/21/15 22:00,9,6,3
9/21/15 23:00,6,6,0
9/22/15 0:00,1,1,0
9/22/15 1:00,1,1,0
9/22/15 2:00,1,0,1
9/22/15 3:00,4,2,2
9/22/15 4:00,2,0,2
9/22/15 5:00,36,4,32
9/22/15 6:00,95,12,83
9/22/15 7:00,191,25,166
9/22/15 8:00,183,14,169
9/22/15 9:00,51,4,47
9/22/15 10:00,36,12,24
9/22/15 11:00,23,7,16
9/22/15 12:00,35,24,11
9/22/15 13:00,37,19,18
9/22/15 14:00,43,20,23
9/22/15 15:00,54,39,15
9/22/15 16:00,142,120,22
9/22/15 17:00,209,181,28
9/22/15 18:00,154,136,18
9/22/15 19:00,56,44,12
9/22/15 20:00,24,18,6
9/22/15 21:00,8,7,1
9/22/15 22:00,12,11,1
9/22/15 23:00,2,1,1
9/23/15 0:00,1,1,0
9/23/15 1:00,0,0,0
9/23/15 2:00,1,0,1
9/23/15 3:00,3,2,1
9/23/15 4:00,3,1,2
9/23/15 5:00,30,3,27
9/23/15 6:00,78,9,69
9/23/15 7:00,178,24,154
9/23/15 8:00,176,15,161
9/23/15 9:00,65,5,60
9/23/15 10:00,35,9,26
9/23/15 11:00,27,13,14
9/23/15 12:00,41,15,26
9/23/15 13:00,39,19,20
9/23/15 14:00,37,21,16
9/23/15 15:00,69,51,18
9/23/15 16:00,130,109,21
9/23/15 17:00,220,184,36
9/23/15 18:00,136,111,25
9/23/15 19:00,68,56,12
9/23/15 20:00,29,18,11
9/23/15 21:00,30,25,5
9/23/15 22:00,18,11,7
9/23/15 23:00,6,3,3
9/24/15 0:00,5,3,2
9/24/15 1:00,0,0,0
9/24/15 2:00,3,1,2
9/24/15 3:00,3,3,0
9/24/15 4:00,6,1,5
9/24/15 5:00,37,7,30
9/24/15 6:00,87,7,80
9/24/15 7:00,157,16,141
9/24/15 8:00,132,7,125
9/24/15 9:00,62,8,54
9/24/15 10:00,27,4,23
9/24/15 11:00,24,10,14
9/24/15 12:00,20,9,11
9/24/15 13:00,34,14,20
9/24/15 14:00,39,19,20
9/24/15 15:00,57,42,15
9/24/15 16:00,123,99,24
9/24/15 17:00,177,157,20
9/24/15 18:00,112,98,14
9/24/15 19:00,73,60,13
9/24/15 20:00,24,15,9
9/24/15 21:00,17,8,9
9/24/15 22:00,8,8,0
9/24/15 23:00,7,5,2
9/25/15 0:00,6,4,2
9/25/15 1:00,2,2,0
9/25/15 2:00,2,1,1
9/25/15 3:00,1,1,0
9/25/15 4:00,3,0,3
9/25/15 5:00,20,1,19
9/25/15 6:00,50,12,38
9/25/15 7:00,80,12,68
9/25/15 8:00,81,10,71
9/25/15 9:00,32,5,27
9/25/15 10:00,18,2,16
9/25/15 11:00,7,3,4
9/25/15 12:00,6,1,5
9/25/15 13:00,18,13,5
9/25/15 14:00,15,9,6
9/25/15 15:00,34,28,6
9/25/15 16:00,63,51,12
9/25/15 17:00,102,88,14
9/25/15 18:00,46,42,4
9/25/15 19:00,13,12,1
9/25/15 20:00,14,14,0
9/25/15 21:00,7,3,4
9/25/15 22:00,4,2,2
9/25/15 23:00,2,2,0
9/26/15 0:00,2,1,1
9/26/15 1:00,2,2,0
9/26/15 2:00,2,0,2
9/26/15 3:00,2,0,2
9/26/15 4:00,0,0,0
9/26/15 5:00,7,0,7
9/26/15 6:00,7,0,7
9/26/15 7:00,14,1,13
9/26/15 8:00,19,10,9
9/26/15 9:00,37,17,20
9/26/15 10:00,26,14,12
9/26/15 11:00,42,16,26
9/26/15 12:00,55,19,36
9/26/15 13:00,61,41,20
9/26/15 14:00,26,14,12
9/26/15 15:00,42,19,23
9/26/15 16:00,44,25,19
9/26/15 17:00,34,18,16
9/26/15 18:00,18,12,6
9/26/15 19:00,25,14,11
9/26/15 20:00,15,9,6
9/26/15 21:00,4,2,2
9/26/15 22:00,12,8,4
9/26/15 23:00,6,4,2
9/27/15 0:00,2,1,1
9/27/15 1:00,1,1,0
9/27/15 2:00,1,1,0
9/27/15 3:00,1,0,1
9/27/15 4:00,3,1,2
9/27/15 5:00,4,1,3
9/27/15 6:00,1,0,1
9/27/15 7:00,10,2,8
9/27/15 8:00,21,8,13
9/27/15 9:00,29,10,19
9/27/15 10:00,47,18,29
9/27/15 11:00,69,36,33
9/27/15 12:00,64,30,34
9/27/15 13:00,51,24,27
9/27/15 14:00,54,25,29
9/27/15 15:00,44,29,15
9/27/15 16:00,42,22,20
9/27/15 17:00,24,17,7
9/27/15 18:00,17,8,9
9/27/15 19:00,8,8,0
9/27/15 20:00,5,4,1
9/27/15 21:00,6,2,4
9/27/15 22:00,2,2,0
9/27/15 23:00,3,1,2
9/28/15 0:00,3,1,2
9/28/15 1:00,1,0,1
9/28/15 2:00,2,1,1
9/28/15 3:00,2,1,1
9/28/15 4:00,4,1,3
9/28/15 5:00,30,2,28
9/28/15 6:00,74,10,64
9/28/15 7:00,142,11,131
9/28/15 8:00,153,12,141
9/28/15 9:00,47,6,41
9/28/15 10:00,28,5,23
9/28/15 11:00,18,9,9
9/28/15 12:00,33,14,19
9/28/15 13:00,28,14,14
9/28/15 14:00,28,17,11
9/28/15 15:00,49,32,17
9/28/15 16:00,116,86,30
9/28/15 17:00,164,143,21
9/28/15 18:00,134,121,13
9/28/15 19:00,52,34,18
9/28/15 20:00,16,12,4
9/28/15 21:00,8,7,1
9/28/15 22:00,5,2,3
9/28/15 23:00,5,1,4
9/29/15 0:00,2,1,1
9/29/15 1:00,3,3,0
9/29/15 2:00,1,0,1
9/29/15 3:00,3,1,2
9/29/15 4:00,3,0,3
9/29/15 5:00,24,1,23
9/29/15 6:00,81,13,68
9/29/15 7:00,165,15,150
9/29/15 8:00,176,16,160
9/29/15 9:00,78,16,62
9/29/15 10:00,40,10,30
9/29/15 11:00,20,7,13
9/29/15 12:00,29,11,18
9/29/15 13:00,38,14,24
9/29/15 14:00,30,19,11
9/29/15 15:00,53,42,11
9/29/15 16:00,134,98,36
9/29/15 17:00,220,193,27
9/29/15 18:00,135,118,17
9/29/15 19:00,47,36,11
9/29/15 20:00,22,18,4
9/29/15 21:00,13,12,1
9/29/15 22:00,6,5,1
9/29/15 23:00,5,3,2
9/30/15 0:00,4,1,3
9/30/15 1:00,2,2,0
9/30/15 2:00,1,0,1
9/30/15 3:00,4,2,2
9/30/15 4:00,5,0,5
9/30/15 5:00,40,2,38
9/30/15 6:00,62,9,53
9/30/15 7:00,161,17,144
9/30/15 8:00,162,11,151
9/30/15 9:00,55,5,50
9/30/15 10:00,32,9,23
9/30/15 11:00,16,9,7
9/30/15 12:00,19,5,14
9/30/15 13:00,14,8,6
9/30/15 14:00,34,21,13
9/30/15 15:00,50,32,18
9/30/15 16:00,130,107,23
9/30/15 17:00,199,177,22
9/30/15 18:00,119,95,24
9/30/15 19:00,57,49,8
9/30/15 20:00,37,23,14
9/30/15 21:00,11,8,3
9/30/15 22:00,10,7,3
9/30/15 23:00,4,2,2
10/1/15 0:00,3,1,2
10/1/15 1:00,1,0,1
10/1/15 2:00,2,1,1
10/1/15 3:00,3,2,1
10/1/15 4:00,4,0,4
10/1/15 5:00,31,4,27
10/1/15 6:00,96,15,81
10/1/15 7:00,135,15,120
10/1/15 8:00,147,15,132
10/1/15 9:00,61,9,52
10/1/15 10:00,27,12,15
10/1/15 11:00,23,9,14
10/1/15 12:00,30,15,15
10/1/15 13:00,28,9,19
10/1/15 14:00,41,23,18
10/1/15 15:00,55,43,12
10/1/15 16:00,112,85,27
10/1/15 17:00,188,161,27
10/1/15 18:00,94,79,15
10/1/15 19:00,37,31,6
10/1/15 20:00,24,18,6
10/1/15 21:00,9,7,2
10/1/15 22:00,11,4,7
10/1/15 23:00,7,4,3
10/2/15 0:00,3,2,1
10/2/15 1:00,2,0,2
10/2/15 2:00,1,0,1
10/2/15 3:00,5,3,2
10/2/15 4:00,4,0,4
10/2/15 5:00,24,3,21
10/2/15 6:00,59,10,49
10/2/15 7:00,105,12,93
10/2/15 8:00,106,9,97
10/2/15 9:00,37,2,35
10/2/15 10:00,19,7,12
10/2/15 11:00,11,4,7
10/2/15 12:00,17,9,8
10/2/15 13:00,19,6,13
10/2/15 14:00,22,16,6
10/2/15 15:00,44,32,12
10/2/15 16:00,80,66,14
10/2/15 17:00,124,113,11
10/2/15 18:00,65,58,7
10/2/15 19:00,20,16,4
10/2/15 20:00,8,6,2
10/2/15 21:00,8,8,0
10/2/15 22:00,5,4,1
10/2/15 23:00,3,2,1
10/3/15 0:00,3,1,2
10/3/15 1:00,3,2,1
10/3/15 2:00,2,2,0
10/3/15 3:00,2,1,1
10/3/15 4:00,1,1,0
10/3/15 5:00,3,0,3
10/3/15 6:00,3,1,2
10/3/15 7:00,9,1,8
10/3/15 8:00,24,11,13
10/3/15 9:00,26,10,16
10/3/15 10:00,44,13,31
10/3/15 11:00,28,12,16
10/3/15 12:00,56,31,25
10/3/15 13:00,47,24,23
10/3/15 14:00,38,24,14
10/3/15 15:00,67,39,28
10/3/15 16:00,53,26,27
10/3/15 17:00,31,19,12
10/3/15 18:00,21,10,11
10/3/15 19:00,9,5,4
10/3/15 20:00,11,6,5
10/3/15 21:00,2,2,0
10/3/15 22:00,1,1,0
10/3/15 23:00,8,3,5
10/4/15 0:00,2,0,2
10/4/15 1:00,4,4,0
10/4/15 2:00,0,0,0
10/4/15 3:00,3,2,1
10/4/15 4:00,3,2,1
10/4/15 5:00,5,1,4
10/4/15 6:00,4,2,2
10/4/15 7:00,8,3,5
10/4/15 8:00,31,5,26
10/4/15 9:00,25,8,17
10/4/15 10:00,37,17,20
10/4/15 11:00,69,40,29
10/4/15 12:00,65,35,30
10/4/15 13:00,59,30,29
10/4/15 14:00,74,33,41
10/4/15 15:00,81,40,41
10/4/15 16:00,63,33,30
10/4/15 17:00,43,24,19
10/4/15 18:00,25,12,13
10/4/15 19:00,15,7,8
10/4/15 20:00,10,9,1
10/4/15 21:00,6,5,1
10/4/15 22:00,4,3,1
10/4/15 23:00,3,2,1
10/5/15 0:00,2,1,1
10/5/15 1:00,2,1,1
10/5/15 2:00,1,0,1
10/5/15 3:00,1,1,0
10/5/15 4:00,10,2,8
10/5/15 5:00,28,2,26
10/5/15 6:00,75,11,64
10/5/15 7:00,162,19,143
10/5/15 8:00,171,14,157
10/5/15 9:00,61,7,54
10/5/15 10:00,20,2,18
10/5/15 11:00,24,7,17
10/5/15 12:00,20,9,11
10/5/15 13:00,28,14,14
10/5/15 14:00,36,20,16
10/5/15 15:00,62,44,18
10/5/15 16:00,157,127,30
10/5/15 17:00,183,164,19
10/5/15 18:00,102,89,13
10/5/15 19:00,30,23,7
10/5/15 20:00,21,16,5
10/5/15 21:00,15,14,1
10/5/15 22:00,7,5,2
10/5/15 23:00,3,2,1
10/6/15 0:00,1,1,0
10/6/15 1:00,2,2,0
10/6/15 2:00,2,1,1
10/6/15 3:00,2,1,1
10/6/15 4:00,5,2,3
10/6/15 5:00,34,4,30
10/6/15 6:00,82,19,63
10/6/15 7:00,151,13,138
10/6/15 8:00,170,11,159
10/6/15 9:00,55,11,44
10/6/15 10:00,20,6,14
10/6/15 11:00,13,2,11
10/6/15 12:00,15,11,4
10/6/15 13:00,25,13,12
10/6/15 14:00,32,18,14
10/6/15 15:00,35,25,10
10/6/15 16:00,104,84,20
10/6/15 17:00,187,158,29
10/6/15 18:00,132,117,15
10/6/15 19:00,44,41,3
10/6/15 20:00,20,14,6
10/6/15 21:00,10,10,0
10/6/15 22:00,7,5,2
10/6/15 23:00,1,1,0
10/7/15 0:00,2,1,1
10/7/15 1:00,1,1,0
10/7/15 2:00,2,1,1
10/7/15 3:00,1,1,0
10/7/15 4:00,2,0,2
10/7/15 5:00,21,4,17
10/7/15 6:00,47,6,41
10/7/15 7:00,94,14,80
10/7/15 8:00,99,3,96
10/7/15 9:00,24,2,22
10/7/15 10:00,10,2,8
10/7/15 11:00,14,2,12
10/7/15 12:00,6,4,2
10/7/15 13:00,8,5,3
10/7/15 14:00,12,8,4
10/7/15 15:00,25,19,6
10/7/15 16:00,69,50,19
10/7/15 17:00,105,93,12
10/7/15 18:00,71,67,4
10/7/15 19:00,30,30,0
10/7/15 20:00,12,8,4
10/7/15 21:00,12,8,4
10/7/15 22:00,5,4,1
10/7/15 23:00,1,1,0
10/8/15 0:00,1,0,1
10/8/15 1:00,2,1,1
10/8/15 2:00,1,1,0
10/8/15 3:00,0,0,0
10/8/15 4:00,6,0,6
10/8/15 5:00,33,8,25
10/8/15 6:00,80,16,64
10/8/15 7:00,127,24,103
10/8/15 8:00,139,22,117
10/8/15 9:00,59,11,48
10/8/15 10:00,30,14,16
10/8/15 11:00,15,6,9
10/8/15 12:00,30,14,16
10/8/15 13:00,22,6,16
10/8/15 14:00,27,12,15
10/8/15 15:00,44,33,11
10/8/15 16:00,103,89,14
10/8/15 17:00,162,136,26
10/8/15 18:00,82,74,8
10/8/15 19:00,38,34,4
10/8/15 20:00,68,64,4
10/8/15 21:00,9,4,5
10/8/15 22:00,13,11,2
10/8/15 23:00,7,2,5
10/9/15 0:00,2,0,2
10/9/15 1:00,1,1,0
10/9/15 2:00,2,1,1
10/9/15 3:00,5,2,3
10/9/15 4:00,4,0,4
10/9/15 5:00,23,3,20
10/9/15 6:00,45,10,35
10/9/15 7:00,113,15,98
10/9/15 8:00,100,6,94
10/9/15 9:00,40,7,33
10/9/15 10:00,24,9,15
10/9/15 11:00,13,8,5
10/9/15 12:00,10,3,7
10/9/15 13:00,17,9,8
10/9/15 14:00,28,15,13
10/9/15 15:00,50,31,19
10/9/15 16:00,83,73,10
10/9/15 17:00,106,91,15
10/9/15 18:00,65,59,6
10/9/15 19:00,31,27,4
10/9/15 20:00,7,5,2
10/9/15 21:00,16,11,5
10/9/15 22:00,4,2,2
10/9/15 23:00,3,2,1
10/10/15 0:00,2,1,1
10/10/15 1:00,3,2,1
10/10/15 2:00,1,1,0
10/10/15 3:00,2,1,1
10/10/15 4:00,0,0,0
10/10/15 5:00,3,1,2
10/10/15 6:00,4,0,4
10/10/15 7:00,3,1,2
10/10/15 8:00,13,6,7
10/10/15 9:00,13,4,9
10/10/15 10:00,4,3,1
10/10/15 11:00,3,3,0
10/10/15 12:00,13,9,4
10/10/15 13:00,7,1,6
10/10/15 14:00,4,3,1
10/10/15 15:00,2,1,1
10/10/15 16:00,5,5,0
10/10/15 17:00,7,5,2
10/10/15 18:00,10,6,4
10/10/15 19:00,4,2,2
10/10/15 20:00,0,0,0
10/10/15 21:00,3,1,2
10/10/15 22:00,4,2,2
10/10/15 23:00,4,1,3
10/11/15 0:00,3,2,1
10/11/15 1:00,0,0,0
10/11/15 2:00,2,0,2
10/11/15 3:00,2,1,1
10/11/15 4:00,1,1,0
10/11/15 5:00,3,0,3
10/11/15 6:00,5,2,3
10/11/15 7:00,6,4,2
10/11/15 8:00,18,3,15
10/11/15 9:00,29,11,18
10/11/15 10:00,30,20,10
10/11/15 11:00,44,16,28
10/11/15 12:00,53,21,32
10/11/15 13:00,47,24,23
10/11/15 14:00,60,28,32
10/11/15 15:00,58,34,24
10/11/15 16:00,39,21,18
10/11/15 17:00,31,15,16
10/11/15 18:00,24,17,7
10/11/15 19:00,10,7,3
10/11/15 20:00,11,4,7
10/11/15 21:00,2,1,1
10/11/15 22:00,4,3,1
10/11/15 23:00,3,0,3
10/12/15 0:00,0,0,0
10/12/15 1:00,0,0,0
10/12/15 2:00,2,1,1
10/12/15 3:00,2,1,1
10/12/15 4:00,6,0,6
10/12/15 5:00,17,3,14
10/12/15 6:00,59,9,50
10/12/15 7:00,126,10,116
10/12/15 8:00,158,13,145
10/12/15 9:00,55,8,47
10/12/15 10:00,27,6,21
10/12/15 11:00,11,3,8
10/12/15 12:00,14,9,5
10/12/15 13:00,24,11,13
10/12/15 14:00,23,13,10
10/12/15 15:00,42,31,11
10/12/15 16:00,93,73,20
10/12/15 17:00,149,132,17
10/12/15 18:00,90,79,11
10/12/15 19:00,31,28,3
10/12/15 20:00,18,13,5
10/12/15 21:00,6,6,0
10/12/15 22:00,1,1,0
10/12/15 23:00,1,1,0
10/13/15 0:00,0,0,0
10/13/15 1:00,0,0,0
10/13/15 2:00,1,0,1
10/13/15 3:00,5,2,3
10/13/15 4:00,4,3,1
10/13/15 5:00,26,2,24
10/13/15 6:00,61,10,51
10/13/15 7:00,115,15,100
10/13/15 8:00,131,14,117
10/13/15 9:00,54,8,46
10/13/15 10:00,15,3,12
10/13/15 11:00,12,2,10
10/13/15 12:00,21,11,10
10/13/15 13:00,23,9,14
10/13/15 14:00,24,16,8
10/13/15 15:00,43,29,14
10/13/15 16:00,73,60,13
10/13/15 17:00,172,141,31
10/13/15 18:00,107,95,12
10/13/15 19:00,35,32,3
10/13/15 20:00,14,10,4
10/13/15 21:00,11,9,2
10/13/15 22:00,6,4,2
10/13/15 23:00,3,2,1
10/14/15 0:00,1,0,1
10/14/15 1:00,0,0,0
10/14/15 2:00,1,0,1
10/14/15 3:00,1,1,0
10/14/15 4:00,5,1,4
10/14/15 5:00,34,3,31
10/14/15 6:00,79,11,68
10/14/15 7:00,140,10,130
10/14/15 8:00,138,10,128
10/14/15 9:00,54,4,50
10/14/15 10:00,41,6,35
10/14/15 11:00,12,6,6
10/14/15 12:00,16,7,9
10/14/15 13:00,21,10,11
10/14/15 14:00,28,18,10
10/14/15 15:00,37,25,12
10/14/15 16:00,130,101,29
10/14/15 17:00,165,146,19
10/14/15 18:00,119,101,18
10/14/15 19:00,53,39,14
10/14/15 20:00,31,21,10
10/14/15 21:00,10,7,3
10/14/15 22:00,7,4,3
10/14/15 23:00,2,1,1
10/15/15 0:00,2,1,1
10/15/15 1:00,0,0,0
10/15/15 2:00,0,0,0
10/15/15 3:00,0,0,0
10/15/15 4:00,6,1,5
10/15/15 5:00,26,3,23
10/15/15 6:00,64,9,55
10/15/15 7:00,131,10,121
10/15/15 8:00,122,4,118
10/15/15 9:00,45,3,42
10/15/15 10:00,24,5,19
10/15/15 11:00,25,10,15
10/15/15 12:00,21,14,7
10/15/15 13:00,36,15,21
10/15/15 14:00,32,22,10
10/15/15 15:00,43,31,12
10/15/15 16:00,88,73,15
10/15/15 17:00,145,133,12
10/15/15 18:00,92,78,14
10/15/15 19:00,33,23,10
10/15/15 20:00,22,20,2
10/15/15 21:00,13,8,5
10/15/15 22:00,6,5,1
10/15/15 23:00,3,2,1
10/16/15 0:00,4,3,1
10/16/15 1:00,3,1,2
10/16/15 2:00,6,5,1
10/16/15 3:00,0,0,0
10/16/15 4:00,11,1,10
10/16/15 5:00,23,7,16
10/16/15 6:00,59,7,52
10/16/15 7:00,100,10,90
10/16/15 8:00,139,9,130
10/16/15 9:00,54,11,43
10/16/15 10:00,22,7,15
10/16/15 11:00,23,14,9
10/16/15 12:00,19,11,8
10/16/15 13:00,39,16,23
10/16/15 14:00,32,17,15
10/16/15 15:00,54,36,18
10/16/15 16:00,98,82,16
10/16/15 17:00,158,125,33
10/16/15 18:00,91,75,16
10/16/15 19:00,21,14,7
10/16/15 20:00,15,10,5
10/16/15 21:00,4,2,2
10/16/15 22:00,3,2,1
10/16/15 23:00,4,4,0
10/17/15 0:00,2,1,1
10/17/15 1:00,0,0,0
10/17/15 2:00,2,1,1
10/17/15 3:00,2,1,1
10/17/15 4:00,4,1,3
10/17/15 5:00,8,4,4
10/17/15 6:00,5,1,4
10/17/15 7:00,8,1,7
10/17/15 8:00,21,7,14
10/17/15 9:00,35,20,15
10/17/15 10:00,37,26,11
10/17/15 11:00,35,14,21
10/17/15 12:00,32,17,15
10/17/15 13:00,30,13,17
10/17/15 14:00,40,18,22
10/17/15 15:00,42,29,13
10/17/15 16:00,33,17,16
10/17/15 17:00,22,13,9
10/17/15 18:00,11,7,4
10/17/15 19:00,2,2,0
10/17/15 20:00,6,2,4
10/17/15 21:00,2,0,2
10/17/15 22:00,2,2,0
10/17/15 23:00,6,6,0
10/18/15 0:00,3,2,1
10/18/15 1:00,0,0,0
10/18/15 2:00,3,2,1
10/18/15 3:00,3,2,1
10/18/15 4:00,3,1,2
10/18/15 5:00,7,0,7
10/18/15 6:00,1,0,1
10/18/15 7:00,4,1,3
10/18/15 8:00,8,4,4
10/18/15 9:00,19,3,16
10/18/15 10:00,20,14,6
10/18/15 11:00,13,5,8
10/18/15 12:00,14,7,7
10/18/15 13:00,20,9,11
10/18/15 14:00,17,6,11
10/18/15 15:00,9,6,3
10/18/15 16:00,11,9,2
10/18/15 17:00,9,6,3
10/18/15 18:00,6,4,2
10/18/15 19:00,6,6,0
10/18/15 20:00,3,3,0
10/18/15 21:00,1,1,0
10/18/15 22:00,2,0,2
10/18/15 23:00,2,1,1
10/19/15 0:00,1,0,1
10/19/15 1:00,1,1,0
10/19/15 2:00,0,0,0
10/19/15 3:00,3,2,1
10/19/15 4:00,6,0,6
10/19/15 5:00,19,1,18
10/19/15 6:00,64,14,50
10/19/15 7:00,116,17,99
10/19/15 8:00,116,14,102
10/19/15 9:00,31,8,23
10/19/15 10:00,20,8,12
10/19/15 11:00,11,4,7
10/19/15 12:00,16,11,5
10/19/15 13:00,13,6,7
10/19/15 14:00,20,13,7
10/19/15 15:00,33,25,8
10/19/15 16:00,88,75,13
10/19/15 17:00,147,126,21
10/19/15 18:00,75,66,9
10/19/15 19:00,25,24,1
10/19/15 20:00,10,9,1
10/19/15 21:00,9,7,2
10/19/15 22:00,8,3,5
10/19/15 23:00,3,3,0
10/20/15 0:00,3,2,1
10/20/15 1:00,3,1,2
10/20/15 2:00,1,0,1
10/20/15 3:00,2,1,1
10/20/15 4:00,4,2,2
10/20/15 5:00,31,7,24
10/20/15 6:00,70,15,55
10/20/15 7:00,139,24,115
10/20/15 8:00,142,7,135
10/20/15 9:00,54,10,44
10/20/15 10:00,19,6,13
10/20/15 11:00,17,5,12
10/20/15 12:00,28,13,15
10/20/15 13:00,24,13,11
10/20/15 14:00,35,15,20
10/20/15 15:00,34,25,9
10/20/15 16:00,116,94,22
10/20/15 17:00,185,165,20
10/20/15 18:00,93,84,9
10/20/15 19:00,39,29,10
10/20/15 20:00,16,10,6
10/20/15 21:00,12,11,1
10/20/15 22:00,4,4,0
10/20/15 23:00,3,2,1
10/21/15 0:00,6,3,3
10/21/15 1:00,3,2,1
10/21/15 2:00,1,1,0
10/21/15 3:00,2,1,1
10/21/15 4:00,5,1,4
10/21/15 5:00,28,3,25
10/21/15 6:00,69,10,59
10/21/15 7:00,141,16,125
10/21/15 8:00,124,6,118
10/21/15 9:00,48,5,43
10/21/15 10:00,22,4,18
10/21/15 11:00,12,7,5
10/21/15 12:00,22,10,12
10/21/15 13:00,20,8,12
10/21/15 14:00,39,18,21
10/21/15 15:00,31,27,4
10/21/15 16:00,94,74,20
10/21/15 17:00,170,149,21
10/21/15 18:00,102,83,19
10/21/15 19:00,32,25,7
10/21/15 20:00,15,13,2
10/21/15 21:00,17,13,4
10/21/15 22:00,7,6,1
10/21/15 23:00,2,2,0
10/22/15 0:00,4,3,1
10/22/15 1:00,0,0,0
10/22/15 2:00,0,0,0
10/22/15 3:00,2,0,2
10/22/15 4:00,5,0,5
10/22/15 5:00,22,5,17
10/22/15 6:00,74,8,66
10/22/15 7:00,110,12,98
10/22/15 8:00,146,12,134
10/22/15 9:00,61,12,49
10/22/15 10:00,19,5,14
10/22/15 11:00,19,8,11
10/22/15 12:00,28,15,13
10/22/15 13:00,26,7,19
10/22/15 14:00,35,20,15
10/22/15 15:00,48,29,19
10/22/15 16:00,98,78,20
10/22/15 17:00,164,145,19
10/22/15 18:00,81,71,10
10/22/15 19:00,35,26,9
10/22/15 20:00,16,11,5
10/22/15 21:00,11,8,3
10/22/15 22:00,4,4,0
10/22/15 23:00,5,4,1
10/23/15 0:00,4,2,2
10/23/15 1:00,0,0,0
10/23/15 2:00,4,3,1
10/23/15 3:00,2,0,2
10/23/15 4:00,5,0,5
10/23/15 5:00,22,1,21
10/23/15 6:00,61,7,54
10/23/15 7:00,103,13,90
10/23/15 8:00,115,9,106
10/23/15 9:00,50,10,40
10/23/15 10:00,14,1,13
10/23/15 11:00,16,9,7
10/23/15 12:00,30,14,16
10/23/15 13:00,23,10,13
10/23/15 14:00,26,17,9
10/23/15 15:00,41,30,11
10/23/15 16:00,81,65,16
10/23/15 17:00,135,111,24
10/23/15 18:00,70,62,8
10/23/15 19:00,19,13,6
10/23/15 20:00,15,10,5
10/23/15 21:00,6,5,1
10/23/15 22:00,9,8,1
10/23/15 23:00,6,5,1
10/24/15 0:00,4,3,1
10/24/15 1:00,1,1,0
10/24/15 2:00,1,0,1
10/24/15 3:00,1,0,1
10/24/15 4:00,0,0,0
10/24/15 5:00,9,3,6
10/24/15 6:00,7,0,7
10/24/15 7:00,7,2,5
10/24/15 8:00,14,7,7
10/24/15 9:00,29,14,15
10/24/15 10:00,24,10,14
10/24/15 11:00,39,25,14
10/24/15 12:00,33,9,24
10/24/15 13:00,34,11,23
10/24/15 14:00,30,11,19
10/24/15 15:00,38,24,14
10/24/15 16:00,29,17,12
10/24/15 17:00,24,12,12
10/24/15 18:00,7,6,1
10/24/15 19:00,7,3,4
10/24/15 20:00,9,5,4
10/24/15 21:00,6,5,1
10/24/15 22:00,5,3,2
10/24/15 23:00,3,2,1
10/25/15 0:00,4,1,3
10/25/15 1:00,0,0,0
10/25/15 2:00,3,2,1
10/25/15 3:00,2,2,0
10/25/15 4:00,0,0,0
10/25/15 5:00,5,0,5
10/25/15 6:00,4,1,3
10/25/15 7:00,8,3,5
10/25/15 8:00,13,5,8
10/25/15 9:00,22,10,12
10/25/15 10:00,29,15,14
10/25/15 11:00,23,11,12
10/25/15 12:00,41,16,25
10/25/15 13:00,30,13,17
10/25/15 14:00,45,27,18
10/25/15 15:00,28,14,14
10/25/15 16:00,19,10,9
10/25/15 17:00,8,3,5
10/25/15 18:00,9,6,3
10/25/15 19:00,4,3,1
10/25/15 20:00,0,0,0
10/25/15 21:00,0,0,0
10/25/15 22:00,4,4,0
10/25/15 23:00,0,0,0
10/26/15 0:00,1,1,0
10/26/15 1:00,0,0,0
10/26/15 2:00,2,0,2
10/26/15 3:00,2,1,1
10/26/15 4:00,4,1,3
10/26/15 5:00,18,1,17
10/26/15 6:00,41,7,34
10/26/15 7:00,85,10,75
10/26/15 8:00,94,9,85
10/26/15 9:00,37,2,35
10/26/15 10:00,16,3,13
10/26/15 11:00,2,1,1
10/26/15 12:00,7,6,1
10/26/15 13:00,6,3,3
10/26/15 14:00,25,17,8
10/26/15 15:00,26,24,2
10/26/15 16:00,55,44,11
10/26/15 17:00,116,106,10
10/26/15 18:00,63,60,3
10/26/15 19:00,24,20,4
10/26/15 20:00,14,10,4
10/26/15 21:00,11,9,2
10/26/15 22:00,5,3,2
10/26/15 23:00,1,1,0
10/27/15 0:00,1,0,1
10/27/15 1:00,2,2,0
10/27/15 2:00,1,0,1
10/27/15 3:00,3,1,2
10/27/15 4:00,5,0,5
10/27/15 5:00,24,5,19
10/27/15 6:00,75,18,57
10/27/15 7:00,135,13,122
10/27/15 8:00,143,9,134
10/27/15 9:00,53,5,48
10/27/15 10:00,24,5,19
10/27/15 11:00,21,9,12
10/27/15 12:00,28,19,9
10/27/15 13:00,32,12,20
10/27/15 14:00,26,17,9
10/27/15 15:00,41,29,12
10/27/15 16:00,92,66,26
10/27/15 17:00,168,146,22
10/27/15 18:00,97,83,14
10/27/15 19:00,38,34,4
10/27/15 20:00,11,6,5
10/27/15 21:00,12,12,0
10/27/15 22:00,11,9,2
10/27/15 23:00,4,3,1
10/28/15 0:00,2,1,1
10/28/15 1:00,0,0,0
10/28/15 2:00,1,0,1
10/28/15 3:00,1,0,1
10/28/15 4:00,4,1,3
10/28/15 5:00,18,3,15
10/28/15 6:00,57,11,46
10/28/15 7:00,99,10,89
10/28/15 8:00,109,5,104
10/28/15 9:00,37,5,32
10/28/15 10:00,10,1,9
10/28/15 11:00,8,2,6
10/28/15 12:00,11,7,4
10/28/15 13:00,9,5,4
10/28/15 14:00,16,11,5
10/28/15 15:00,30,25,5
10/28/15 16:00,58,49,9
10/28/15 17:00,121,110,11
10/28/15 18:00,64,55,9
10/28/15 19:00,28,23,5
10/28/15 20:00,13,9,4
10/28/15 21:00,14,11,3
10/28/15 22:00,8,7,1
10/28/15 23:00,5,3,2
10/29/15 0:00,4,1,3
10/29/15 1:00,4,1,3
10/29/15 2:00,0,0,0
10/29/15 3:00,1,1,0
10/29/15 4:00,4,0,4
10/29/15 5:00,16,3,13
10/29/15 6:00,62,12,50
10/29/15 7:00,105,16,89
10/29/15 8:00,125,12,113
10/29/15 9:00,33,7,26
10/29/15 10:00,21,3,18
10/29/15 11:00,16,6,10
10/29/15 12:00,11,6,5
10/29/15 13:00,18,6,12
10/29/15 14:00,17,15,2
10/29/15 15:00,45,31,14
10/29/15 16:00,68,57,11
10/29/15 17:00,122,107,15
10/29/15 18:00,73,67,6
10/29/15 19:00,25,20,5
10/29/15 20:00,18,16,2
10/29/15 21:00,8,6,2
10/29/15 22:00,9,8,1
10/29/15 23:00,5,3,2
10/30/15 0:00,2,1,1
10/30/15 1:00,2,2,0
10/30/15 2:00,0,0,0
10/30/15 3:00,6,3,3
10/30/15 4:00,3,0,3
10/30/15 5:00,11,1,10
10/30/15 6:00,27,7,20
10/30/15 7:00,62,10,52
10/30/15 8:00,61,9,52
10/30/15 9:00,33,0,33
10/30/15 10:00,9,1,8
10/30/15 11:00,10,4,6
10/30/15 12:00,14,7,7
10/30/15 13:00,12,7,5
10/30/15 14:00,15,13,2
10/30/15 15:00,21,11,10
10/30/15 16:00,55,43,12
10/30/15 17:00,73,62,11
10/30/15 18:00,39,33,6
10/30/15 19:00,18,15,3
10/30/15 20:00,6,5,1
10/30/15 21:00,5,4,1
10/30/15 22:00,2,1,1
10/30/15 23:00,4,4,0
10/31/15 0:00,1,1,0
10/31/15 1:00,2,2,0
10/31/15 2:00,0,0,0
10/31/15 3:00,1,1,0
10/31/15 4:00,0,0,0
10/31/15 5:00,3,0,3
10/31/15 6:00,2,0,2
10/31/15 7:00,2,0,2
10/31/15 8:00,6,1,5
10/31/15 9:00,10,4,6
10/31/15 10:00,4,1,3
10/31/15 11:00,8,4,4
10/31/15 12:00,5,3,2
10/31/15 13:00,4,2,2
10/31/15 14:00,11,8,3
10/31/15 15:00,16,10,6
10/31/15 16:00,6,4,2
10/31/15 17:00,5,1,4
10/31/15 18:00,8,4,4
10/31/15 19:00,6,5,1
10/31/15 20:00,6,5,1
10/31/15 21:00,0,0,0
10/31/15 22:00,0,0,0
10/31/15 23:00,2,1,1
11/1/15 0:00,15,13,2
11/1/15 1:00,5,3,2
11/1/15 2:00,6,0,6
11/1/15 3:00,0,0,0
11/1/15 4:00,0,0,0
11/1/15 5:00,2,0,2
11/1/15 6:00,2,1,1
11/1/15 7:00,8,4,4
11/1/15 8:00,17,4,13
11/1/15 9:00,13,4,9
11/1/15 10:00,11,6,5
11/1/15 11:00,25,16,9
11/1/15 12:00,6,6,0
11/1/15 13:00,7,3,4
11/1/15 14:00,10,2,8
11/1/15 15:00,4,2,2
11/1/15 16:00,7,3,4
11/1/15 17:00,15,7,8
11/1/15 18:00,4,3,1
11/1/15 19:00,4,3,1
11/1/15 20:00,5,4,1
11/1/15 21:00,1,1,0
11/1/15 22:00,1,1,0
11/1/15 23:00,2,1,1
11/2/15 0:00,0,0,0
11/2/15 1:00,1,1,0
11/2/15 2:00,1,0,1
11/2/15 3:00,2,2,0
11/2/15 4:00,2,2,0
11/2/15 5:00,20,1,19
11/2/15 6:00,75,10,65
11/2/15 7:00,127,15,112
11/2/15 8:00,127,12,115
11/2/15 9:00,37,2,35
11/2/15 10:00,11,3,8
11/2/15 11:00,11,3,8
11/2/15 12:00,15,5,10
11/2/15 13:00,17,10,7
11/2/15 14:00,21,13,8
11/2/15 15:00,40,33,7
11/2/15 16:00,82,68,14
11/2/15 17:00,153,139,14
11/2/15 18:00,73,66,7
11/2/15 19:00,24,21,3
11/2/15 20:00,15,10,5
11/2/15 21:00,5,4,1
11/2/15 22:00,2,0,2
11/2/15 23:00,2,2,0
11/3/15 0:00,1,0,1
11/3/15 1:00,0,0,0
11/3/15 2:00,0,0,0
11/3/15 3:00,3,1,2
11/3/15 4:00,4,0,4
11/3/15 5:00,21,1,20
11/3/15 6:00,69,7,62
11/3/15 7:00,131,15,116
11/3/15 8:00,141,11,130
11/3/15 9:00,44,6,38
11/3/15 10:00,13,5,8
11/3/15 11:00,9,4,5
11/3/15 12:00,15,9,6
11/3/15 13:00,17,6,11
11/3/15 14:00,30,19,11
11/3/15 15:00,29,21,8
11/3/15 16:00,99,81,18
11/3/15 17:00,146,130,16
11/3/15 18:00,86,81,5
11/3/15 19:00,26,24,2
11/3/15 20:00,13,8,5
11/3/15 21:00,5,3,2
11/3/15 22:00,4,3,1
11/3/15 23:00,1,1,0
11/4/15 0:00,4,2,2
11/4/15 1:00,0,0,0
11/4/15 2:00,1,1,0
11/4/15 3:00,1,1,0
11/4/15 4:00,4,0,4
11/4/15 5:00,19,2,17
11/4/15 6:00,72,11,61
11/4/15 7:00,136,15,121
11/4/15 8:00,124,8,116
11/4/15 9:00,47,5,42
11/4/15 10:00,29,7,22
11/4/15 11:00,21,12,9
11/4/15 12:00,28,11,17
11/4/15 13:00,21,10,11
11/4/15 14:00,28,15,13
11/4/15 15:00,49,39,10
11/4/15 16:00,80,66,14
11/4/15 17:00,144,125,19
11/4/15 18:00,91,85,6
11/4/15 19:00,36,33,3
11/4/15 20:00,26,16,10
11/4/15 21:00,13,10,3
11/4/15 22:00,12,10,2
11/4/15 23:00,1,1,0
11/5/15 0:00,1,0,1
11/5/15 1:00,0,0,0
11/5/15 2:00,1,1,0
11/5/15 3:00,2,1,1
11/5/15 4:00,2,0,2
11/5/15 5:00,15,1,14
11/5/15 6:00,52,7,45
11/5/15 7:00,107,6,101
11/5/15 8:00,100,8,92
11/5/15 9:00,41,7,34
11/5/15 10:00,21,2,19
11/5/15 11:00,12,2,10
11/5/15 12:00,9,5,4
11/5/15 13:00,16,8,8
11/5/15 14:00,13,7,6
11/5/15 15:00,26,19,7
11/5/15 16:00,54,48,6
11/5/15 17:00,106,94,12
11/5/15 18:00,73,64,9
11/5/15 19:00,29,27,2
11/5/15 20:00,16,12,4
11/5/15 21:00,12,10,2
11/5/15 22:00,5,4,1
11/5/15 23:00,5,4,1
11/6/15 0:00,2,1,1
11/6/15 1:00,3,2,1
11/6/15 2:00,2,1,1
11/6/15 3:00,2,0,2
11/6/15 4:00,2,0,2
11/6/15 5:00,19,4,15
11/6/15 6:00,45,6,39
11/6/15 7:00,79,8,71
11/6/15 8:00,99,9,90
11/6/15 9:00,40,2,38
11/6/15 10:00,17,3,14
11/6/15 11:00,10,2,8
11/6/15 12:00,15,7,8
11/6/15 13:00,27,15,12
11/6/15 14:00,32,21,11
11/6/15 15:00,38,31,7
11/6/15 16:00,70,53,17
11/6/15 17:00,83,74,9
11/6/15 18:00,52,47,5
11/6/15 19:00,22,13,9
11/6/15 20:00,13,9,4
11/6/15 21:00,12,8,4
11/6/15 22:00,5,4,1
11/6/15 23:00,7,4,3
11/7/15 0:00,3,2,1
11/7/15 1:00,0,0,0
11/7/15 2:00,0,0,0
11/7/15 3:00,2,0,2
11/7/15 4:00,0,0,0
11/7/15 5:00,8,0,8
11/7/15 6:00,6,2,4
11/7/15 7:00,6,2,4
11/7/15 8:00,14,5,9
11/7/15 9:00,5,3,2
11/7/15 10:00,9,5,4
11/7/15 11:00,7,2,5
11/7/15 12:00,10,6,4
11/7/15 13:00,5,4,1
11/7/15 14:00,9,6,3
11/7/15 15:00,5,0,5
11/7/15 16:00,6,5,1
11/7/15 17:00,6,4,2
11/7/15 18:00,3,2,1
11/7/15 19:00,2,2,0
11/7/15 20:00,1,1,0
11/7/15 21:00,1,1,0
11/7/15 22:00,4,4,0
11/7/15 23:00,3,2,1
11/8/15 0:00,0,0,0
11/8/15 1:00,1,1,0
11/8/15 2:00,0,0,0
11/8/15 3:00,1,1,0
11/8/15 4:00,1,1,0
11/8/15 5:00,3,1,2
11/8/15 6:00,4,0,4
11/8/15 7:00,6,1,5
11/8/15 8:00,14,5,9
11/8/15 9:00,7,2,5
11/8/15 10:00,20,11,9
11/8/15 11:00,11,7,4
11/8/15 12:00,8,1,7
11/8/15 13:00,13,10,3
11/8/15 14:00,23,8,15
11/8/15 15:00,32,19,13
11/8/15 16:00,25,13,12
11/8/15 17:00,16,11,5
11/8/15 18:00,2,2,0
11/8/15 19:00,6,4,2
11/8/15 20:00,3,3,0
11/8/15 21:00,2,2,0
11/8/15 22:00,0,0,0
11/8/15 23:00,3,3,0
11/9/15 0:00,1,0,1
11/9/15 1:00,0,0,0
11/9/15 2:00,2,2,0
11/9/15 3:00,2,1,1
11/9/15 4:00,5,0,5
11/9/15 5:00,16,0,16
11/9/15 6:00,57,6,51
11/9/15 7:00,122,16,106
11/9/15 8:00,100,10,90
11/9/15 9:00,40,3,37
11/9/15 10:00,12,3,9
11/9/15 11:00,9,5,4
11/9/15 12:00,11,5,6
11/9/15 13:00,8,3,5
11/9/15 14:00,26,16,10
11/9/15 15:00,32,25,7
11/9/15 16:00,83,69,14
11/9/15 17:00,126,109,17
11/9/15 18:00,65,56,9
11/9/15 19:00,29,28,1
11/9/15 20:00,12,9,3
11/9/15 21:00,8,7,1
11/9/15 22:00,0,0,0
11/9/15 23:00,3,2,1
11/10/15 0:00,2,1,1
11/10/15 1:00,1,0,1
11/10/15 2:00,1,1,0
11/10/15 3:00,2,0,2
11/10/15 4:00,1,0,1
11/10/15 5:00,22,4,18
11/10/15 6:00,67,10,57
11/10/15 7:00,123,15,108
11/10/15 8:00,129,7,122
11/10/15 9:00,57,7,50
11/10/15 10:00,25,6,19
11/10/15 11:00,23,11,12
11/10/15 12:00,17,10,7
11/10/15 13:00,13,2,11
11/10/15 14:00,32,19,13
11/10/15 15:00,32,23,9
11/10/15 16:00,82,63,19
11/10/15 17:00,137,125,12
11/10/15 18:00,69,56,13
11/10/15 19:00,41,37,4
11/10/15 20:00,20,13,7
11/10/15 21:00,6,5,1
11/10/15 22:00,9,7,2
11/10/15 23:00,1,0,1
11/11/15 0:00,0,0,0
11/11/15 1:00,0,0,0
11/11/15 2:00,0,0,0
11/11/15 3:00,1,1,0
11/11/15 4:00,4,1,3
11/11/15 5:00,9,1,8
11/11/15 6:00,36,6,30
11/11/15 7:00,86,5,81
11/11/15 8:00,117,10,107
11/11/15 9:00,38,6,32
11/11/15 10:00,24,7,17
11/11/15 11:00,16,8,8
11/11/15 12:00,32,19,13
11/11/15 13:00,26,15,11
11/11/15 14:00,47,23,24
11/11/15 15:00,45,22,23
11/11/15 16:00,74,60,14
11/11/15 17:00,110,96,14
11/11/15 18:00,76,63,13
11/11/15 19:00,35,26,9
11/11/15 20:00,14,11,3
11/11/15 21:00,7,6,1
11/11/15 22:00,7,6,1
11/11/15 23:00,6,3,3
11/12/15 0:00,2,0,2
11/12/15 1:00,4,1,3
11/12/15 2:00,0,0,0
11/12/15 3:00,1,0,1
11/12/15 4:00,2,0,2
11/12/15 5:00,16,4,12
11/12/15 6:00,53,7,46
11/12/15 7:00,119,11,108
11/12/15 8:00,96,8,88
11/12/15 9:00,41,4,37
11/12/15 10:00,17,4,13
11/12/15 11:00,9,3,6
11/12/15 12:00,16,10,6
11/12/15 13:00,9,4,5
11/12/15 14:00,18,10,8
11/12/15 15:00,34,29,5
11/12/15 16:00,55,46,9
11/12/15 17:00,109,98,11
11/12/15 18:00,51,42,9
11/12/15 19:00,21,18,3
11/12/15 20:00,11,10,1
11/12/15 21:00,8,7,1
11/12/15 22:00,3,1,2
11/12/15 23:00,2,2,0
11/13/15 0:00,3,2,1
11/13/15 1:00,0,0,0
11/13/15 2:00,1,0,1
11/13/15 3:00,1,0,1
11/13/15 4:00,2,0,2
11/13/15 5:00,7,2,5
11/13/15 6:00,21,3,18
11/13/15 7:00,47,9,38
11/13/15 8:00,55,3,52
11/13/15 9:00,23,2,21
11/13/15 10:00,7,1,6
11/13/15 11:00,8,4,4
11/13/15 12:00,7,4,3
11/13/15 13:00,7,4,3
11/13/15 14:00,5,3,2
11/13/15 15:00,17,15,2
11/13/15 16:00,36,27,9
11/13/15 17:00,49,44,5
11/13/15 18:00,26,22,4
11/13/15 19:00,7,7,0
11/13/15 20:00,9,6,3
11/13/15 21:00,0,0,0
11/13/15 22:00,5,4,1
11/13/15 23:00,3,3,0
11/14/15 0:00,1,0,1
11/14/15 1:00,0,0,0
11/14/15 2:00,0,0,0
11/14/15 3:00,1,0,1
11/14/15 4:00,1,0,1
11/14/15 5:00,5,0,5
11/14/15 6:00,2,1,1
11/14/15 7:00,4,0,4
11/14/15 8:00,9,1,8
11/14/15 9:00,4,2,2
11/14/15 10:00,1,0,1
11/14/15 11:00,3,2,1
11/14/15 12:00,9,5,4
11/14/15 13:00,7,3,4
11/14/15 14:00,8,5,3
11/14/15 15:00,5,4,1
11/14/15 16:00,4,3,1
11/14/15 17:00,4,3,1
11/14/15 18:00,2,1,1
11/14/15 19:00,5,3,2
11/14/15 20:00,4,2,2
11/14/15 21:00,2,2,0
11/14/15 22:00,3,3,0
11/14/15 23:00,1,0,1
11/15/15 0:00,1,0,1
11/15/15 1:00,1,1,0
11/15/15 2:00,0,0,0
11/15/15 3:00,1,1,0
11/15/15 4:00,2,0,2
11/15/15 5:00,1,0,1
11/15/15 6:00,1,0,1
11/15/15 7:00,3,1,2
11/15/15 8:00,8,1,7
11/15/15 9:00,7,3,4
11/15/15 10:00,5,2,3
11/15/15 11:00,9,4,5
11/15/15 12:00,24,12,12
11/15/15 13:00,19,9,10
11/15/15 14:00,32,14,18
11/15/15 15:00,29,11,18
11/15/15 16:00,15,8,7
11/15/15 17:00,10,6,4
11/15/15 18:00,0,0,0
11/15/15 19:00,6,3,3
11/15/15 20:00,2,2,0
11/15/15 21:00,2,1,1
11/15/15 22:00,2,2,0
11/15/15 23:00,2,1,1
11/16/15 0:00,0,0,0
11/16/15 1:00,0,0,0
11/16/15 2:00,0,0,0
11/16/15 3:00,2,1,1
11/16/15 4:00,4,0,4
11/16/15 5:00,16,2,14
11/16/15 6:00,53,9,44
11/16/15 7:00,100,12,88
11/16/15 8:00,119,9,110
11/16/15 9:00,31,0,31
11/16/15 10:00,15,4,11
11/16/15 11:00,13,6,7
11/16/15 12:00,8,4,4
11/16/15 13:00,6,2,4
11/16/15 14:00,13,7,6
11/16/15 15:00,22,19,3
11/16/15 16:00,56,46,10
11/16/15 17:00,110,100,10
11/16/15 18:00,67,62,5
11/16/15 19:00,26,24,2
11/16/15 20:00,12,10,2
11/16/15 21:00,5,5,0
11/16/15 22:00,2,1,1
11/16/15 23:00,2,2,0
11/17/15 0:00,5,4,1
11/17/15 1:00,0,0,0
11/17/15 2:00,0,0,0
11/17/15 3:00,2,1,1
11/17/15 4:00,1,0,1
11/17/15 5:00,17,3,14
11/17/15 6:00,31,3,28
11/17/15 7:00,55,7,48
11/17/15 8:00,67,4,63
11/17/15 9:00,23,1,22
11/17/15 10:00,8,2,6
11/17/15 11:00,4,3,1
11/17/15 12:00,2,1,1
11/17/15 13:00,5,1,4
11/17/15 14:00,10,4,6
11/17/15 15:00,15,15,0
11/17/15 16:00,48,38,10
11/17/15 17:00,60,53,7
11/17/15 18:00,43,39,4
11/17/15 19:00,21,15,6
11/17/15 20:00,15,12,3
11/17/15 21:00,4,4,0
11/17/15 22:00,1,1,0
11/17/15 23:00,1,1,0
11/18/15 0:00,2,1,1
11/18/15 1:00,2,1,1
11/18/15 2:00,1,0,1
11/18/15 3:00,1,1,0
11/18/15 4:00,3,0,3
11/18/15 5:00,17,1,16
11/18/15 6:00,51,7,44
11/18/15 7:00,109,7,102
11/18/15 8:00,114,4,110
11/18/15 9:00,41,10,31
11/18/15 10:00,20,6,14
11/18/15 11:00,15,5,10
11/18/15 12:00,11,7,4
11/18/15 13:00,17,7,10
11/18/15 14:00,22,16,6
11/18/15 15:00,32,23,9
11/18/15 16:00,71,61,10
11/18/15 17:00,117,105,12
11/18/15 18:00,72,65,7
11/18/15 19:00,34,26,8
11/18/15 20:00,16,14,2
11/18/15 21:00,7,7,0
11/18/15 22:00,3,3,0
11/18/15 23:00,4,1,3
11/19/15 0:00,2,1,1
11/19/15 1:00,1,1,0
11/19/15 2:00,1,0,1
11/19/15 3:00,1,0,1
11/19/15 4:00,2,0,2
11/19/15 5:00,20,1,19
11/19/15 6:00,51,2,49
11/19/15 7:00,109,9,100
11/19/15 8:00,111,12,99
11/19/15 9:00,51,3,48
11/19/15 10:00,15,3,12
11/19/15 11:00,13,5,8
11/19/15 12:00,23,12,11
11/19/15 13:00,20,9,11
11/19/15 14:00,26,16,10
11/19/15 15:00,49,34,15
11/19/15 16:00,77,59,18
11/19/15 17:00,116,102,14
11/19/15 18:00,82,72,10
11/19/15 19:00,28,24,4
11/19/15 20:00,12,10,2
11/19/15 21:00,14,12,2
11/19/15 22:00,6,6,0
11/19/15 23:00,5,5,0
11/20/15 0:00,6,2,4
11/20/15 1:00,1,1,0
11/20/15 2:00,3,1,2
11/20/15 3:00,0,0,0
11/20/15 4:00,3,1,2
11/20/15 5:00,10,1,9
11/20/15 6:00,51,11,40
11/20/15 7:00,69,13,56
11/20/15 8:00,83,5,78
11/20/15 9:00,35,6,29
11/20/15 10:00,12,2,10
11/20/15 11:00,19,5,14
11/20/15 12:00,23,12,11
11/20/15 13:00,25,13,12
11/20/15 14:00,26,19,7
11/20/15 15:00,36,28,8
11/20/15 16:00,62,46,16
11/20/15 17:00,85,73,12
11/20/15 18:00,47,40,7
11/20/15 19:00,26,21,5
11/20/15 20:00,11,8,3
11/20/15 21:00,10,6,4
11/20/15 22:00,3,3,0
11/20/15 23:00,2,2,0
11/21/15 0:00,0,0,0
11/21/15 1:00,1,0,1
11/21/15 2:00,2,1,1
11/21/15 3:00,1,0,1
11/21/15 4:00,2,2,0
11/21/15 5:00,7,0,7
11/21/15 6:00,7,1,6
11/21/15 7:00,13,3,10
11/21/15 8:00,12,2,10
11/21/15 9:00,14,6,8
11/21/15 10:00,27,12,15
11/21/15 11:00,31,12,19
11/21/15 12:00,39,24,15
11/21/15 13:00,38,21,17
11/21/15 14:00,44,22,22
11/21/15 15:00,37,20,17
11/21/15 16:00,33,18,15
11/21/15 17:00,17,10,7
11/21/15 18:00,11,7,4
11/21/15 19:00,10,5,5
11/21/15 20:00,4,3,1
11/21/15 21:00,2,1,1
11/21/15 22:00,2,1,1
11/21/15 23:00,1,1,0
11/22/15 0:00,2,2,0
11/22/15 1:00,3,2,1
11/22/15 2:00,1,0,1
11/22/15 3:00,1,1,0
11/22/15 4:00,1,1,0
11/22/15 5:00,3,0,3
11/22/15 6:00,4,3,1
11/22/15 7:00,3,0,3
11/22/15 8:00,15,4,11
11/22/15 9:00,16,2,14
11/22/15 10:00,19,3,16
11/22/15 11:00,32,20,12
11/22/15 12:00,42,25,17
11/22/15 13:00,30,16,14
11/22/15 14:00,35,16,19
11/22/15 15:00,37,20,17
11/22/15 16:00,19,10,9
11/22/15 17:00,10,9,1
11/22/15 18:00,5,4,1
11/22/15 19:00,5,2,3
11/22/15 20:00,4,4,0
11/22/15 21:00,2,2,0
11/22/15 22:00,1,1,0
11/22/15 23:00,1,1,0
11/23/15 0:00,0,0,0
11/23/15 1:00,1,0,1
11/23/15 2:00,3,1,2
11/23/15 3:00,1,1,0
11/23/15 4:00,4,0,4
11/23/15 5:00,13,2,11
11/23/15 6:00,37,6,31
11/23/15 7:00,89,12,77
11/23/15 8:00,96,7,89
11/23/15 9:00,32,3,29
11/23/15 10:00,13,2,11
11/23/15 11:00,11,3,8
11/23/15 12:00,18,9,9
11/23/15 13:00,16,7,9
11/23/15 14:00,17,8,9
11/23/15 15:00,27,20,7
11/23/15 16:00,56,47,9
11/23/15 17:00,79,70,9
11/23/15 18:00,59,56,3
11/23/15 19:00,20,17,3
11/23/15 20:00,20,16,4
11/23/15 21:00,6,5,1
11/23/15 22:00,1,0,1
11/23/15 23:00,1,0,1
11/24/15 0:00,1,1,0
11/24/15 1:00,0,0,0
11/24/15 2:00,1,0,1
11/24/15 3:00,1,1,0
11/24/15 4:00,1,0,1
11/24/15 5:00,9,1,8
11/24/15 6:00,33,4,29
11/24/15 7:00,62,7,55
11/24/15 8:00,67,6,61
11/24/15 9:00,26,3,23
11/24/15 10:00,9,0,9
11/24/15 11:00,8,2,6
11/24/15 12:00,10,6,4
11/24/15 13:00,7,5,2
11/24/15 14:00,12,8,4
11/24/15 15:00,19,14,5
11/24/15 16:00,43,31,12
11/24/15 17:00,77,72,5
11/24/15 18:00,52,42,10
11/24/15 19:00,18,14,4
11/24/15 20:00,10,8,2
11/24/15 21:00,4,2,2
11/24/15 22:00,4,4,0
11/24/15 23:00,3,2,1
11/25/15 0:00,1,1,0
11/25/15 1:00,0,0,0
11/25/15 2:00,1,0,1
11/25/15 3:00,1,1,0
11/25/15 4:00,1,0,1
11/25/15 5:00,13,1,12
11/25/15 6:00,31,8,23
11/25/15 7:00,47,9,38
11/25/15 8:00,78,7,71
11/25/15 9:00,31,2,29
11/25/15 10:00,15,3,12
11/25/15 11:00,16,7,9
11/25/15 12:00,16,8,8
11/25/15 13:00,18,9,9
11/25/15 14:00,34,27,7
11/25/15 15:00,48,38,10
11/25/15 16:00,55,42,13
11/25/15 17:00,52,44,8
11/25/15 18:00,27,16,11
11/25/15 19:00,29,24,5
11/25/15 20:00,17,8,9
11/25/15 21:00,4,3,1
11/25/15 22:00,1,1,0
11/25/15 23:00,3,1,2
11/26/15 0:00,1,1,0
11/26/15 1:00,2,1,1
11/26/15 2:00,0,0,0
11/26/15 3:00,0,0,0
11/26/15 4:00,0,0,0
11/26/15 5:00,2,1,1
11/26/15 6:00,0,0,0
11/26/15 7:00,6,1,5
11/26/15 8:00,9,2,7
11/26/15 9:00,18,9,9
11/26/15 10:00,14,9,5
11/26/15 11:00,17,8,9
11/26/15 12:00,25,11,14
11/26/15 13:00,39,15,24
11/26/15 14:00,22,9,13
11/26/15 15:00,14,8,6
11/26/15 16:00,7,6,1
11/26/15 17:00,3,2,1
11/26/15 18:00,5,0,5
11/26/15 19:00,7,3,4
11/26/15 20:00,0,0,0
11/26/15 21:00,5,2,3
11/26/15 22:00,1,0,1
11/26/15 23:00,6,6,0
11/27/15 0:00,5,2,3
11/27/15 1:00,0,0,0
11/27/15 2:00,4,1,3
11/27/15 3:00,0,0,0
11/27/15 4:00,0,0,0
11/27/15 5:00,3,0,3
11/27/15 6:00,5,1,4
11/27/15 7:00,7,2,5
11/27/15 8:00,10,2,8
11/27/15 9:00,9,2,7
11/27/15 10:00,19,11,8
11/27/15 11:00,36,10,26
11/27/15 12:00,42,29,13
11/27/15 13:00,54,17,37
11/27/15 14:00,19,12,7
11/27/15 15:00,32,21,11
11/27/15 16:00,21,13,8
11/27/15 17:00,18,13,5
11/27/15 18:00,6,2,4
11/27/15 19:00,3,1,2
11/27/15 20:00,2,2,0
11/27/15 21:00,2,2,0
11/27/15 22:00,0,0,0
11/27/15 23:00,0,0,0
11/28/15 0:00,3,1,2
11/28/15 1:00,0,0,0
11/28/15 2:00,0,0,0
11/28/15 3:00,2,0,2
11/28/15 4:00,1,1,0
11/28/15 5:00,4,0,4
11/28/15 6:00,1,0,1
11/28/15 7:00,4,1,3
11/28/15 8:00,7,2,5
11/28/15 9:00,8,3,5
11/28/15 10:00,13,9,4
11/28/15 11:00,12,9,3
11/28/15 12:00,24,10,14
11/28/15 13:00,18,9,9
11/28/15 14:00,31,18,13
11/28/15 15:00,23,14,9
11/28/15 16:00,14,5,9
11/28/15 17:00,4,3,1
11/28/15 18:00,8,5,3
11/28/15 19:00,7,4,3
11/28/15 20:00,2,1,1
11/28/15 21:00,2,2,0
11/28/15 22:00,4,2,2
11/28/15 23:00,2,1,1
11/29/15 0:00,2,1,1
11/29/15 1:00,1,1,0
11/29/15 2:00,1,1,0
11/29/15 3:00,3,2,1
11/29/15 4:00,1,1,0
11/29/15 5:00,2,0,2
11/29/15 6:00,0,0,0
11/29/15 7:00,2,1,1
11/29/15 8:00,7,1,6
11/29/15 9:00,11,4,7
11/29/15 10:00,19,7,12
11/29/15 11:00,41,10,31
11/29/15 12:00,13,10,3
11/29/15 13:00,14,8,6
11/29/15 14:00,16,11,5
11/29/15 15:00,10,4,6
11/29/15 16:00,14,9,5
11/29/15 17:00,9,8,1
11/29/15 18:00,2,2,0
11/29/15 19:00,4,3,1
11/29/15 20:00,0,0,0
11/29/15 21:00,0,0,0
11/29/15 22:00,2,0,2
11/29/15 23:00,3,1,2
11/30/15 0:00,2,1,1
11/30/15 1:00,0,0,0
11/30/15 2:00,2,1,1
11/30/15 3:00,2,1,1
11/30/15 4:00,3,1,2
11/30/15 5:00,17,2,15
11/30/15 6:00,40,4,36
11/30/15 7:00,77,12,65
11/30/15 8:00,79,3,76
11/30/15 9:00,22,1,21
11/30/15 10:00,12,1,11
11/30/15 11:00,10,3,7
11/30/15 12:00,18,8,10
11/30/15 13:00,9,2,7
11/30/15 14:00,22,15,7
11/30/15 15:00,24,16,8
11/30/15 16:00,47,38,9
11/30/15 17:00,81,70,11
11/30/15 18:00,39,36,3
11/30/15 19:00,26,25,1
11/30/15 20:00,10,7,3
11/30/15 21:00,4,1,3
11/30/15 22:00,1,1,0
11/30/15 23:00,3,3,0
12/1/15 0:00,0,0,0
12/1/15 1:00,1,1,0
12/1/15 2:00,2,1,1
12/1/15 3:00,2,1,1
12/1/15 4:00,1,0,1
12/1/15 5:00,17,1,16
12/1/15 6:00,47,8,39
12/1/15 7:00,95,8,87
12/1/15 8:00,90,4,86
12/1/15 9:00,42,1,41
12/1/15 10:00,17,6,11
12/1/15 11:00,12,7,5
12/1/15 12:00,9,5,4
12/1/15 13:00,14,6,8
12/1/15 14:00,22,16,6
12/1/15 15:00,36,27,9
12/1/15 16:00,58,44,14
12/1/15 17:00,104,94,10
12/1/15 18:00,60,49,11
12/1/15 19:00,24,19,5
12/1/15 20:00,5,3,2
12/1/15 21:00,4,4,0
12/1/15 22:00,1,1,0
12/1/15 23:00,1,1,0
12/2/15 0:00,2,1,1
12/2/15 1:00,0,0,0
12/2/15 2:00,1,0,1
12/2/15 3:00,2,1,1
12/2/15 4:00,3,0,3
12/2/15 5:00,11,1,10
12/2/15 6:00,46,7,39
12/2/15 7:00,85,6,79
12/2/15 8:00,88,5,83
12/2/15 9:00,42,6,36
12/2/15 10:00,11,2,9
12/2/15 11:00,11,3,8
12/2/15 12:00,7,3,4
12/2/15 13:00,19,13,6
12/2/15 14:00,22,13,9
12/2/15 15:00,34,22,12
12/2/15 16:00,63,54,9
12/2/15 17:00,87,81,6
12/2/15 18:00,67,55,12
12/2/15 19:00,22,18,4
12/2/15 20:00,12,8,4
12/2/15 21:00,8,5,3
12/2/15 22:00,3,1,2
12/2/15 23:00,3,2,1
12/3/15 0:00,0,0,0
12/3/15 1:00,0,0,0
12/3/15 2:00,1,0,1
12/3/15 3:00,0,0,0
12/3/15 4:00,3,0,3
12/3/15 5:00,8,2,6
12/3/15 6:00,34,3,31
12/3/15 7:00,65,8,57
12/3/15 8:00,63,4,59
12/3/15 9:00,42,4,38
12/3/15 10:00,9,0,9
12/3/15 11:00,6,3,3
12/3/15 12:00,7,3,4
12/3/15 13:00,12,6,6
12/3/15 14:00,7,5,2
12/3/15 15:00,25,19,6
12/3/15 16:00,27,21,6
12/3/15 17:00,61,56,5
12/3/15 18:00,49,39,10
12/3/15 19:00,18,16,2
12/3/15 20:00,8,7,1
12/3/15 21:00,8,7,1
12/3/15 22:00,3,2,1
12/3/15 23:00,4,3,1
12/4/15 0:00,6,4,2
12/4/15 1:00,2,0,2
12/4/15 2:00,2,1,1
12/4/15 3:00,1,0,1
12/4/15 4:00,3,1,2
12/4/15 5:00,6,1,5
12/4/15 6:00,35,6,29
12/4/15 7:00,67,10,57
12/4/15 8:00,74,6,68
12/4/15 9:00,33,2,31
12/4/15 10:00,16,5,11
12/4/15 11:00,8,1,7
12/4/15 12:00,7,2,5
12/4/15 13:00,19,13,6
12/4/15 14:00,24,12,12
12/4/15 15:00,35,22,13
12/4/15 16:00,50,40,10
12/4/15 17:00,79,64,15
12/4/15 18:00,40,36,4
12/4/15 19:00,15,12,3
12/4/15 20:00,9,6,3
12/4/15 21:00,2,2,0
12/4/15 22:00,5,2,3
12/4/15 23:00,3,3,0
12/5/15 0:00,7,6,1
12/5/15 1:00,5,5,0
12/5/15 2:00,2,1,1
12/5/15 3:00,2,2,0
12/5/15 4:00,2,1,1
12/5/15 5:00,5,0,5
12/5/15 6:00,3,1,2
12/5/15 7:00,3,0,3
12/5/15 8:00,6,0,6
12/5/15 9:00,5,3,2
12/5/15 10:00,5,2,3
12/5/15 11:00,2,1,1
12/5/15 12:00,9,5,4
12/5/15 13:00,6,5,1
12/5/15 14:00,11,6,5
12/5/15 15:00,4,3,1
12/5/15 16:00,3,2,1
12/5/15 17:00,1,1,0
12/5/15 18:00,4,1,3
12/5/15 19:00,4,1,3
12/5/15 20:00,3,2,1
12/5/15 21:00,1,1,0
12/5/15 22:00,0,0,0
12/5/15 23:00,1,1,0
12/6/15 0:00,1,1,0
12/6/15 1:00,1,1,0
12/6/15 2:00,2,1,1
12/6/15 3:00,1,1,0
12/6/15 4:00,0,0,0
12/6/15 5:00,2,0,2
12/6/15 6:00,3,1,2
12/6/15 7:00,1,1,0
12/6/15 8:00,3,0,3
12/6/15 9:00,4,2,2
12/6/15 10:00,7,4,3
12/6/15 11:00,7,4,3
12/6/15 12:00,17,10,7
12/6/15 13:00,10,3,7
12/6/15 14:00,20,10,10
12/6/15 15:00,19,12,7
12/6/15 16:00,10,5,5
12/6/15 17:00,3,1,2
12/6/15 18:00,2,0,2
12/6/15 19:00,4,4,0
12/6/15 20:00,2,2,0
12/6/15 21:00,1,1,0
12/6/15 22:00,1,1,0
12/6/15 23:00,2,1,1
12/7/15 0:00,2,1,1
12/7/15 1:00,1,1,0
12/7/15 2:00,0,0,0
12/7/15 3:00,3,1,2
12/7/15 4:00,4,0,4
12/7/15 5:00,10,1,9
12/7/15 6:00,50,6,44
12/7/15 7:00,80,6,74
12/7/15 8:00,76,5,71
12/7/15 9:00,28,4,24
12/7/15 10:00,9,1,8
12/7/15 11:00,3,0,3
12/7/15 12:00,7,5,2
12/7/15 13:00,2,1,1
12/7/15 14:00,6,2,4
12/7/15 15:00,18,12,6
12/7/15 16:00,53,47,6
12/7/15 17:00,94,85,9
12/7/15 18:00,41,38,3
12/7/15 19:00,19,16,3
12/7/15 20:00,6,6,0
12/7/15 21:00,5,4,1
12/7/15 22:00,2,2,0
12/7/15 23:00,2,2,0
12/8/15 0:00,0,0,0
12/8/15 1:00,0,0,0
12/8/15 2:00,3,2,1
12/8/15 3:00,1,1,0
12/8/15 4:00,1,0,1
12/8/15 5:00,9,0,9
12/8/15 6:00,25,5,20
12/8/15 7:00,67,9,58
12/8/15 8:00,59,3,56
12/8/15 9:00,26,2,24
12/8/15 10:00,4,2,2
12/8/15 11:00,0,0,0
12/8/15 12:00,1,0,1
12/8/15 13:00,5,1,4
12/8/15 14:00,6,4,2
12/8/15 15:00,16,11,5
12/8/15 16:00,32,25,7
12/8/15 17:00,58,51,7
12/8/15 18:00,41,37,4
12/8/15 19:00,18,17,1
12/8/15 20:00,7,6,1
12/8/15 21:00,6,5,1
12/8/15 22:00,5,5,0
12/8/15 23:00,0,0,0
12/9/15 0:00,0,0,0
12/9/15 1:00,0,0,0
12/9/15 2:00,1,1,0
12/9/15 3:00,0,0,0
12/9/15 4:00,3,1,2
12/9/15 5:00,13,1,12
12/9/15 6:00,20,2,18
12/9/15 7:00,49,9,40
12/9/15 8:00,70,6,64
12/9/15 9:00,23,1,22
12/9/15 10:00,16,5,11
12/9/15 11:00,11,4,7
12/9/15 12:00,9,3,6
12/9/15 13:00,11,6,5
12/9/15 14:00,24,13,11
12/9/15 15:00,29,15,14
12/9/15 16:00,36,29,7
12/9/15 17:00,78,65,13
12/9/15 18:00,39,30,9
12/9/15 19:00,20,19,1
12/9/15 20:00,20,8,12
12/9/15 21:00,11,9,2
12/9/15 22:00,4,2,2
12/9/15 23:00,2,2,0
12/10/15 0:00,4,2,2
12/10/15 1:00,0,0,0
12/10/15 2:00,2,1,1
12/10/15 3:00,0,0,0
12/10/15 4:00,1,0,1
12/10/15 5:00,10,1,9
12/10/15 6:00,39,6,33
12/10/15 7:00,62,10,52
12/10/15 8:00,78,7,71
12/10/15 9:00,29,4,25
12/10/15 10:00,6,0,6
12/10/15 11:00,7,3,4
12/10/15 12:00,4,2,2
12/10/15 13:00,4,1,3
12/10/15 14:00,17,10,7
12/10/15 15:00,21,15,6
12/10/15 16:00,39,29,10
12/10/15 17:00,61,55,6
12/10/15 18:00,46,42,4
12/10/15 19:00,14,12,2
12/10/15 20:00,5,4,1
12/10/15 21:00,8,8,0
12/10/15 22:00,4,3,1
12/10/15 23:00,5,2,3
12/11/15 0:00,3,3,0
12/11/15 1:00,2,1,1
12/11/15 2:00,1,1,0
12/11/15 3:00,2,0,2
12/11/15 4:00,3,1,2
12/11/15 5:00,11,2,9
12/11/15 6:00,28,5,23
12/11/15 7:00,65,5,60
12/11/15 8:00,74,5,69
12/11/15 9:00,31,1,30
12/11/15 10:00,23,7,16
12/11/15 11:00,11,3,8
12/11/15 12:00,10,6,4
12/11/15 13:00,23,11,12
12/11/15 14:00,25,17,8
12/11/15 15:00,33,25,8
12/11/15 16:00,46,37,9
12/11/15 17:00,78,73,5
12/11/15 18:00,34,29,5
12/11/15 19:00,12,11,1
12/11/15 20:00,11,7,4
12/11/15 21:00,4,4,0
12/11/15 22:00,3,1,2
12/11/15 23:00,5,4,1
12/12/15 0:00,8,5,3
12/12/15 1:00,0,0,0
12/12/15 2:00,2,1,1
12/12/15 3:00,0,0,0
12/12/15 4:00,1,1,0
12/12/15 5:00,5,2,3
12/12/15 6:00,3,1,2
12/12/15 7:00,2,1,1
12/12/15 8:00,9,2,7
12/12/15 9:00,6,2,4
12/12/15 10:00,7,3,4
12/12/15 11:00,11,5,6
12/12/15 12:00,2,2,0
12/12/15 13:00,8,6,2
12/12/15 14:00,5,3,2
12/12/15 15:00,5,4,1
12/12/15 16:00,5,1,4
12/12/15 17:00,4,2,2
12/12/15 18:00,4,2,2
12/12/15 19:00,3,0,3
12/12/15 20:00,0,0,0
12/12/15 21:00,0,0,0
12/12/15 22:00,1,1,0
12/12/15 23:00,1,1,0
12/13/15 0:00,1,1,0
12/13/15 1:00,3,3,0
12/13/15 2:00,0,0,0
12/13/15 3:00,3,2,1
12/13/15 4:00,0,0,0
12/13/15 5:00,3,0,3
12/13/15 6:00,1,0,1
12/13/15 7:00,3,2,1
12/13/15 8:00,15,3,12
12/13/15 9:00,14,5,9
12/13/15 10:00,21,11,10
12/13/15 11:00,9,4,5
12/13/15 12:00,13,4,9
12/13/15 13:00,4,0,4
12/13/15 14:00,11,4,7
12/13/15 15:00,24,9,15
12/13/15 16:00,8,4,4
12/13/15 17:00,4,2,2
12/13/15 18:00,2,2,0
12/13/15 19:00,2,2,0
12/13/15 20:00,3,3,0
12/13/15 21:00,4,3,1
12/13/15 22:00,0,0,0
12/13/15 23:00,5,2,3
12/14/15 0:00,4,3,1
12/14/15 1:00,0,0,0
12/14/15 2:00,0,0,0
12/14/15 3:00,1,1,0
12/14/15 4:00,3,1,2
12/14/15 5:00,14,0,14
12/14/15 6:00,42,6,36
12/14/15 7:00,102,8,94
12/14/15 8:00,103,6,97
12/14/15 9:00,36,5,31
12/14/15 10:00,14,2,12
12/14/15 11:00,13,2,11
12/14/15 12:00,18,9,9
12/14/15 13:00,10,2,8
12/14/15 14:00,30,16,14
12/14/15 15:00,30,20,10
12/14/15 16:00,76,60,16
12/14/15 17:00,122,107,15
12/14/15 18:00,62,55,7
12/14/15 19:00,29,24,5
12/14/15 20:00,7,6,1
12/14/15 21:00,10,9,1
12/14/15 22:00,3,3,0
12/14/15 23:00,3,2,1
12/15/15 0:00,0,0,0
12/15/15 1:00,0,0,0
12/15/15 2:00,1,1,0
12/15/15 3:00,2,2,0
12/15/15 4:00,3,0,3
12/15/15 5:00,17,2,15
12/15/15 6:00,50,7,43
12/15/15 7:00,78,8,70
12/15/15 8:00,113,6,107
12/15/15 9:00,54,7,47
12/15/15 10:00,16,5,11
12/15/15 11:00,13,6,7
12/15/15 12:00,12,5,7
12/15/15 13:00,11,7,4
12/15/15 14:00,22,12,10
12/15/15 15:00,26,21,5
12/15/15 16:00,54,40,14
12/15/15 17:00,102,93,9
12/15/15 18:00,55,44,11
12/15/15 19:00,28,24,4
12/15/15 20:00,14,10,4
12/15/15 21:00,10,9,1
12/15/15 22:00,1,1,0
12/15/15 23:00,11,8,3
12/16/15 0:00,1,1,0
12/16/15 1:00,0,0,0
12/16/15 2:00,1,1,0
12/16/15 3:00,0,0,0
12/16/15 4:00,3,1,2
12/16/15 5:00,13,2,11
12/16/15 6:00,49,9,40
12/16/15 7:00,75,12,63
12/16/15 8:00,95,6,89
12/16/15 9:00,35,2,33
12/16/15 10:00,23,4,19
12/16/15 11:00,12,3,9
12/16/15 12:00,11,4,7
12/16/15 13:00,10,5,5
12/16/15 14:00,32,19,13
12/16/15 15:00,31,25,6
12/16/15 16:00,63,51,12
12/16/15 17:00,96,86,10
12/16/15 18:00,60,48,12
12/16/15 19:00,23,20,3
12/16/15 20:00,19,16,3
12/16/15 21:00,13,10,3
12/16/15 22:00,2,2,0
12/16/15 23:00,4,2,2
12/17/15 0:00,4,4,0
12/17/15 1:00,1,0,1
12/17/15 2:00,1,0,1
12/17/15 3:00,2,1,1
12/17/15 4:00,3,0,3
12/17/15 5:00,16,1,15
12/17/15 6:00,29,3,26
12/17/15 7:00,68,7,61
12/17/15 8:00,62,5,57
12/17/15 9:00,21,1,20
12/17/15 10:00,14,1,13
12/17/15 11:00,9,4,5
12/17/15 12:00,6,3,3
12/17/15 13:00,2,0,2
12/17/15 14:00,5,2,3
12/17/15 15:00,14,12,2
12/17/15 16:00,40,35,5
12/17/15 17:00,52,44,8
12/17/15 18:00,49,43,6
12/17/15 19:00,16,13,3
12/17/15 20:00,4,4,0
12/17/15 21:00,4,4,0
12/17/15 22:00,4,3,1
12/17/15 23:00,3,3,0
12/18/15 0:00,1,1,0
12/18/15 1:00,3,0,3
12/18/15 2:00,3,2,1
12/18/15 3:00,0,0,0
12/18/15 4:00,1,0,1
12/18/15 5:00,10,1,9
12/18/15 6:00,19,5,14
12/18/15 7:00,51,5,46
12/18/15 8:00,61,7,54
12/18/15 9:00,31,3,28
12/18/15 10:00,12,9,3
12/18/15 11:00,11,6,5
12/18/15 12:00,18,6,12
12/18/15 13:00,7,4,3
12/18/15 14:00,9,5,4
12/18/15 15:00,23,16,7
12/18/15 16:00,36,29,7
12/18/15 17:00,70,63,7
12/18/15 18:00,33,28,5
12/18/15 19:00,9,8,1
12/18/15 20:00,6,6,0
12/18/15 21:00,1,1,0
12/18/15 22:00,1,1,0
12/18/15 23:00,2,1,1
12/19/15 0:00,2,1,1
12/19/15 1:00,0,0,0
12/19/15 2:00,1,1,0
12/19/15 3:00,1,0,1
12/19/15 4:00,1,1,0
12/19/15 5:00,4,0,4
12/19/15 6:00,7,3,4
12/19/15 7:00,2,0,2
12/19/15 8:00,10,4,6
12/19/15 9:00,11,3,8
12/19/15 10:00,17,8,9
12/19/15 11:00,26,12,14
12/19/15 12:00,17,7,10
12/19/15 13:00,33,18,15
12/19/15 14:00,26,11,15
12/19/15 15:00,25,14,11
12/19/15 16:00,10,4,6
12/19/15 17:00,5,1,4
12/19/15 18:00,2,2,0
12/19/15 19:00,2,2,0
12/19/15 20:00,4,3,1
12/19/15 21:00,3,3,0
12/19/15 22:00,1,1,0
12/19/15 23:00,2,2,0
12/20/15 0:00,0,0,0
12/20/15 1:00,3,2,1
12/20/15 2:00,0,0,0
12/20/15 3:00,0,0,0
12/20/15 4:00,1,1,0
12/20/15 5:00,2,0,2
12/20/15 6:00,3,1,2
12/20/15 7:00,0,0,0
12/20/15 8:00,9,3,6
12/20/15 9:00,7,4,3
12/20/15 10:00,17,7,10
12/20/15 11:00,19,6,13
12/20/15 12:00,17,11,6
12/20/15 13:00,19,9,10
12/20/15 14:00,17,13,4
12/20/15 15:00,17,10,7
12/20/15 16:00,19,8,11
12/20/15 17:00,7,3,4
12/20/15 18:00,1,0,1
12/20/15 19:00,3,2,1
12/20/15 20:00,4,3,1
12/20/15 21:00,4,4,0
12/20/15 22:00,3,1,2
12/20/15 23:00,2,1,1
12/21/15 0:00,2,1,1
12/21/15 1:00,0,0,0
12/21/15 2:00,0,0,0
12/21/15 3:00,1,0,1
12/21/15 4:00,3,1,2
12/21/15 5:00,12,1,11
12/21/15 6:00,25,1,24
12/21/15 7:00,63,4,59
12/21/15 8:00,47,4,43
12/21/15 9:00,13,1,12
12/21/15 10:00,9,2,7
12/21/15 11:00,5,2,3
12/21/15 12:00,3,2,1
12/21/15 13:00,5,2,3
12/21/15 14:00,5,3,2
12/21/15 15:00,14,12,2
12/21/15 16:00,39,34,5
12/21/15 17:00,55,47,8
12/21/15 18:00,27,22,5
12/21/15 19:00,15,14,1
12/21/15 20:00,4,3,1
12/21/15 21:00,2,2,0
12/21/15 22:00,3,1,2
12/21/15 23:00,2,2,0
12/22/15 0:00,0,0,0
12/22/15 1:00,1,1,0
12/22/15 2:00,1,1,0
12/22/15 3:00,2,2,0
12/22/15 4:00,4,0,4
12/22/15 5:00,15,3,12
12/22/15 6:00,24,2,22
12/22/15 7:00,54,2,52
12/22/15 8:00,58,2,56
12/22/15 9:00,23,2,21
12/22/15 10:00,15,4,11
12/22/15 11:00,5,2,3
12/22/15 12:00,13,5,8
12/22/15 13:00,12,10,2
12/22/15 14:00,22,10,12
12/22/15 15:00,19,11,8
12/22/15 16:00,46,38,8
12/22/15 17:00,66,59,7
12/22/15 18:00,26,22,4
12/22/15 19:00,9,7,2
12/22/15 20:00,5,5,0
12/22/15 21:00,5,5,0
12/22/15 22:00,1,1,0
12/22/15 23:00,2,2,0
12/23/15 0:00,4,3,1
12/23/15 1:00,1,1,0
12/23/15 2:00,1,1,0
12/23/15 3:00,1,1,0
12/23/15 4:00,3,1,2
12/23/15 5:00,9,3,6
12/23/15 6:00,24,2,22
12/23/15 7:00,40,6,34
12/23/15 8:00,35,1,34
12/23/15 9:00,24,1,23
12/23/15 10:00,14,1,13
12/23/15 11:00,6,3,3
12/23/15 12:00,3,2,1
12/23/15 13:00,12,7,5
12/23/15 14:00,15,12,3
12/23/15 15:00,20,17,3
12/23/15 16:00,31,26,5
12/23/15 17:00,42,37,5
12/23/15 18:00,23,18,5
12/23/15 19:00,10,8,2
12/23/15 20:00,3,2,1
12/23/15 21:00,2,2,0
12/23/15 22:00,1,1,0
12/23/15 23:00,1,1,0
12/24/15 0:00,0,0,0
12/24/15 1:00,1,0,1
12/24/15 2:00,1,1,0
12/24/15 3:00,2,1,1
12/24/15 4:00,2,1,1
12/24/15 5:00,10,3,7
12/24/15 6:00,10,0,10
12/24/15 7:00,12,0,12
12/24/15 8:00,11,3,8
12/24/15 9:00,11,2,9
12/24/15 10:00,11,6,5
12/24/15 11:00,14,8,6
12/24/15 12:00,15,9,6
12/24/15 13:00,26,14,12
12/24/15 14:00,20,13,7
12/24/15 15:00,10,8,2
12/24/15 16:00,14,9,5
12/24/15 17:00,6,5,1
12/24/15 18:00,4,3,1
12/24/15 19:00,3,1,2
12/24/15 20:00,3,1,2
12/24/15 21:00,2,2,0
12/24/15 22:00,0,0,0
12/24/15 23:00,1,1,0
12/25/15 0:00,2,1,1
12/25/15 1:00,1,1,0
12/25/15 2:00,0,0,0
12/25/15 3:00,0,0,0
12/25/15 4:00,0,0,0
12/25/15 5:00,2,1,1
12/25/15 6:00,1,0,1
12/25/15 7:00,0,0,0
12/25/15 8:00,1,0,1
12/25/15 9:00,1,0,1
12/25/15 10:00,4,1,3
12/25/15 11:00,6,2,4
12/25/15 12:00,21,19,2
12/25/15 13:00,28,6,22
12/25/15 14:00,21,11,10
12/25/15 15:00,10,3,7
12/25/15 16:00,9,4,5
12/25/15 17:00,8,3,5
12/25/15 18:00,4,2,2
12/25/15 19:00,2,1,1
12/25/15 20:00,2,1,1
12/25/15 21:00,4,3,1
12/25/15 22:00,3,2,1
12/25/15 23:00,1,0,1
12/26/15 0:00,1,1,0
12/26/15 1:00,0,0,0
12/26/15 2:00,0,0,0
12/26/15 3:00,1,0,1
12/26/15 4:00,1,1,0
12/26/15 5:00,3,0,3
12/26/15 6:00,2,2,0
12/26/15 7:00,3,2,1
12/26/15 8:00,12,3,9
12/26/15 9:00,11,3,8
12/26/15 10:00,11,9,2
12/26/15 11:00,12,3,9
12/26/15 12:00,11,5,6
12/26/15 13:00,19,10,9
12/26/15 14:00,24,13,11
12/26/15 15:00,28,12,16
12/26/15 16:00,8,4,4
12/26/15 17:00,15,6,9
12/26/15 18:00,15,11,4
12/26/15 19:00,5,2,3
12/26/15 20:00,1,1,0
12/26/15 21:00,0,0,0
12/26/15 22:00,4,3,1
12/26/15 23:00,3,2,1
12/27/15 0:00,6,2,4
12/27/15 1:00,3,1,2
12/27/15 2:00,0,0,0
12/27/15 3:00,1,1,0
12/27/15 4:00,1,1,0
12/27/15 5:00,6,1,5
12/27/15 6:00,3,1,2
12/27/15 7:00,6,5,1
12/27/15 8:00,9,3,6
12/27/15 9:00,11,4,7
12/27/15 10:00,6,3,3
12/27/15 11:00,3,3,0
12/27/15 12:00,3,1,2
12/27/15 13:00,1,0,1
12/27/15 14:00,3,2,1
12/27/15 15:00,5,5,0
12/27/15 16:00,2,0,2
12/27/15 17:00,2,1,1
12/27/15 18:00,0,0,0
12/27/15 19:00,1,1,0
12/27/15 20:00,2,2,0
12/27/15 21:00,1,1,0
12/27/15 22:00,0,0,0
12/27/15 23:00,0,0,0
12/28/15 0:00,1,0,1
12/28/15 1:00,0,0,0
12/28/15 2:00,1,0,1
12/28/15 3:00,0,0,0
12/28/15 4:00,3,1,2
12/28/15 5:00,13,2,11
12/28/15 6:00,19,5,14
12/28/15 7:00,53,6,47
12/28/15 8:00,30,0,30
12/28/15 9:00,29,4,25
12/28/15 10:00,12,1,11
12/28/15 11:00,12,6,6
12/28/15 12:00,9,2,7
12/28/15 13:00,10,6,4
12/28/15 14:00,15,10,5
12/28/15 15:00,22,19,3
12/28/15 16:00,44,33,11
12/28/15 17:00,42,37,5
12/28/15 18:00,30,26,4
12/28/15 19:00,16,12,4
12/28/15 20:00,5,3,2
12/28/15 21:00,3,2,1
12/28/15 22:00,2,1,1
12/28/15 23:00,0,0,0
12/29/15 0:00,0,0,0
12/29/15 1:00,0,0,0
12/29/15 2:00,2,1,1
12/29/15 3:00,1,0,1
12/29/15 4:00,2,1,1
12/29/15 5:00,12,3,9
12/29/15 6:00,30,10,20
12/29/15 7:00,52,5,47
12/29/15 8:00,53,3,50
12/29/15 9:00,33,6,27
12/29/15 10:00,15,4,11
12/29/15 11:00,14,4,10
12/29/15 12:00,10,5,5
12/29/15 13:00,15,11,4
12/29/15 14:00,29,15,14
12/29/15 15:00,25,20,5
12/29/15 16:00,57,41,16
12/29/15 17:00,77,66,11
12/29/15 18:00,29,22,7
12/29/15 19:00,10,9,1
12/29/15 20:00,3,2,1
12/29/15 21:00,7,6,1
12/29/15 22:00,1,1,0
12/29/15 23:00,2,0,2
12/30/15 0:00,2,1,1
12/30/15 1:00,0,0,0
12/30/15 2:00,1,0,1
12/30/15 3:00,0,0,0
12/30/15 4:00,1,1,0
12/30/15 5:00,9,2,7
12/30/15 6:00,19,6,13
12/30/15 7:00,43,10,33
12/30/15 8:00,32,2,30
12/30/15 9:00,24,4,20
12/30/15 10:00,14,4,10
12/30/15 11:00,15,8,7
12/30/15 12:00,23,9,14
12/30/15 13:00,19,10,9
12/30/15 14:00,18,10,8
12/30/15 15:00,31,24,7
12/30/15 16:00,58,36,22
12/30/15 17:00,45,39,6
12/30/15 18:00,29,18,11
12/30/15 19:00,16,13,3
12/30/15 20:00,7,5,2
12/30/15 21:00,2,2,0
12/30/15 22:00,2,2,0
12/30/15 23:00,1,1,0
12/31/15 0:00,4,2,2
12/31/15 1:00,2,1,1
12/31/15 2:00,0,0,0
12/31/15 3:00,3,3,0
12/31/15 4:00,0,0,0
12/31/15 5:00,5,2,3
12/31/15 6:00,22,4,18
12/31/15 7:00,14,5,9
12/31/15 8:00,27,3,24
12/31/15 9:00,13,3,10
12/31/15 10:00,11,3,8
12/31/15 11:00,10,6,4
12/31/15 12:00,15,9,6
12/31/15 13:00,30,14,16
12/31/15 14:00,28,17,11
12/31/15 15:00,40,23,17
12/31/15 16:00,19,12,7
12/31/15 17:00,23,20,3
12/31/15 18:00,10,4,6
12/31/15 19:00,5,4,1
12/31/15 20:00,2,2,0
12/31/15 21:00,4,2,2
12/31/15 22:00,0,0,0
12/31/15 23:00,1,1,0
1/1/16 0:00,2,2,0
1/1/16 1:00,1,1,0
1/1/16 2:00,0,0,0
1/1/16 3:00,1,1,0
1/1/16 4:00,2,2,0
1/1/16 5:00,1,0,1
1/1/16 6:00,1,0,1
1/1/16 7:00,2,1,1
1/1/16 8:00,1,0,1
1/1/16 9:00,0,0,0
1/1/16 10:00,13,4,9
1/1/16 11:00,23,12,11
1/1/16 12:00,24,15,9
1/1/16 13:00,34,18,16
1/1/16 14:00,39,20,19
1/1/16 15:00,25,9,16
1/1/16 16:00,11,6,5
1/1/16 17:00,7,3,4
1/1/16 18:00,9,3,6
1/1/16 19:00,9,2,7
1/1/16 20:00,3,2,1
1/1/16 21:00,2,1,1
1/1/16 22:00,0,0,0
1/1/16 23:00,2,2,0
1/2/16 0:00,3,3,0
1/2/16 1:00,0,0,0
1/2/16 2:00,3,1,2
1/2/16 3:00,0,0,0
1/2/16 4:00,1,1,0
1/2/16 5:00,3,0,3
1/2/16 6:00,2,1,1
1/2/16 7:00,0,0,0
1/2/16 8:00,3,2,1
1/2/16 9:00,14,3,11
1/2/16 10:00,16,10,6
1/2/16 11:00,23,9,14
1/2/16 12:00,20,9,11
1/2/16 13:00,27,11,16
1/2/16 14:00,24,16,8
1/2/16 15:00,26,17,9
1/2/16 16:00,22,9,13
1/2/16 17:00,11,6,5
1/2/16 18:00,4,0,4
1/2/16 19:00,1,1,0
1/2/16 20:00,4,4,0
1/2/16 21:00,4,2,2
1/2/16 22:00,1,0,1
1/2/16 23:00,1,1,0
1/3/16 0:00,0,0,0
1/3/16 1:00,1,1,0
1/3/16 2:00,0,0,0
1/3/16 3:00,1,0,1
1/3/16 4:00,2,2,0
1/3/16 5:00,4,1,3
1/3/16 6:00,4,1,3
1/3/16 7:00,2,0,2
1/3/16 8:00,5,3,2
1/3/16 9:00,7,1,6
1/3/16 10:00,10,7,3
1/3/16 11:00,18,5,13
1/3/16 12:00,22,9,13
1/3/16 13:00,21,10,11
1/3/16 14:00,7,3,4
1/3/16 15:00,9,5,4
1/3/16 16:00,2,1,1
1/3/16 17:00,7,5,2
1/3/16 18:00,3,3,0
1/3/16 19:00,4,2,2
1/3/16 20:00,3,3,0
1/3/16 21:00,2,1,1
1/3/16 22:00,1,1,0
1/3/16 23:00,0,0,0
1/4/16 0:00,0,0,0
1/4/16 1:00,0,0,0
1/4/16 2:00,1,0,1
1/4/16 3:00,3,2,1
1/4/16 4:00,1,1,0
1/4/16 5:00,9,1,8
1/4/16 6:00,35,5,30
1/4/16 7:00,63,5,58
1/4/16 8:00,82,5,77
1/4/16 9:00,22,0,22
1/4/16 10:00,13,3,10
1/4/16 11:00,6,4,2
1/4/16 12:00,5,2,3
1/4/16 13:00,5,2,3
1/4/16 14:00,7,3,4
1/4/16 15:00,18,15,3
1/4/16 16:00,52,44,8
1/4/16 17:00,90,78,12
1/4/16 18:00,37,33,4
1/4/16 19:00,23,21,2
1/4/16 20:00,6,5,1
1/4/16 21:00,1,1,0
1/4/16 22:00,1,1,0
1/4/16 23:00,1,1,0
1/5/16 0:00,0,0,0
1/5/16 1:00,1,0,1
1/5/16 2:00,2,1,1
1/5/16 3:00,3,2,1
1/5/16 4:00,0,0,0
1/5/16 5:00,13,2,11
1/5/16 6:00,48,7,41
1/5/16 7:00,76,14,62
1/5/16 8:00,73,4,69
1/5/16 9:00,30,1,29
1/5/16 10:00,11,3,8
1/5/16 11:00,8,4,4
1/5/16 12:00,4,3,1
1/5/16 13:00,7,4,3
1/5/16 14:00,11,6,5
1/5/16 15:00,17,15,2
1/5/16 16:00,47,36,11
1/5/16 17:00,94,82,12
1/5/16 18:00,41,35,6
1/5/16 19:00,17,16,1
1/5/16 20:00,14,10,4
1/5/16 21:00,2,2,0
1/5/16 22:00,4,4,0
1/5/16 23:00,1,1,0
1/6/16 0:00,1,1,0
1/6/16 1:00,0,0,0
1/6/16 2:00,1,0,1
1/6/16 3:00,1,1,0
1/6/16 4:00,1,0,1
1/6/16 5:00,18,3,15
1/6/16 6:00,44,3,41
1/6/16 7:00,85,10,75
1/6/16 8:00,96,11,85
1/6/16 9:00,42,4,38
1/6/16 10:00,19,5,14
1/6/16 11:00,14,2,12
1/6/16 12:00,15,9,6
1/6/16 13:00,18,7,11
1/6/16 14:00,32,22,10
1/6/16 15:00,38,25,13
1/6/16 16:00,70,57,13
1/6/16 17:00,110,101,9
1/6/16 18:00,54,44,10
1/6/16 19:00,21,21,0
1/6/16 20:00,18,15,3
1/6/16 21:00,9,8,1
1/6/16 22:00,3,2,1
1/6/16 23:00,2,1,1
1/7/16 0:00,3,2,1
1/7/16 1:00,0,0,0
1/7/16 2:00,2,1,1
1/7/16 3:00,0,0,0
1/7/16 4:00,0,0,0
1/7/16 5:00,15,3,12
1/7/16 6:00,47,4,43
1/7/16 7:00,85,13,72
1/7/16 8:00,95,10,85
1/7/16 9:00,32,1,31
1/7/16 10:00,15,2,13
1/7/16 11:00,9,2,7
1/7/16 12:00,10,6,4
1/7/16 13:00,21,7,14
1/7/16 14:00,23,14,9
1/7/16 15:00,25,17,8
1/7/16 16:00,55,43,12
1/7/16 17:00,102,90,12
1/7/16 18:00,64,52,12
1/7/16 19:00,26,19,7
1/7/16 20:00,4,4,0
1/7/16 21:00,10,9,1
1/7/16 22:00,7,7,0
1/7/16 23:00,4,3,1
1/8/16 0:00,6,5,1
1/8/16 1:00,1,0,1
1/8/16 2:00,1,0,1
1/8/16 3:00,5,2,3
1/8/16 4:00,1,1,0
1/8/16 5:00,7,2,5
1/8/16 6:00,38,3,35
1/8/16 7:00,69,7,62
1/8/16 8:00,81,7,74
1/8/16 9:00,28,2,26
1/8/16 10:00,8,1,7
1/8/16 11:00,21,12,9
1/8/16 12:00,24,10,14
1/8/16 13:00,17,4,13
1/8/16 14:00,27,18,9
1/8/16 15:00,39,27,12
1/8/16 16:00,65,51,14
1/8/16 17:00,90,83,7
1/8/16 18:00,49,43,6
1/8/16 19:00,19,12,7
1/8/16 20:00,8,6,2
1/8/16 21:00,9,7,2
1/8/16 22:00,4,3,1
1/8/16 23:00,2,2,0
1/9/16 0:00,6,4,2
1/9/16 1:00,3,2,1
1/9/16 2:00,1,0,1
1/9/16 3:00,2,1,1
1/9/16 4:00,1,0,1
1/9/16 5:00,5,1,4
1/9/16 6:00,2,0,2
1/9/16 7:00,9,4,5
1/9/16 8:00,15,6,9
1/9/16 9:00,21,3,18
1/9/16 10:00,17,12,5
1/9/16 11:00,28,13,15
1/9/16 12:00,37,19,18
1/9/16 13:00,29,14,15
1/9/16 14:00,49,30,19
1/9/16 15:00,53,26,27
1/9/16 16:00,30,14,16
1/9/16 17:00,7,5,2
1/9/16 18:00,6,2,4
1/9/16 19:00,7,4,3
1/9/16 20:00,6,2,4
1/9/16 21:00,2,2,0
1/9/16 22:00,4,4,0
1/9/16 23:00,3,3,0
1/10/16 0:00,0,0,0
1/10/16 1:00,0,0,0
1/10/16 2:00,2,2,0
1/10/16 3:00,1,1,0
1/10/16 4:00,0,0,0
1/10/16 5:00,3,0,3
1/10/16 6:00,1,0,1
1/10/16 7:00,1,0,1
1/10/16 8:00,16,8,8
1/10/16 9:00,18,10,8
1/10/16 10:00,28,16,12
1/10/16 11:00,15,9,6
1/10/16 12:00,27,7,20
1/10/16 13:00,31,16,15
1/10/16 14:00,41,24,17
1/10/16 15:00,52,26,26
1/10/16 16:00,27,12,15
1/10/16 17:00,11,2,9
1/10/16 18:00,4,1,3
1/10/16 19:00,4,4,0
1/10/16 20:00,1,1,0
1/10/16 21:00,0,0,0
1/10/16 22:00,0,0,0
1/10/16 23:00,1,1,0
1/11/16 0:00,2,2,0
1/11/16 1:00,2,1,1
1/11/16 2:00,1,0,1
1/11/16 3:00,2,1,1
1/11/16 4:00,0,0,0
1/11/16 5:00,13,0,13
1/11/16 6:00,46,3,43
1/11/16 7:00,97,13,84
1/11/16 8:00,87,11,76
1/11/16 9:00,28,3,25
1/11/16 10:00,10,1,9
1/11/16 11:00,7,2,5
1/11/16 12:00,7,4,3
1/11/16 13:00,7,2,5
1/11/16 14:00,11,4,7
1/11/16 15:00,30,22,8
1/11/16 16:00,54,43,11
1/11/16 17:00,112,102,10
1/11/16 18:00,52,46,6
1/11/16 19:00,15,13,2
1/11/16 20:00,8,7,1
1/11/16 21:00,14,10,4
1/11/16 22:00,6,4,2
1/11/16 23:00,2,2,0
1/12/16 0:00,0,0,0
1/12/16 1:00,1,0,1
1/12/16 2:00,1,0,1
1/12/16 3:00,2,2,0
1/12/16 4:00,2,1,1
1/12/16 5:00,14,1,13
1/12/16 6:00,45,7,38
1/12/16 7:00,79,12,67
1/12/16 8:00,87,3,84
1/12/16 9:00,28,2,26
1/12/16 10:00,7,0,7
1/12/16 11:00,10,2,8
1/12/16 12:00,6,3,3
1/12/16 13:00,8,3,5
1/12/16 14:00,4,3,1
1/12/16 15:00,14,11,3
1/12/16 16:00,41,33,8
1/12/16 17:00,99,87,12
1/12/16 18:00,62,52,10
1/12/16 19:00,12,11,1
1/12/16 20:00,10,7,3
1/12/16 21:00,6,5,1
1/12/16 22:00,5,5,0
1/12/16 23:00,2,2,0
1/13/16 0:00,0,0,0
1/13/16 1:00,1,0,1
1/13/16 2:00,2,1,1
1/13/16 3:00,1,1,0
1/13/16 4:00,1,0,1
1/13/16 5:00,19,2,17
1/13/16 6:00,35,3,32
1/13/16 7:00,64,8,56
1/13/16 8:00,76,6,70
1/13/16 9:00,16,0,16
1/13/16 10:00,11,1,10
1/13/16 11:00,4,1,3
1/13/16 12:00,2,0,2
1/13/16 13:00,7,4,3
1/13/16 14:00,16,10,6
1/13/16 15:00,26,17,9
1/13/16 16:00,41,30,11
1/13/16 17:00,88,80,8
1/13/16 18:00,63,52,11
1/13/16 19:00,19,16,3
1/13/16 20:00,10,8,2
1/13/16 21:00,4,4,0
1/13/16 22:00,4,4,0
1/13/16 23:00,5,3,2
1/14/16 0:00,3,3,0
1/14/16 1:00,0,0,0
1/14/16 2:00,2,0,2
1/14/16 3:00,0,0,0
1/14/16 4:00,2,0,2
1/14/16 5:00,19,2,17
1/14/16 6:00,42,8,34
1/14/16 7:00,82,11,71
1/14/16 8:00,111,15,96
1/14/16 9:00,44,2,42
1/14/16 10:00,17,4,13
1/14/16 11:00,13,4,9
1/14/16 12:00,20,8,12
1/14/16 13:00,20,12,8
1/14/16 14:00,18,8,10
1/14/16 15:00,43,28,15
1/14/16 16:00,67,52,15
1/14/16 17:00,118,107,11
1/14/16 18:00,59,50,9
1/14/16 19:00,19,18,1
1/14/16 20:00,13,12,1
1/14/16 21:00,9,8,1
1/14/16 22:00,3,2,1
1/14/16 23:00,2,2,0
1/15/16 0:00,6,4,2
1/15/16 1:00,1,0,1
1/15/16 2:00,1,1,0
1/15/16 3:00,0,0,0
1/15/16 4:00,2,0,2
1/15/16 5:00,12,5,7
1/15/16 6:00,33,6,27
1/15/16 7:00,67,10,57
1/15/16 8:00,73,8,65
1/15/16 9:00,33,3,30
1/15/16 10:00,17,6,11
1/15/16 11:00,10,5,5
1/15/16 12:00,18,10,8
1/15/16 13:00,15,7,8
1/15/16 14:00,20,8,12
1/15/16 15:00,24,17,7
1/15/16 16:00,55,45,10
1/15/16 17:00,70,63,7
1/15/16 18:00,45,37,8
1/15/16 19:00,13,10,3
1/15/16 20:00,4,3,1
1/15/16 21:00,5,3,2
1/15/16 22:00,8,7,1
1/15/16 23:00,2,2,0
1/16/16 0:00,3,0,3
1/16/16 1:00,3,3,0
1/16/16 2:00,2,1,1
1/16/16 3:00,0,0,0
1/16/16 4:00,0,0,0
1/16/16 5:00,2,0,2
1/16/16 6:00,2,0,2
1/16/16 7:00,2,0,2
1/16/16 8:00,5,0,5
1/16/16 9:00,8,2,6
1/16/16 10:00,15,6,9
1/16/16 11:00,17,5,12
1/16/16 12:00,21,6,15
1/16/16 13:00,15,9,6
1/16/16 14:00,20,9,11
1/16/16 15:00,12,7,5
1/16/16 16:00,7,4,3
1/16/16 17:00,9,3,6
1/16/16 18:00,4,1,3
1/16/16 19:00,4,2,2
1/16/16 20:00,3,3,0
1/16/16 21:00,5,2,3
1/16/16 22:00,0,0,0
1/16/16 23:00,0,0,0
1/17/16 0:00,5,4,1
1/17/16 1:00,1,1,0
1/17/16 2:00,0,0,0
1/17/16 3:00,1,1,0
1/17/16 4:00,1,1,0
1/17/16 5:00,4,1,3
1/17/16 6:00,5,0,5
1/17/16 7:00,0,0,0
1/17/16 8:00,7,3,4
1/17/16 9:00,3,1,2
1/17/16 10:00,2,1,1
1/17/16 11:00,6,3,3
1/17/16 12:00,10,7,3
1/17/16 13:00,9,6,3
1/17/16 14:00,8,3,5
1/17/16 15:00,11,7,4
1/17/16 16:00,5,3,2
1/17/16 17:00,6,2,4
1/17/16 18:00,3,3,0
1/17/16 19:00,2,2,0
1/17/16 20:00,2,2,0
1/17/16 21:00,3,2,1
1/17/16 22:00,0,0,0
1/17/16 23:00,1,1,0
1/18/16 0:00,0,0,0
1/18/16 1:00,0,0,0
1/18/16 2:00,0,0,0
1/18/16 3:00,2,1,1
1/18/16 4:00,2,0,2
1/18/16 5:00,5,1,4
1/18/16 6:00,23,6,17
1/18/16 7:00,41,4,37
1/18/16 8:00,48,3,45
1/18/16 9:00,28,4,24
1/18/16 10:00,20,8,12
1/18/16 11:00,22,12,10
1/18/16 12:00,22,5,17
1/18/16 13:00,29,10,19
1/18/16 14:00,41,24,17
1/18/16 15:00,49,25,24
1/18/16 16:00,62,43,19
1/18/16 17:00,46,39,7
1/18/16 18:00,38,36,2
1/18/16 19:00,11,9,2
1/18/16 20:00,5,4,1
1/18/16 21:00,5,5,0
1/18/16 22:00,3,2,1
1/18/16 23:00,1,0,1
1/19/16 0:00,0,0,0
1/19/16 1:00,1,1,0
1/19/16 2:00,1,0,1
1/19/16 3:00,4,2,2
1/19/16 4:00,3,1,2
1/19/16 5:00,26,3,23
1/19/16 6:00,49,9,40
1/19/16 7:00,77,12,65
1/19/16 8:00,113,10,103
1/19/16 9:00,31,3,28
1/19/16 10:00,14,2,12
1/19/16 11:00,19,6,13
1/19/16 12:00,12,8,4
1/19/16 13:00,14,6,8
1/19/16 14:00,7,4,3
1/19/16 15:00,19,16,3
1/19/16 16:00,47,37,10
1/19/16 17:00,103,95,8
1/19/16 18:00,58,48,10
1/19/16 19:00,17,15,2
1/19/16 20:00,7,5,2
1/19/16 21:00,12,11,1
1/19/16 22:00,0,0,0
1/19/16 23:00,0,0,0
1/20/16 0:00,1,1,0
1/20/16 1:00,1,1,0
1/20/16 2:00,1,0,1
1/20/16 3:00,1,1,0
1/20/16 4:00,5,0,5
1/20/16 5:00,13,3,10
1/20/16 6:00,36,5,31
1/20/16 7:00,83,10,73
1/20/16 8:00,98,10,88
1/20/16 9:00,24,4,20
1/20/16 10:00,20,5,15
1/20/16 11:00,15,4,11
1/20/16 12:00,8,5,3
1/20/16 13:00,17,5,12
1/20/16 14:00,23,16,7
1/20/16 15:00,29,19,10
1/20/16 16:00,58,48,10
1/20/16 17:00,103,90,13
1/20/16 18:00,58,47,11
1/20/16 19:00,24,21,3
1/20/16 20:00,8,6,2
1/20/16 21:00,6,6,0
1/20/16 22:00,6,5,1
1/20/16 23:00,2,2,0
1/21/16 0:00,2,2,0
1/21/16 1:00,2,2,0
1/21/16 2:00,0,0,0
1/21/16 3:00,0,0,0
1/21/16 4:00,2,0,2
1/21/16 5:00,17,3,14
1/21/16 6:00,39,5,34
1/21/16 7:00,55,6,49
1/21/16 8:00,67,8,59
1/21/16 9:00,14,1,13
1/21/16 10:00,11,1,10
1/21/16 11:00,4,1,3
1/21/16 12:00,3,1,2
1/21/16 13:00,4,0,4
1/21/16 14:00,12,7,5
1/21/16 15:00,17,9,8
1/21/16 16:00,30,26,4
1/21/16 17:00,64,58,6
1/21/16 18:00,47,40,7
1/21/16 19:00,14,13,1
1/21/16 20:00,8,6,2
1/21/16 21:00,6,5,1
1/21/16 22:00,3,3,0
1/21/16 23:00,4,3,1
1/22/16 0:00,3,3,0
1/22/16 1:00,3,0,3
1/22/16 2:00,3,2,1
1/22/16 3:00,2,0,2
1/22/16 4:00,0,0,0
1/22/16 5:00,8,2,6
1/22/16 6:00,31,3,28
1/22/16 7:00,56,13,43
1/22/16 8:00,85,11,74
1/22/16 9:00,26,3,23
1/22/16 10:00,14,5,9
1/22/16 11:00,12,6,6
1/22/16 12:00,17,9,8
1/22/16 13:00,14,7,7
1/22/16 14:00,22,9,13
1/22/16 15:00,26,18,8
1/22/16 16:00,50,33,17
1/22/16 17:00,70,63,7
1/22/16 18:00,56,47,9
1/22/16 19:00,15,11,4
1/22/16 20:00,11,5,6
1/22/16 21:00,3,3,0
1/22/16 22:00,9,8,1
1/22/16 23:00,2,2,0
1/23/16 0:00,8,7,1
1/23/16 1:00,5,4,1
1/23/16 2:00,2,0,2
1/23/16 3:00,2,1,1
1/23/16 4:00,1,0,1
1/23/16 5:00,6,3,3
1/23/16 6:00,2,2,0
1/23/16 7:00,4,0,4
1/23/16 8:00,9,1,8
1/23/16 9:00,2,0,2
1/23/16 10:00,5,2,3
1/23/16 11:00,11,6,5
1/23/16 12:00,11,7,4
1/23/16 13:00,3,1,2
1/23/16 14:00,4,4,0
1/23/16 15:00,8,5,3
1/23/16 16:00,6,2,4
1/23/16 17:00,7,3,4
1/23/16 18:00,3,2,1
1/23/16 19:00,3,2,1
1/23/16 20:00,1,1,0
1/23/16 21:00,2,1,1
1/23/16 22:00,2,2,0
1/23/16 23:00,2,2,0
1/24/16 0:00,0,0,0
1/24/16 1:00,1,0,1
1/24/16 2:00,2,1,1
1/24/16 3:00,0,0,0
1/24/16 4:00,4,2,2
1/24/16 5:00,3,0,3
1/24/16 6:00,5,2,3
1/24/16 7:00,11,3,8
1/24/16 8:00,14,2,12
1/24/16 9:00,23,10,13
1/24/16 10:00,34,14,20
1/24/16 11:00,50,23,27
1/24/16 12:00,41,19,22
1/24/16 13:00,56,36,20
1/24/16 14:00,57,37,20
1/24/16 15:00,48,21,27
1/24/16 16:00,30,20,10
1/24/16 17:00,17,7,10
1/24/16 18:00,5,4,1
1/24/16 19:00,8,7,1
1/24/16 20:00,1,1,0
1/24/16 21:00,3,2,1
1/24/16 22:00,1,1,0
1/24/16 23:00,1,0,1
1/25/16 0:00,0,0,0
1/25/16 1:00,0,0,0
1/25/16 2:00,2,0,2
1/25/16 3:00,1,1,0
1/25/16 4:00,1,0,1
1/25/16 5:00,17,1,16
1/25/16 6:00,50,10,40
1/25/16 7:00,98,15,83
1/25/16 8:00,115,15,100
1/25/16 9:00,40,9,31
1/25/16 10:00,23,5,18
1/25/16 11:00,13,5,8
1/25/16 12:00,21,9,12
1/25/16 13:00,14,9,5
1/25/16 14:00,29,13,16
1/25/16 15:00,34,26,8
1/25/16 16:00,78,54,24
1/25/16 17:00,132,122,10
1/25/16 18:00,74,66,8
1/25/16 19:00,22,19,3
1/25/16 20:00,12,11,1
1/25/16 21:00,16,13,3
1/25/16 22:00,5,3,2
1/25/16 23:00,2,2,0
1/26/16 0:00,0,0,0
1/26/16 1:00,1,0,1
1/26/16 2:00,3,2,1
1/26/16 3:00,2,1,1
1/26/16 4:00,3,0,3
1/26/16 5:00,18,3,15
1/26/16 6:00,42,5,37
1/26/16 7:00,80,7,73
1/26/16 8:00,87,7,80
1/26/16 9:00,28,3,25
1/26/16 10:00,13,2,11
1/26/16 11:00,6,2,4
1/26/16 12:00,5,0,5
1/26/16 13:00,13,5,8
1/26/16 14:00,10,5,5
1/26/16 15:00,25,16,9
1/26/16 16:00,56,45,11
1/26/16 17:00,95,86,9
1/26/16 18:00,67,58,9
1/26/16 19:00,16,15,1
1/26/16 20:00,16,12,4
1/26/16 21:00,7,5,2
1/26/16 22:00,6,2,4
1/26/16 23:00,3,3,0
1/27/16 0:00,2,0,2
1/27/16 1:00,4,3,1
1/27/16 2:00,1,0,1
1/27/16 3:00,1,1,0
1/27/16 4:00,0,0,0
1/27/16 5:00,19,7,12
1/27/16 6:00,53,5,48
1/27/16 7:00,75,8,67
1/27/16 8:00,101,11,90
1/27/16 9:00,37,7,30
1/27/16 10:00,14,4,10
1/27/16 11:00,10,6,4
1/27/16 12:00,11,3,8
1/27/16 13:00,20,8,12
1/27/16 14:00,22,13,9
1/27/16 15:00,24,18,6
1/27/16 16:00,58,44,14
1/27/16 17:00,89,86,3
1/27/16 18:00,57,42,15
1/27/16 19:00,19,18,1
1/27/16 20:00,12,9,3
1/27/16 21:00,8,7,1
1/27/16 22:00,5,5,0
1/27/16 23:00,2,2,0
1/28/16 0:00,2,1,1
1/28/16 1:00,1,1,0
1/28/16 2:00,1,0,1
1/28/16 3:00,0,0,0
1/28/16 4:00,2,0,2
1/28/16 5:00,6,1,5
1/28/16 6:00,33,5,28
1/28/16 7:00,56,8,48
1/28/16 8:00,70,8,62
1/28/16 9:00,20,1,19
1/28/16 10:00,14,2,12
1/28/16 11:00,12,4,8
1/28/16 12:00,8,3,5
1/28/16 13:00,15,7,8
1/28/16 14:00,17,9,8
1/28/16 15:00,28,15,13
1/28/16 16:00,46,33,13
1/28/16 17:00,77,71,6
1/28/16 18:00,53,47,6
1/28/16 19:00,25,19,6
1/28/16 20:00,12,11,1
1/28/16 21:00,8,6,2
1/28/16 22:00,7,4,3
1/28/16 23:00,4,4,0
1/29/16 0:00,6,4,2
1/29/16 1:00,0,0,0
1/29/16 2:00,1,0,1
1/29/16 3:00,1,0,1
1/29/16 4:00,3,0,3
1/29/16 5:00,11,0,11
1/29/16 6:00,35,5,30
1/29/16 7:00,63,9,54
1/29/16 8:00,65,5,60
1/29/16 9:00,19,2,17
1/29/16 10:00,7,2,5
1/29/16 11:00,1,0,1
1/29/16 12:00,5,3,2
1/29/16 13:00,8,3,5
1/29/16 14:00,10,3,7
1/29/16 15:00,23,20,3
1/29/16 16:00,39,33,6
1/29/16 17:00,75,64,11
1/29/16 18:00,56,42,14
1/29/16 19:00,21,15,6
1/29/16 20:00,6,3,3
1/29/16 21:00,5,3,2
1/29/16 22:00,11,6,5
1/29/16 23:00,4,2,2
1/30/16 0:00,6,4,2
1/30/16 1:00,1,1,0
1/30/16 2:00,3,1,2
1/30/16 3:00,2,1,1
1/30/16 4:00,2,1,1
1/30/16 5:00,7,2,5
1/30/16 6:00,3,1,2
1/30/16 7:00,5,1,4
1/30/16 8:00,15,4,11
1/30/16 9:00,16,5,11
1/30/16 10:00,30,17,13
1/30/16 11:00,42,21,21
1/30/16 12:00,32,10,22
1/30/16 13:00,28,14,14
1/30/16 14:00,32,18,14
1/30/16 15:00,28,14,14
1/30/16 16:00,32,21,11
1/30/16 17:00,16,10,6
1/30/16 18:00,10,7,3
1/30/16 19:00,3,3,0
1/30/16 20:00,4,3,1
1/30/16 21:00,4,4,0
1/30/16 22:00,3,1,2
1/30/16 23:00,2,2,0
1/31/16 0:00,1,1,0
1/31/16 1:00,3,2,1
1/31/16 2:00,1,1,0
1/31/16 3:00,1,1,0
1/31/16 4:00,2,2,0
1/31/16 5:00,3,1,2
1/31/16 6:00,4,3,1
1/31/16 7:00,5,1,4
1/31/16 8:00,11,5,6
1/31/16 9:00,13,4,9
1/31/16 10:00,23,12,11
1/31/16 11:00,28,12,16
1/31/16 12:00,28,15,13
1/31/16 13:00,23,11,12
1/31/16 14:00,23,13,10
1/31/16 15:00,20,9,11
1/31/16 16:00,14,5,9
1/31/16 17:00,10,5,5
1/31/16 18:00,4,3,1
1/31/16 19:00,7,6,1
1/31/16 20:00,1,1,0
1/31/16 21:00,3,3,0
1/31/16 22:00,1,0,1
1/31/16 23:00,1,1,0
2/1/16 0:00,3,1,2
2/1/16 1:00,1,1,0
2/1/16 2:00,1,0,1
2/1/16 3:00,1,0,1
2/1/16 4:00,6,2,4
2/1/16 5:00,17,0,17
2/1/16 6:00,48,9,39
2/1/16 7:00,91,9,82
2/1/16 8:00,103,10,93
2/1/16 9:00,36,3,33
2/1/16 10:00,22,5,17
2/1/16 11:00,14,4,10
2/1/16 12:00,16,8,8
2/1/16 13:00,11,6,5
2/1/16 14:00,20,10,10
2/1/16 15:00,36,25,11
2/1/16 16:00,64,49,15
2/1/16 17:00,109,97,12
2/1/16 18:00,82,80,2
2/1/16 19:00,24,17,7
2/1/16 20:00,9,8,1
2/1/16 21:00,6,5,1
2/1/16 22:00,2,1,1
2/1/16 23:00,2,1,1
2/2/16 0:00,2,2,0
2/2/16 1:00,1,0,1
2/2/16 2:00,0,0,0
2/2/16 3:00,2,2,0
2/2/16 4:00,1,1,0
2/2/16 5:00,21,3,18
2/2/16 6:00,51,7,44
2/2/16 7:00,111,15,96
2/2/16 8:00,113,8,105
2/2/16 9:00,49,7,42
2/2/16 10:00,24,6,18
2/2/16 11:00,9,4,5
2/2/16 12:00,23,10,13
2/2/16 13:00,32,19,13
2/2/16 14:00,29,11,18
2/2/16 15:00,38,29,9
2/2/16 16:00,84,68,16
2/2/16 17:00,132,112,20
2/2/16 18:00,76,69,7
2/2/16 19:00,23,19,4
2/2/16 20:00,22,15,7
2/2/16 21:00,12,9,3
2/2/16 22:00,7,6,1
2/2/16 23:00,3,2,1
2/3/16 0:00,4,1,3
2/3/16 1:00,0,0,0
2/3/16 2:00,1,0,1
2/3/16 3:00,0,0,0
2/3/16 4:00,2,1,1
2/3/16 5:00,16,2,14
2/3/16 6:00,33,4,29
2/3/16 7:00,95,14,81
2/3/16 8:00,97,10,87
2/3/16 9:00,36,6,30
2/3/16 10:00,19,5,14
2/3/16 11:00,7,3,4
2/3/16 12:00,8,6,2
2/3/16 13:00,8,3,5
2/3/16 14:00,12,7,5
2/3/16 15:00,13,10,3
2/3/16 16:00,45,39,6
2/3/16 17:00,95,83,12
2/3/16 18:00,57,48,9
2/3/16 19:00,21,20,1
2/3/16 20:00,12,9,3
2/3/16 21:00,3,2,1
2/3/16 22:00,2,2,0
2/3/16 23:00,2,1,1
2/4/16 0:00,1,1,0
2/4/16 1:00,0,0,0
2/4/16 2:00,3,1,2
2/4/16 3:00,1,1,0
2/4/16 4:00,4,1,3
2/4/16 5:00,17,3,14
2/4/16 6:00,31,4,27
2/4/16 7:00,78,9,69
2/4/16 8:00,90,11,79
2/4/16 9:00,30,1,29
2/4/16 10:00,20,2,18
2/4/16 11:00,9,3,6
2/4/16 12:00,8,3,5
2/4/16 13:00,13,7,6
2/4/16 14:00,14,9,5
2/4/16 15:00,20,15,5
2/4/16 16:00,66,51,15
2/4/16 17:00,88,81,7
2/4/16 18:00,60,52,8
2/4/16 19:00,13,12,1
2/4/16 20:00,10,8,2
2/4/16 21:00,14,13,1
2/4/16 22:00,12,9,3
2/4/16 23:00,3,1,2
2/5/16 0:00,3,3,0
2/5/16 1:00,1,0,1
2/5/16 2:00,1,0,1
2/5/16 3:00,1,0,1
2/5/16 4:00,1,0,1
2/5/16 5:00,9,2,7
2/5/16 6:00,33,5,28
2/5/16 7:00,67,14,53
2/5/16 8:00,79,9,70
2/5/16 9:00,32,2,30
2/5/16 10:00,20,5,15
2/5/16 11:00,11,6,5
2/5/16 12:00,8,4,4
2/5/16 13:00,23,13,10
2/5/16 14:00,17,9,8
2/5/16 15:00,29,16,13
2/5/16 16:00,47,32,15
2/5/16 17:00,68,60,8
2/5/16 18:00,43,33,10
2/5/16 19:00,19,15,4
2/5/16 20:00,5,4,1
2/5/16 21:00,6,6,0
2/5/16 22:00,3,2,1
2/5/16 23:00,2,1,1
2/6/16 0:00,1,1,0
2/6/16 1:00,2,1,1
2/6/16 2:00,2,1,1
2/6/16 3:00,2,0,2
2/6/16 4:00,1,0,1
2/6/16 5:00,3,0,3
2/6/16 6:00,0,0,0
2/6/16 7:00,10,1,9
2/6/16 8:00,22,5,17
2/6/16 9:00,27,15,12
2/6/16 10:00,21,5,16
2/6/16 11:00,25,14,11
2/6/16 12:00,39,23,16
2/6/16 13:00,40,17,23
2/6/16 14:00,38,17,21
2/6/16 15:00,32,20,12
2/6/16 16:00,43,26,17
2/6/16 17:00,15,7,8
2/6/16 18:00,11,7,4
2/6/16 19:00,6,4,2
2/6/16 20:00,7,4,3
2/6/16 21:00,3,1,2
2/6/16 22:00,4,3,1
2/6/16 23:00,3,2,1
2/7/16 0:00,3,2,1
2/7/16 1:00,0,0,0
2/7/16 2:00,2,1,1
2/7/16 3:00,2,2,0
2/7/16 4:00,4,3,1
2/7/16 5:00,5,1,4
2/7/16 6:00,3,1,2
2/7/16 7:00,11,4,7
2/7/16 8:00,12,3,9
2/7/16 9:00,33,12,21
2/7/16 10:00,32,9,23
2/7/16 11:00,48,25,23
2/7/16 12:00,38,24,14
2/7/16 13:00,45,20,25
2/7/16 14:00,48,28,20
2/7/16 15:00,29,11,18
2/7/16 16:00,14,9,5
2/7/16 17:00,8,3,5
2/7/16 18:00,8,2,6
2/7/16 19:00,9,7,2
2/7/16 20:00,5,4,1
2/7/16 21:00,0,0,0
2/7/16 22:00,4,0,4
2/7/16 23:00,4,0,4
2/8/16 0:00,6,5,1
2/8/16 1:00,0,0,0
2/8/16 2:00,1,0,1
2/8/16 3:00,4,4,0
2/8/16 4:00,1,0,1
2/8/16 5:00,14,1,13
2/8/16 6:00,45,7,38
2/8/16 7:00,127,10,117
2/8/16 8:00,113,16,97
2/8/16 9:00,38,4,34
2/8/16 10:00,18,3,15
2/8/16 11:00,19,4,15
2/8/16 12:00,35,11,24
2/8/16 13:00,24,15,9
2/8/16 14:00,26,18,8
2/8/16 15:00,38,24,14
2/8/16 16:00,80,62,18
2/8/16 17:00,146,120,26
2/8/16 18:00,78,69,9
2/8/16 19:00,32,26,6
2/8/16 20:00,12,9,3
2/8/16 21:00,10,8,2
2/8/16 22:00,5,4,1
2/8/16 23:00,4,3,1
2/9/16 0:00,0,0,0
2/9/16 1:00,3,1,2
2/9/16 2:00,2,1,1
2/9/16 3:00,2,1,1
2/9/16 4:00,3,0,3
2/9/16 5:00,20,2,18
2/9/16 6:00,58,6,52
2/9/16 7:00,115,16,99
2/9/16 8:00,122,11,111
2/9/16 9:00,49,11,38
2/9/16 10:00,20,7,13
2/9/16 11:00,25,6,19
2/9/16 12:00,14,7,7
2/9/16 13:00,43,25,18
2/9/16 14:00,31,15,16
2/9/16 15:00,53,35,18
2/9/16 16:00,112,84,28
2/9/16 17:00,140,124,16
2/9/16 18:00,81,67,14
2/9/16 19:00,35,27,8
2/9/16 20:00,22,19,3
2/9/16 21:00,19,14,5
2/9/16 22:00,9,5,4
2/9/16 23:00,4,3,1
2/10/16 0:00,2,1,1
2/10/16 1:00,1,1,0
2/10/16 2:00,1,0,1
2/10/16 3:00,3,3,0
2/10/16 4:00,1,0,1
2/10/16 5:00,17,4,13
2/10/16 6:00,43,4,39
2/10/16 7:00,82,8,74
2/10/16 8:00,102,5,97
2/10/16 9:00,41,9,32
2/10/16 10:00,18,4,14
2/10/16 11:00,5,3,2
2/10/16 12:00,14,5,9
2/10/16 13:00,8,4,4
2/10/16 14:00,31,21,10
2/10/16 15:00,17,14,3
2/10/16 16:00,54,44,10
2/10/16 17:00,113,93,20
2/10/16 18:00,79,62,17
2/10/16 19:00,36,28,8
2/10/16 20:00,18,12,6
2/10/16 21:00,7,6,1
2/10/16 22:00,4,3,1
2/10/16 23:00,4,3,1
2/11/16 0:00,0,0,0
2/11/16 1:00,0,0,0
2/11/16 2:00,3,1,2
2/11/16 3:00,1,1,0
2/11/16 4:00,1,0,1
2/11/16 5:00,11,3,8
2/11/16 6:00,55,5,50
2/11/16 7:00,85,9,76
2/11/16 8:00,76,4,72
2/11/16 9:00,29,3,26
2/11/16 10:00,11,1,10
2/11/16 11:00,15,3,12
2/11/16 12:00,9,3,6
2/11/16 13:00,12,8,4
2/11/16 14:00,17,7,10
2/11/16 15:00,23,18,5
2/11/16 16:00,44,38,6
2/11/16 17:00,84,76,8
2/11/16 18:00,49,42,7
2/11/16 19:00,21,17,4
2/11/16 20:00,9,7,2
2/11/16 21:00,7,6,1
2/11/16 22:00,6,6,0
2/11/16 23:00,2,2,0
2/12/16 0:00,5,3,2
2/12/16 1:00,1,1,0
2/12/16 2:00,2,1,1
2/12/16 3:00,0,0,0
2/12/16 4:00,1,0,1
2/12/16 5:00,9,3,6
2/12/16 6:00,25,2,23
2/12/16 7:00,48,4,44
2/12/16 8:00,62,6,56
2/12/16 9:00,36,8,28
2/12/16 10:00,9,1,8
2/12/16 11:00,7,3,4
2/12/16 12:00,9,2,7
2/12/16 13:00,11,5,6
2/12/16 14:00,14,3,11
2/12/16 15:00,27,19,8
2/12/16 16:00,45,33,12
2/12/16 17:00,67,57,10
2/12/16 18:00,54,46,8
2/12/16 19:00,16,14,2
2/12/16 20:00,7,3,4
2/12/16 21:00,9,7,2
2/12/16 22:00,1,1,0
2/12/16 23:00,3,3,0
2/13/16 0:00,1,0,1
2/13/16 1:00,2,1,1
2/13/16 2:00,0,0,0
2/13/16 3:00,1,1,0
2/13/16 4:00,4,3,1
2/13/16 5:00,4,1,3
2/13/16 6:00,7,3,4
2/13/16 7:00,6,0,6
2/13/16 8:00,23,8,15
2/13/16 9:00,10,3,7
2/13/16 10:00,29,14,15
2/13/16 11:00,11,4,7
2/13/16 12:00,20,14,6
2/13/16 13:00,10,4,6
2/13/16 14:00,7,5,2
2/13/16 15:00,2,1,1
2/13/16 16:00,10,5,5
2/13/16 17:00,11,7,4
2/13/16 18:00,7,5,2
2/13/16 19:00,6,3,3
2/13/16 20:00,3,2,1
2/13/16 21:00,2,2,0
2/13/16 22:00,4,2,2
2/13/16 23:00,1,1,0
2/14/16 0:00,1,1,0
2/14/16 1:00,1,1,0
2/14/16 2:00,0,0,0
2/14/16 3:00,2,2,0
2/14/16 4:00,3,2,1
2/14/16 5:00,3,1,2
2/14/16 6:00,4,2,2
2/14/16 7:00,1,0,1
2/14/16 8:00,10,3,7
2/14/16 9:00,8,2,6
2/14/16 10:00,9,4,5
2/14/16 11:00,10,8,2
2/14/16 12:00,9,1,8
2/14/16 13:00,13,8,5
2/14/16 14:00,18,9,9
2/14/16 15:00,11,6,5
2/14/16 16:00,15,6,9
2/14/16 17:00,11,2,9
2/14/16 18:00,3,1,2
2/14/16 19:00,1,1,0
2/14/16 20:00,1,1,0
2/14/16 21:00,3,2,1
2/14/16 22:00,2,1,1
2/14/16 23:00,8,7,1
2/15/16 0:00,0,0,0
2/15/16 1:00,0,0,0
2/15/16 2:00,0,0,0
2/15/16 3:00,1,1,0
2/15/16 4:00,3,2,1
2/15/16 5:00,4,1,3
2/15/16 6:00,20,2,18
2/15/16 7:00,20,2,18
2/15/16 8:00,29,3,26
2/15/16 9:00,27,5,22
2/15/16 10:00,15,4,11
2/15/16 11:00,8,4,4
2/15/16 12:00,10,8,2
2/15/16 13:00,8,4,4
2/15/16 14:00,5,1,4
2/15/16 15:00,6,4,2
2/15/16 16:00,17,12,5
2/15/16 17:00,35,29,6
2/15/16 18:00,28,20,8
2/15/16 19:00,15,11,4
2/15/16 20:00,4,4,0
2/15/16 21:00,1,1,0
2/15/16 22:00,1,1,0
2/15/16 23:00,2,2,0
2/16/16 0:00,2,0,2
2/16/16 1:00,1,1,0
2/16/16 2:00,2,1,1
2/16/16 3:00,2,2,0
2/16/16 4:00,4,0,4
2/16/16 5:00,20,2,18
2/16/16 6:00,49,9,40
2/16/16 7:00,71,4,67
2/16/16 8:00,97,7,90
2/16/16 9:00,33,2,31
2/16/16 10:00,17,2,15
2/16/16 11:00,7,5,2
2/16/16 12:00,9,3,6
2/16/16 13:00,12,6,6
2/16/16 14:00,20,9,11
2/16/16 15:00,33,25,8
2/16/16 16:00,52,36,16
2/16/16 17:00,105,90,15
2/16/16 18:00,67,58,9
2/16/16 19:00,24,21,3
2/16/16 20:00,20,16,4
2/16/16 21:00,10,8,2
2/16/16 22:00,2,2,0
2/16/16 23:00,5,3,2
2/17/16 0:00,2,1,1
2/17/16 1:00,0,0,0
2/17/16 2:00,2,1,1
2/17/16 3:00,5,5,0
2/17/16 4:00,3,0,3
2/17/16 5:00,26,3,23
2/17/16 6:00,44,6,38
2/17/16 7:00,92,15,77
2/17/16 8:00,116,5,111
2/17/16 9:00,34,9,25
2/17/16 10:00,15,3,12
2/17/16 11:00,15,7,8
2/17/16 12:00,17,8,9
2/17/16 13:00,22,13,9
2/17/16 14:00,12,8,4
2/17/16 15:00,26,20,6
2/17/16 16:00,57,46,11
2/17/16 17:00,98,84,14
2/17/16 18:00,72,63,9
2/17/16 19:00,30,21,9
2/17/16 20:00,13,9,4
2/17/16 21:00,3,3,0
2/17/16 22:00,2,2,0
2/17/16 23:00,0,0,0
2/18/16 0:00,2,1,1
2/18/16 1:00,3,2,1
2/18/16 2:00,1,0,1
2/18/16 3:00,3,2,1
2/18/16 4:00,0,0,0
2/18/16 5:00,15,4,11
2/18/16 6:00,40,5,35
2/18/16 7:00,71,11,60
2/18/16 8:00,100,11,89
2/18/16 9:00,39,3,36
2/18/16 10:00,19,6,13
2/18/16 11:00,11,3,8
2/18/16 12:00,12,6,6
2/18/16 13:00,22,12,10
2/18/16 14:00,16,9,7
2/18/16 15:00,29,19,10
2/18/16 16:00,56,42,14
2/18/16 17:00,94,83,11
2/18/16 18:00,77,67,10
2/18/16 19:00,24,18,6
2/18/16 20:00,11,10,1
2/18/16 21:00,10,9,1
2/18/16 22:00,4,2,2
2/18/16 23:00,4,4,0
2/19/16 0:00,4,2,2
2/19/16 1:00,4,2,2
2/19/16 2:00,4,3,1
2/19/16 3:00,0,0,0
2/19/16 4:00,0,0,0
2/19/16 5:00,10,1,9
2/19/16 6:00,18,4,14
2/19/16 7:00,48,10,38
2/19/16 8:00,55,2,53
2/19/16 9:00,27,5,22
2/19/16 10:00,6,0,6
2/19/16 11:00,3,1,2
2/19/16 12:00,4,2,2
2/19/16 13:00,9,3,6
2/19/16 14:00,6,4,2
2/19/16 15:00,14,10,4
2/19/16 16:00,24,21,3
2/19/16 17:00,56,52,4
2/19/16 18:00,42,33,9
2/19/16 19:00,11,10,1
2/19/16 20:00,8,8,0
2/19/16 21:00,3,1,2
2/19/16 22:00,3,1,2
2/19/16 23:00,1,0,1
2/20/16 0:00,2,2,0
2/20/16 1:00,1,1,0
2/20/16 2:00,1,0,1
2/20/16 3:00,1,1,0
2/20/16 4:00,2,0,2
2/20/16 5:00,3,0,3
2/20/16 6:00,5,3,2
2/20/16 7:00,8,0,8
2/20/16 8:00,16,4,12
2/20/16 9:00,27,13,14
2/20/16 10:00,48,17,31
2/20/16 11:00,67,38,29
2/20/16 12:00,65,26,39
2/20/16 13:00,55,30,25
2/20/16 14:00,94,65,29
2/20/16 15:00,61,25,36
2/20/16 16:00,44,16,28
2/20/16 17:00,25,15,10
2/20/16 18:00,17,13,4
2/20/16 19:00,5,2,3
2/20/16 20:00,3,1,2
2/20/16 21:00,6,4,2
2/20/16 22:00,3,3,0
2/20/16 23:00,1,1,0
2/21/16 0:00,2,2,0
2/21/16 1:00,0,0,0
2/21/16 2:00,0,0,0
2/21/16 3:00,5,2,3
2/21/16 4:00,2,1,1
2/21/16 5:00,3,0,3
2/21/16 6:00,4,1,3
2/21/16 7:00,4,1,3
2/21/16 8:00,13,4,9
2/21/16 9:00,9,8,1
2/21/16 10:00,29,15,14
2/21/16 11:00,17,7,10
2/21/16 12:00,12,6,6
2/21/16 13:00,9,3,6
2/21/16 14:00,15,7,8
2/21/16 15:00,11,7,4
2/21/16 16:00,11,3,8
2/21/16 17:00,7,2,5
2/21/16 18:00,2,0,2
2/21/16 19:00,7,5,2
2/21/16 20:00,5,3,2
2/21/16 21:00,0,0,0
2/21/16 22:00,0,0,0
2/21/16 23:00,2,1,1
2/22/16 0:00,1,0,1
2/22/16 1:00,0,0,0
2/22/16 2:00,2,0,2
2/22/16 3:00,3,3,0
2/22/16 4:00,1,0,1
2/22/16 5:00,20,1,19
2/22/16 6:00,41,4,37
2/22/16 7:00,83,8,75
2/22/16 8:00,108,9,99
2/22/16 9:00,29,1,28
2/22/16 10:00,20,3,17
2/22/16 11:00,18,7,11
2/22/16 12:00,13,4,9
2/22/16 13:00,11,3,8
2/22/16 14:00,20,10,10
2/22/16 15:00,31,25,6
2/22/16 16:00,72,57,15
2/22/16 17:00,127,106,21
2/22/16 18:00,65,59,6
2/22/16 19:00,20,17,3
2/22/16 20:00,11,10,1
2/22/16 21:00,11,7,4
2/22/16 22:00,4,4,0
2/22/16 23:00,3,3,0
2/23/16 0:00,0,0,0
2/23/16 1:00,1,1,0
2/23/16 2:00,2,1,1
2/23/16 3:00,1,1,0
2/23/16 4:00,1,1,0
2/23/16 5:00,19,3,16
2/23/16 6:00,49,6,43
2/23/16 7:00,121,12,109
2/23/16 8:00,108,4,104
2/23/16 9:00,52,7,45
2/23/16 10:00,22,6,16
2/23/16 11:00,15,8,7
2/23/16 12:00,20,10,10
2/23/16 13:00,28,16,12
2/23/16 14:00,32,14,18
2/23/16 15:00,44,29,15
2/23/16 16:00,86,64,22
2/23/16 17:00,153,133,20
2/23/16 18:00,92,80,12
2/23/16 19:00,34,31,3
2/23/16 20:00,19,16,3
2/23/16 21:00,14,8,6
2/23/16 22:00,13,10,3
2/23/16 23:00,1,1,0
2/24/16 0:00,1,1,0
2/24/16 1:00,1,1,0
2/24/16 2:00,3,1,2
2/24/16 3:00,2,2,0
2/24/16 4:00,1,1,0
2/24/16 5:00,25,3,22
2/24/16 6:00,63,9,54
2/24/16 7:00,118,10,108
2/24/16 8:00,119,14,105
2/24/16 9:00,45,5,40
2/24/16 10:00,28,6,22
2/24/16 11:00,25,14,11
2/24/16 12:00,30,18,12
2/24/16 13:00,25,12,13
2/24/16 14:00,26,12,14
2/24/16 15:00,34,23,11
2/24/16 16:00,75,55,20
2/24/16 17:00,135,122,13
2/24/16 18:00,86,71,15
2/24/16 19:00,36,30,6
2/24/16 20:00,19,16,3
2/24/16 21:00,7,7,0
2/24/16 22:00,9,6,3
2/24/16 23:00,2,2,0
2/25/16 0:00,0,0,0
2/25/16 1:00,1,0,1
2/25/16 2:00,2,1,1
2/25/16 3:00,0,0,0
2/25/16 4:00,2,0,2
2/25/16 5:00,19,1,18
2/25/16 6:00,58,8,50
2/25/16 7:00,105,18,87
2/25/16 8:00,131,16,115
2/25/16 9:00,54,8,46
2/25/16 10:00,29,5,24
2/25/16 11:00,23,12,11
2/25/16 12:00,40,20,20
2/25/16 13:00,35,15,20
2/25/16 14:00,44,23,21
2/25/16 15:00,62,35,27
2/25/16 16:00,85,64,21
2/25/16 17:00,156,134,22
2/25/16 18:00,76,65,11
2/25/16 19:00,39,34,5
2/25/16 20:00,14,12,2
2/25/16 21:00,9,7,2
2/25/16 22:00,10,7,3
2/25/16 23:00,3,2,1
2/26/16 0:00,4,2,2
2/26/16 1:00,2,1,1
2/26/16 2:00,2,1,1
2/26/16 3:00,0,0,0
2/26/16 4:00,4,2,2
2/26/16 5:00,15,3,12
2/26/16 6:00,41,10,31
2/26/16 7:00,78,11,67
2/26/16 8:00,95,6,89
2/26/16 9:00,33,7,26
2/26/16 10:00,23,3,20
2/26/16 11:00,21,10,11
2/26/16 12:00,24,10,14
2/26/16 13:00,28,10,18
2/26/16 14:00,21,12,9
2/26/16 15:00,42,26,16
2/26/16 16:00,52,44,8
2/26/16 17:00,77,66,11
2/26/16 18:00,41,37,4
2/26/16 19:00,15,12,3
2/26/16 20:00,4,3,1
2/26/16 21:00,4,2,2
2/26/16 22:00,2,2,0
2/26/16 23:00,3,2,1
2/27/16 0:00,3,3,0
2/27/16 1:00,0,0,0
2/27/16 2:00,0,0,0
2/27/16 3:00,0,0,0
2/27/16 4:00,0,0,0
2/27/16 5:00,4,0,4
2/27/16 6:00,9,1,8
2/27/16 7:00,8,4,4
2/27/16 8:00,14,8,6
2/27/16 9:00,25,11,14
2/27/16 10:00,37,19,18
2/27/16 11:00,36,15,21
2/27/16 12:00,31,19,12
2/27/16 13:00,42,20,22
2/27/16 14:00,44,21,23
2/27/16 15:00,45,21,24
2/27/16 16:00,57,33,24
2/27/16 17:00,26,11,15
2/27/16 18:00,19,8,11
2/27/16 19:00,12,5,7
2/27/16 20:00,6,6,0
2/27/16 21:00,4,1,3
2/27/16 22:00,1,1,0
2/27/16 23:00,3,1,2
2/28/16 0:00,5,5,0
2/28/16 1:00,2,2,0
2/28/16 2:00,3,2,1
2/28/16 3:00,1,0,1
2/28/16 4:00,2,2,0
2/28/16 5:00,5,0,5
2/28/16 6:00,6,0,6
2/28/16 7:00,36,1,35
2/28/16 8:00,30,4,26
2/28/16 9:00,13,0,13
2/28/16 10:00,6,2,4
2/28/16 11:00,9,6,3
2/28/16 12:00,17,14,3
2/28/16 13:00,24,18,6
2/28/16 14:00,18,12,6
2/28/16 15:00,21,17,4
2/28/16 16:00,19,15,4
2/28/16 17:00,3,3,0
2/28/16 18:00,7,5,2
2/28/16 19:00,3,2,1
2/28/16 20:00,2,1,1
2/28/16 21:00,2,2,0
2/28/16 22:00,1,0,1
2/28/16 23:00,1,1,0
2/29/16 0:00,1,0,1
2/29/16 1:00,0,0,0
2/29/16 2:00,0,0,0
2/29/16 3:00,0,0,0
2/29/16 4:00,2,1,1
2/29/16 5:00,9,0,9
2/29/16 6:00,54,6,48
2/29/16 7:00,87,9,78
2/29/16 8:00,91,11,80
2/29/16 9:00,28,1,27
2/29/16 10:00,20,5,15
2/29/16 11:00,17,11,6
2/29/16 12:00,29,11,18
2/29/16 13:00,19,9,10
2/29/16 14:00,27,12,15
2/29/16 15:00,34,29,5
2/29/16 16:00,65,46,19
2/29/16 17:00,117,107,10
2/29/16 18:00,66,59,7
2/29/16 19:00,29,25,4
2/29/16 20:00,13,8,5
2/29/16 21:00,8,6,2
2/29/16 22:00,2,2,0
2/29/16 23:00,6,3,3
3/1/16 0:00,3,1,2
3/1/16 1:00,0,0,0
3/1/16 2:00,1,1,0
3/1/16 3:00,2,1,1
3/1/16 4:00,0,0,0
3/1/16 5:00,10,1,9
3/1/16 6:00,27,5,22
3/1/16 7:00,71,8,63
3/1/16 8:00,86,11,75
3/1/16 9:00,34,6,28
3/1/16 10:00,7,0,7
3/1/16 11:00,5,2,3
3/1/16 12:00,4,3,1
3/1/16 13:00,6,1,5
3/1/16 14:00,7,3,4
3/1/16 15:00,11,7,4
3/1/16 16:00,40,29,11
3/1/16 17:00,77,73,4
3/1/16 18:00,49,44,5
3/1/16 19:00,16,15,1
3/1/16 20:00,8,8,0
3/1/16 21:00,3,2,1
3/1/16 22:00,2,1,1
3/1/16 23:00,0,0,0
3/2/16 0:00,0,0,0
3/2/16 1:00,2,2,0
3/2/16 2:00,1,0,1
3/2/16 3:00,0,0,0
3/2/16 4:00,3,1,2
3/2/16 5:00,13,3,10
3/2/16 6:00,47,6,41
3/2/16 7:00,78,8,70
3/2/16 8:00,108,9,99
3/2/16 9:00,42,12,30
3/2/16 10:00,24,8,16
3/2/16 11:00,11,4,7
3/2/16 12:00,25,13,12
3/2/16 13:00,12,4,8
3/2/16 14:00,15,10,5
3/2/16 15:00,23,18,5
3/2/16 16:00,80,61,19
3/2/16 17:00,120,102,18
3/2/16 18:00,66,61,5
3/2/16 19:00,22,18,4
3/2/16 20:00,21,19,2
3/2/16 21:00,7,6,1
3/2/16 22:00,5,4,1
3/2/16 23:00,1,1,0
3/3/16 0:00,0,0,0
3/3/16 1:00,0,0,0
3/3/16 2:00,1,0,1
3/3/16 3:00,0,0,0
3/3/16 4:00,3,1,2
3/3/16 5:00,14,1,13
3/3/16 6:00,51,5,46
3/3/16 7:00,78,11,67
3/3/16 8:00,100,10,90
3/3/16 9:00,45,7,38
3/3/16 10:00,13,1,12
3/3/16 11:00,5,0,5
3/3/16 12:00,13,5,8
3/3/16 13:00,13,6,7
3/3/16 14:00,6,4,2
3/3/16 15:00,25,19,6
3/3/16 16:00,55,38,17
3/3/16 17:00,118,106,12
3/3/16 18:00,79,66,13
3/3/16 19:00,22,16,6
3/3/16 20:00,10,7,3
3/3/16 21:00,5,5,0
3/3/16 22:00,11,9,2
3/3/16 23:00,2,2,0
3/4/16 0:00,2,2,0
3/4/16 1:00,0,0,0
3/4/16 2:00,0,0,0
3/4/16 3:00,1,1,0
3/4/16 4:00,5,0,5
3/4/16 5:00,11,1,10
3/4/16 6:00,45,3,42
3/4/16 7:00,81,12,69
3/4/16 8:00,104,6,98
3/4/16 9:00,33,8,25
3/4/16 10:00,21,5,16
3/4/16 11:00,19,5,14
3/4/16 12:00,15,9,6
3/4/16 13:00,15,7,8
3/4/16 14:00,17,12,5
3/4/16 15:00,18,14,4
3/4/16 16:00,48,39,9
3/4/16 17:00,86,82,4
3/4/16 18:00,42,38,4
3/4/16 19:00,27,23,4
3/4/16 20:00,9,6,3
3/4/16 21:00,5,4,1
3/4/16 22:00,3,2,1
3/4/16 23:00,1,1,0
3/5/16 0:00,1,1,0
3/5/16 1:00,1,1,0
3/5/16 2:00,0,0,0
3/5/16 3:00,0,0,0
3/5/16 4:00,1,0,1
3/5/16 5:00,8,1,7
3/5/16 6:00,6,1,5
3/5/16 7:00,8,1,7
3/5/16 8:00,22,7,15
3/5/16 9:00,13,6,7
3/5/16 10:00,47,22,25
3/5/16 11:00,54,25,29
3/5/16 12:00,75,43,32
3/5/16 13:00,81,43,38
3/5/16 14:00,84,56,28
3/5/16 15:00,84,46,38
3/5/16 16:00,39,14,25
3/5/16 17:00,18,8,10
3/5/16 18:00,19,4,15
3/5/16 19:00,10,7,3
3/5/16 20:00,2,1,1
3/5/16 21:00,2,0,2
3/5/16 22:00,7,4,3
3/5/16 23:00,1,0,1
3/6/16 0:00,0,0,0
3/6/16 1:00,4,3,1
3/6/16 2:00,1,1,0
3/6/16 3:00,0,0,0
3/6/16 4:00,1,1,0
3/6/16 5:00,3,0,3
3/6/16 6:00,3,0,3
3/6/16 7:00,11,3,8
3/6/16 8:00,9,5,4
3/6/16 9:00,11,5,6
3/6/16 10:00,7,2,5
3/6/16 11:00,22,11,11
3/6/16 12:00,8,6,2
3/6/16 13:00,13,6,7
3/6/16 14:00,18,6,12
3/6/16 15:00,26,13,13
3/6/16 16:00,20,12,8
3/6/16 17:00,14,5,9
3/6/16 18:00,5,3,2
3/6/16 19:00,4,3,1
3/6/16 20:00,2,1,1
3/6/16 21:00,3,2,1
3/6/16 22:00,0,0,0
3/6/16 23:00,4,2,2
3/7/16 0:00,0,0,0
3/7/16 1:00,3,1,2
3/7/16 2:00,1,0,1
3/7/16 3:00,1,1,0
3/7/16 4:00,3,1,2
3/7/16 5:00,16,1,15
3/7/16 6:00,42,10,32
3/7/16 7:00,62,7,55
3/7/16 8:00,61,7,54
3/7/16 9:00,30,6,24
3/7/16 10:00,12,2,10
3/7/16 11:00,13,5,8
3/7/16 12:00,5,2,3
3/7/16 13:00,8,2,6
3/7/16 14:00,8,5,3
3/7/16 15:00,22,18,4
3/7/16 16:00,59,47,12
3/7/16 17:00,107,93,14
3/7/16 18:00,64,52,12
3/7/16 19:00,19,16,3
3/7/16 20:00,8,5,3
3/7/16 21:00,7,6,1
3/7/16 22:00,4,3,1
3/7/16 23:00,1,1,0
3/8/16 0:00,1,1,0
3/8/16 1:00,0,0,0
3/8/16 2:00,1,0,1
3/8/16 3:00,3,2,1
3/8/16 4:00,2,0,2
3/8/16 5:00,25,3,22
3/8/16 6:00,60,10,50
3/8/16 7:00,115,11,104
3/8/16 8:00,105,8,97
3/8/16 9:00,40,4,36
3/8/16 10:00,21,3,18
3/8/16 11:00,10,4,6
3/8/16 12:00,15,6,9
3/8/16 13:00,9,3,6
3/8/16 14:00,22,12,10
3/8/16 15:00,28,22,6
3/8/16 16:00,89,66,23
3/8/16 17:00,125,112,13
3/8/16 18:00,82,72,10
3/8/16 19:00,29,25,4
3/8/16 20:00,17,13,4
3/8/16 21:00,13,8,5
3/8/16 22:00,8,7,1
3/8/16 23:00,4,2,2
3/9/16 0:00,1,1,0
3/9/16 1:00,0,0,0
3/9/16 2:00,1,1,0
3/9/16 3:00,2,1,1
3/9/16 4:00,7,3,4
3/9/16 5:00,20,0,20
3/9/16 6:00,47,12,35
3/9/16 7:00,86,12,74
3/9/16 8:00,93,11,82
3/9/16 9:00,40,5,35
3/9/16 10:00,18,2,16
3/9/16 11:00,13,6,7
3/9/16 12:00,4,3,1
3/9/16 13:00,5,2,3
3/9/16 14:00,11,4,7
3/9/16 15:00,17,14,3
3/9/16 16:00,44,35,9
3/9/16 17:00,82,74,8
3/9/16 18:00,52,41,11
3/9/16 19:00,21,16,5
3/9/16 20:00,12,11,1
3/9/16 21:00,2,1,1
3/9/16 22:00,3,2,1
3/9/16 23:00,2,1,1
3/10/16 0:00,0,0,0
3/10/16 1:00,0,0,0
3/10/16 2:00,1,1,0
3/10/16 3:00,0,0,0
3/10/16 4:00,2,1,1
3/10/16 5:00,10,2,8
3/10/16 6:00,33,5,28
3/10/16 7:00,70,9,61
3/10/16 8:00,72,5,67
3/10/16 9:00,22,4,18
3/10/16 10:00,17,4,13
3/10/16 11:00,10,3,7
3/10/16 12:00,5,1,4
3/10/16 13:00,15,11,4
3/10/16 14:00,7,5,2
3/10/16 15:00,23,19,4
3/10/16 16:00,36,26,10
3/10/16 17:00,88,79,9
3/10/16 18:00,61,51,10
3/10/16 19:00,20,15,5
3/10/16 20:00,8,7,1
3/10/16 21:00,4,3,1
3/10/16 22:00,4,4,0
3/10/16 23:00,3,2,1
3/11/16 0:00,4,3,1
3/11/16 1:00,1,1,0
3/11/16 2:00,2,1,1
3/11/16 3:00,1,0,1
3/11/16 4:00,0,0,0
3/11/16 5:00,12,1,11
3/11/16 6:00,38,8,30
3/11/16 7:00,85,9,76
3/11/16 8:00,94,7,87
3/11/16 9:00,30,5,25
3/11/16 10:00,17,2,15
3/11/16 11:00,17,10,7
3/11/16 12:00,13,9,4
3/11/16 13:00,14,7,7
3/11/16 14:00,8,4,4
3/11/16 15:00,29,18,11
3/11/16 16:00,59,51,8
3/11/16 17:00,86,81,5
3/11/16 18:00,33,29,4
3/11/16 19:00,13,12,1
3/11/16 20:00,4,4,0
3/11/16 21:00,3,3,0
3/11/16 22:00,6,6,0
3/11/16 23:00,0,0,0
3/12/16 0:00,1,1,0
3/12/16 1:00,0,0,0
3/12/16 2:00,0,0,0
3/12/16 3:00,2,1,1
3/12/16 4:00,1,0,1
3/12/16 5:00,4,1,3
3/12/16 6:00,5,1,4
3/12/16 7:00,7,3,4
3/12/16 8:00,9,6,3
3/12/16 9:00,5,3,2
3/12/16 10:00,9,0,9
3/12/16 11:00,19,7,12
3/12/16 12:00,24,11,13
3/12/16 13:00,27,14,13
3/12/16 14:00,24,15,9
3/12/16 15:00,27,16,11
3/12/16 16:00,11,4,7
3/12/16 17:00,14,7,7
3/12/16 18:00,5,3,2
3/12/16 19:00,5,4,1
3/12/16 20:00,2,2,0
3/12/16 21:00,1,0,1
3/12/16 22:00,0,0,0
3/12/16 23:00,1,1,0
3/13/16 0:00,4,4,0
3/13/16 1:00,3,2,1
3/13/16 2:00,,,
3/13/16 3:00,1,1,0
3/13/16 4:00,1,1,0
3/13/16 5:00,3,0,3
3/13/16 6:00,3,2,1
3/13/16 7:00,1,0,1
3/13/16 8:00,10,3,7
3/13/16 9:00,14,7,7
3/13/16 10:00,7,1,6
3/13/16 11:00,3,1,2
3/13/16 12:00,11,4,7
3/13/16 13:00,11,9,2
3/13/16 14:00,8,2,6
3/13/16 15:00,12,4,8
3/13/16 16:00,4,4,0
3/13/16 17:00,4,0,4
3/13/16 18:00,4,1,3
3/13/16 19:00,3,2,1
3/13/16 20:00,3,3,0
3/13/16 21:00,1,1,0
3/13/16 22:00,1,0,1
3/13/16 23:00,1,1,0
3/14/16 0:00,1,0,1
3/14/16 1:00,1,1,0
3/14/16 2:00,0,0,0
3/14/16 3:00,3,3,0
3/14/16 4:00,1,0,1
3/14/16 5:00,13,0,13
3/14/16 6:00,30,2,28
3/14/16 7:00,71,7,64
3/14/16 8:00,74,5,69
3/14/16 9:00,30,2,28
3/14/16 10:00,17,2,15
3/14/16 11:00,11,5,6
3/14/16 12:00,7,2,5
3/14/16 13:00,11,4,7
3/14/16 14:00,8,3,5
3/14/16 15:00,20,18,2
3/14/16 16:00,41,29,12
3/14/16 17:00,82,72,10
3/14/16 18:00,61,55,6
3/14/16 19:00,14,10,4
3/14/16 20:00,6,4,2
3/14/16 21:00,7,6,1
3/14/16 22:00,1,1,0
3/14/16 23:00,1,1,0
3/15/16 0:00,2,1,1
3/15/16 1:00,1,0,1
3/15/16 2:00,1,1,0
3/15/16 3:00,3,2,1
3/15/16 4:00,6,1,5
3/15/16 5:00,13,2,11
3/15/16 6:00,50,4,46
3/15/16 7:00,73,8,65
3/15/16 8:00,92,15,77
3/15/16 9:00,35,5,30
3/15/16 10:00,19,5,14
3/15/16 11:00,12,4,8
3/15/16 12:00,11,3,8
3/15/16 13:00,14,6,8
3/15/16 14:00,9,6,3
3/15/16 15:00,24,18,6
3/15/16 16:00,72,55,17
3/15/16 17:00,100,87,13
3/15/16 18:00,86,66,20
3/15/16 19:00,24,20,4
3/15/16 20:00,14,11,3
3/15/16 21:00,7,5,2
3/15/16 22:00,6,4,2
3/15/16 23:00,6,4,2
3/16/16 0:00,2,0,2
3/16/16 1:00,1,1,0
3/16/16 2:00,0,0,0
3/16/16 3:00,1,1,0
3/16/16 4:00,4,1,3
3/16/16 5:00,17,3,14
3/16/16 6:00,61,7,54
3/16/16 7:00,85,10,75
3/16/16 8:00,130,10,120
3/16/16 9:00,52,7,45
3/16/16 10:00,26,8,18
3/16/16 11:00,26,8,18
3/16/16 12:00,18,7,11
3/16/16 13:00,14,10,4
3/16/16 14:00,30,17,13
3/16/16 15:00,46,30,16
3/16/16 16:00,75,58,17
3/16/16 17:00,155,139,16
3/16/16 18:00,93,76,17
3/16/16 19:00,47,35,12
3/16/16 20:00,25,17,8
3/16/16 21:00,17,11,6
3/16/16 22:00,8,6,2
3/16/16 23:00,2,0,2
3/17/16 0:00,2,2,0
3/17/16 1:00,1,1,0
3/17/16 2:00,0,0,0
3/17/16 3:00,0,0,0
3/17/16 4:00,1,0,1
3/17/16 5:00,23,5,18
3/17/16 6:00,60,6,54
3/17/16 7:00,97,11,86
3/17/16 8:00,135,12,123
3/17/16 9:00,44,6,38
3/17/16 10:00,32,9,23
3/17/16 11:00,11,4,7
3/17/16 12:00,13,5,8
3/17/16 13:00,13,4,9
3/17/16 14:00,32,23,9
3/17/16 15:00,54,37,17
3/17/16 16:00,96,77,19
3/17/16 17:00,149,117,32
3/17/16 18:00,103,90,13
3/17/16 19:00,33,26,7
3/17/16 20:00,18,12,6
3/17/16 21:00,13,12,1
3/17/16 22:00,8,7,1
3/17/16 23:00,3,2,1
3/18/16 0:00,4,2,2
3/18/16 1:00,1,1,0
3/18/16 2:00,2,2,0
3/18/16 3:00,0,0,0
3/18/16 4:00,2,0,2
3/18/16 5:00,16,2,14
3/18/16 6:00,44,6,38
3/18/16 7:00,101,12,89
3/18/16 8:00,120,11,109
3/18/16 9:00,45,7,38
3/18/16 10:00,27,9,18
3/18/16 11:00,18,3,15
3/18/16 12:00,30,13,17
3/18/16 13:00,20,13,7
3/18/16 14:00,29,20,9
3/18/16 15:00,47,31,16
3/18/16 16:00,84,59,25
3/18/16 17:00,143,118,25
3/18/16 18:00,70,58,12
3/18/16 19:00,37,26,11
3/18/16 20:00,18,9,9
3/18/16 21:00,7,5,2
3/18/16 22:00,3,2,1
3/18/16 23:00,6,6,0
3/19/16 0:00,3,3,0
3/19/16 1:00,3,2,1
3/19/16 2:00,2,2,0
3/19/16 3:00,2,2,0
3/19/16 4:00,1,0,1
3/19/16 5:00,2,1,1
3/19/16 6:00,2,0,2
3/19/16 7:00,10,2,8
3/19/16 8:00,30,10,20
3/19/16 9:00,36,17,19
3/19/16 10:00,40,20,20
3/19/16 11:00,94,54,40
3/19/16 12:00,59,21,38
3/19/16 13:00,39,18,21
3/19/16 14:00,50,26,24
3/19/16 15:00,44,16,28
3/19/16 16:00,44,16,28
3/19/16 17:00,37,20,17
3/19/16 18:00,20,8,12
3/19/16 19:00,15,4,11
3/19/16 20:00,8,4,4
3/19/16 21:00,5,4,1
3/19/16 22:00,3,3,0
3/19/16 23:00,3,3,0
3/20/16 0:00,2,1,1
3/20/16 1:00,3,2,1
3/20/16 2:00,2,1,1
3/20/16 3:00,1,1,0
3/20/16 4:00,2,2,0
3/20/16 5:00,5,2,3
3/20/16 6:00,0,0,0
3/20/16 7:00,6,3,3
3/20/16 8:00,22,11,11
3/20/16 9:00,20,6,14
3/20/16 10:00,21,12,9
3/20/16 11:00,20,12,8
3/20/16 12:00,16,9,7
3/20/16 13:00,10,3,7
3/20/16 14:00,6,2,4
3/20/16 15:00,9,5,4
3/20/16 16:00,6,4,2
3/20/16 17:00,10,3,7
3/20/16 18:00,2,0,2
3/20/16 19:00,6,5,1
3/20/16 20:00,1,0,1
3/20/16 21:00,3,0,3
3/20/16 22:00,2,1,1
3/20/16 23:00,2,2,0
3/21/16 0:00,1,1,0
3/21/16 1:00,3,2,1
3/21/16 2:00,1,1,0
3/21/16 3:00,1,1,0
3/21/16 4:00,2,0,2
3/21/16 5:00,12,0,12
3/21/16 6:00,27,3,24
3/21/16 7:00,76,8,68
3/21/16 8:00,73,10,63
3/21/16 9:00,21,0,21
3/21/16 10:00,15,2,13
3/21/16 11:00,4,2,2
3/21/16 12:00,9,3,6
3/21/16 13:00,6,1,5
3/21/16 14:00,10,4,6
3/21/16 15:00,21,16,5
3/21/16 16:00,45,38,7
3/21/16 17:00,84,74,10
3/21/16 18:00,53,47,6
3/21/16 19:00,17,13,4
3/21/16 20:00,12,8,4
3/21/16 21:00,6,6,0
3/21/16 22:00,2,2,0
3/21/16 23:00,2,2,0
3/22/16 0:00,0,0,0
3/22/16 1:00,0,0,0
3/22/16 2:00,0,0,0
3/22/16 3:00,3,1,2
3/22/16 4:00,6,1,5
3/22/16 5:00,18,2,16
3/22/16 6:00,58,10,48
3/22/16 7:00,123,11,112
3/22/16 8:00,98,8,90
3/22/16 9:00,33,5,28
3/22/16 10:00,18,8,10
3/22/16 11:00,21,8,13
3/22/16 12:00,20,3,17
3/22/16 13:00,23,15,8
3/22/16 14:00,23,12,11
3/22/16 15:00,35,27,8
3/22/16 16:00,71,61,10
3/22/16 17:00,126,111,15
3/22/16 18:00,87,72,15
3/22/16 19:00,35,25,10
3/22/16 20:00,14,9,5
3/22/16 21:00,13,11,2
3/22/16 22:00,3,3,0
3/22/16 23:00,3,2,1
3/23/16 0:00,1,1,0
3/23/16 1:00,1,0,1
3/23/16 2:00,2,2,0
3/23/16 3:00,2,1,1
3/23/16 4:00,0,0,0
3/23/16 5:00,20,1,19
3/23/16 6:00,44,4,40
3/23/16 7:00,95,12,83
3/23/16 8:00,100,12,88
3/23/16 9:00,37,7,30
3/23/16 10:00,21,3,18
3/23/16 11:00,10,5,5
3/23/16 12:00,16,6,10
3/23/16 13:00,13,7,6
3/23/16 14:00,16,10,6
3/23/16 15:00,29,19,10
3/23/16 16:00,63,48,15
3/23/16 17:00,106,84,22
3/23/16 18:00,62,53,9
3/23/16 19:00,25,22,3
3/23/16 20:00,13,11,2
3/23/16 21:00,8,7,1
3/23/16 22:00,1,1,0
3/23/16 23:00,0,0,0
3/24/16 0:00,3,3,0
3/24/16 1:00,1,0,1
3/24/16 2:00,1,1,0
3/24/16 3:00,1,0,1
3/24/16 4:00,1,0,1
3/24/16 5:00,14,1,13
3/24/16 6:00,48,5,43
3/24/16 7:00,85,8,77
3/24/16 8:00,99,5,94
3/24/16 9:00,39,2,37
3/24/16 10:00,20,8,12
3/24/16 11:00,16,6,10
3/24/16 12:00,18,7,11
3/24/16 13:00,20,9,11
3/24/16 14:00,25,14,11
3/24/16 15:00,44,30,14
3/24/16 16:00,61,51,10
3/24/16 17:00,115,96,19
3/24/16 18:00,70,60,10
3/24/16 19:00,29,22,7
3/24/16 20:00,16,13,3
3/24/16 21:00,13,12,1
3/24/16 22:00,4,3,1
3/24/16 23:00,3,2,1
3/25/16 0:00,2,2,0
3/25/16 1:00,2,1,1
3/25/16 2:00,1,0,1
3/25/16 3:00,1,0,1
3/25/16 4:00,2,1,1
3/25/16 5:00,8,1,7
3/25/16 6:00,47,9,38
3/25/16 7:00,87,14,73
3/25/16 8:00,100,10,90
3/25/16 9:00,47,8,39
3/25/16 10:00,22,5,17
3/25/16 11:00,22,8,14
3/25/16 12:00,21,7,14
3/25/16 13:00,24,9,15
3/25/16 14:00,29,18,11
3/25/16 15:00,51,31,20
3/25/16 16:00,84,63,21
3/25/16 17:00,125,99,26
3/25/16 18:00,58,44,14
3/25/16 19:00,37,30,7
3/25/16 20:00,11,2,9
3/25/16 21:00,27,22,5
3/25/16 22:00,7,6,1
3/25/16 23:00,3,2,1
3/26/16 0:00,4,4,0
3/26/16 1:00,2,2,0
3/26/16 2:00,1,0,1
3/26/16 3:00,2,1,1
3/26/16 4:00,2,2,0
3/26/16 5:00,1,0,1
3/26/16 6:00,5,0,5
3/26/16 7:00,28,15,13
3/26/16 8:00,28,10,18
3/26/16 9:00,21,14,7
3/26/16 10:00,44,22,22
3/26/16 11:00,55,30,25
3/26/16 12:00,65,26,39
3/26/16 13:00,99,45,54
3/26/16 14:00,75,37,38
3/26/16 15:00,72,33,39
3/26/16 16:00,55,30,25
3/26/16 17:00,57,24,33
3/26/16 18:00,14,10,4
3/26/16 19:00,12,3,9
3/26/16 20:00,6,4,2
3/26/16 21:00,4,4,0
3/26/16 22:00,9,7,2
3/26/16 23:00,1,1,0
3/27/16 0:00,1,1,0
3/27/16 1:00,1,1,0
3/27/16 2:00,1,1,0
3/27/16 3:00,0,0,0
3/27/16 4:00,1,1,0
3/27/16 5:00,4,1,3
3/27/16 6:00,3,0,3
3/27/16 7:00,0,0,0
3/27/16 8:00,5,2,3
3/27/16 9:00,10,4,6
3/27/16 10:00,10,3,7
3/27/16 11:00,5,1,4
3/27/16 12:00,9,5,4
3/27/16 13:00,10,8,2
3/27/16 14:00,14,10,4
3/27/16 15:00,17,8,9
3/27/16 16:00,6,5,1
3/27/16 17:00,4,0,4
3/27/16 18:00,2,0,2
3/27/16 19:00,7,2,5
3/27/16 20:00,1,1,0
3/27/16 21:00,1,1,0
3/27/16 22:00,1,1,0
3/27/16 23:00,1,1,0
3/28/16 0:00,0,0,0
3/28/16 1:00,0,0,0
3/28/16 2:00,0,0,0
3/28/16 3:00,0,0,0
3/28/16 4:00,3,0,3
3/28/16 5:00,23,1,22
3/28/16 6:00,48,6,42
3/28/16 7:00,112,14,98
3/28/16 8:00,123,9,114
3/28/16 9:00,32,1,31
3/28/16 10:00,19,6,13
3/28/16 11:00,18,6,12
3/28/16 12:00,18,10,8
3/28/16 13:00,18,7,11
3/28/16 14:00,11,7,4
3/28/16 15:00,38,25,13
3/28/16 16:00,83,66,17
3/28/16 17:00,139,116,23
3/28/16 18:00,104,93,11
3/28/16 19:00,32,26,6
3/28/16 20:00,18,8,10
3/28/16 21:00,9,9,0
3/28/16 22:00,3,3,0
3/28/16 23:00,0,0,0
3/29/16 0:00,0,0,0
3/29/16 1:00,3,2,1
3/29/16 2:00,0,0,0
3/29/16 3:00,3,2,1
3/29/16 4:00,5,1,4
3/29/16 5:00,23,2,21
3/29/16 6:00,68,9,59
3/29/16 7:00,150,18,132
3/29/16 8:00,138,8,130
3/29/16 9:00,49,3,46
3/29/16 10:00,22,6,16
3/29/16 11:00,24,11,13
3/29/16 12:00,22,9,13
3/29/16 13:00,20,12,8
3/29/16 14:00,34,16,18
3/29/16 15:00,49,30,19
3/29/16 16:00,120,93,27
3/29/16 17:00,177,155,22
3/29/16 18:00,131,103,28
3/29/16 19:00,46,32,14
3/29/16 20:00,15,9,6
3/29/16 21:00,20,9,11
3/29/16 22:00,9,7,2
3/29/16 23:00,2,1,1
3/30/16 0:00,1,1,0
3/30/16 1:00,1,0,1
3/30/16 2:00,0,0,0
3/30/16 3:00,3,1,2
3/30/16 4:00,0,0,0
3/30/16 5:00,35,6,29
3/30/16 6:00,75,11,64
3/30/16 7:00,157,22,135
3/30/16 8:00,140,10,130
3/30/16 9:00,73,10,63
3/30/16 10:00,33,7,26
3/30/16 11:00,40,12,28
3/30/16 12:00,25,13,12
3/30/16 13:00,29,16,13
3/30/16 14:00,49,31,18
3/30/16 15:00,63,41,22
3/30/16 16:00,123,94,29
3/30/16 17:00,226,190,36
3/30/16 18:00,126,93,33
3/30/16 19:00,76,60,16
3/30/16 20:00,27,12,15
3/30/16 21:00,20,17,3
3/30/16 22:00,4,3,1
3/30/16 23:00,6,3,3
3/31/16 0:00,2,2,0
3/31/16 1:00,1,0,1
3/31/16 2:00,0,0,0
3/31/16 3:00,2,1,1
3/31/16 4:00,2,1,1
3/31/16 5:00,25,4,21
3/31/16 6:00,78,13,65
3/31/16 7:00,153,17,136
3/31/16 8:00,132,15,117
3/31/16 9:00,79,8,71
3/31/16 10:00,34,9,25
3/31/16 11:00,33,15,18
3/31/16 12:00,39,17,22
3/31/16 13:00,34,20,14
3/31/16 14:00,45,26,19
3/31/16 15:00,74,47,27
3/31/16 16:00,104,81,23
3/31/16 17:00,215,181,34
3/31/16 18:00,125,94,31
3/31/16 19:00,52,40,12
3/31/16 20:00,69,66,3
3/31/16 21:00,24,13,11
3/31/16 22:00,16,8,8
3/31/16 23:00,17,4,13
4/1/16 0:00,12,3,9
4/1/16 1:00,12,0,12
4/1/16 2:00,0,0,0
4/1/16 3:00,1,0,1
4/1/16 4:00,3,1,2
4/1/16 5:00,25,5,20
4/1/16 6:00,74,13,61
4/1/16 7:00,117,14,103
4/1/16 8:00,136,17,119
4/1/16 9:00,53,12,41
4/1/16 10:00,43,17,26
4/1/16 11:00,28,15,13
4/1/16 12:00,43,13,30
4/1/16 13:00,41,24,17
4/1/16 14:00,53,33,20
4/1/16 15:00,76,50,26
4/1/16 16:00,118,87,31
4/1/16 17:00,172,141,31
4/1/16 18:00,107,82,25
4/1/16 19:00,49,22,27
4/1/16 20:00,19,9,10
4/1/16 21:00,17,9,8
4/1/16 22:00,12,10,2
4/1/16 23:00,5,3,2
4/2/16 0:00,25,23,2
4/2/16 1:00,10,0,10
4/2/16 2:00,11,3,8
4/2/16 3:00,2,2,0
4/2/16 4:00,1,0,1
4/2/16 5:00,3,0,3
4/2/16 6:00,8,0,8
4/2/16 7:00,19,1,18
4/2/16 8:00,29,11,18
4/2/16 9:00,44,30,14
4/2/16 10:00,50,13,37
4/2/16 11:00,49,25,24
4/2/16 12:00,47,18,29
4/2/16 13:00,58,33,25
4/2/16 14:00,58,43,15
4/2/16 15:00,71,29,42
4/2/16 16:00,70,35,35
4/2/16 17:00,47,23,24
4/2/16 18:00,55,28,27
4/2/16 19:00,10,5,5
4/2/16 20:00,10,3,7
4/2/16 21:00,10,9,1
4/2/16 22:00,1,1,0
4/2/16 23:00,4,4,0
4/3/16 0:00,2,2,0
4/3/16 1:00,3,3,0
4/3/16 2:00,1,0,1
4/3/16 3:00,1,1,0
4/3/16 4:00,2,1,1
4/3/16 5:00,5,1,4
4/3/16 6:00,21,0,21
4/3/16 7:00,14,2,12
4/3/16 8:00,18,8,10
4/3/16 9:00,46,24,22
4/3/16 10:00,56,28,28
4/3/16 11:00,123,96,27
4/3/16 12:00,80,50,30
4/3/16 13:00,67,30,37
4/3/16 14:00,83,24,59
4/3/16 15:00,76,32,44
4/3/16 16:00,96,44,52
4/3/16 17:00,33,17,16
4/3/16 18:00,33,21,12
4/3/16 19:00,22,8,14
4/3/16 20:00,7,3,4
4/3/16 21:00,3,3,0
4/3/16 22:00,2,1,1
4/3/16 23:00,4,3,1
4/4/16 0:00,0,0,0
4/4/16 1:00,1,1,0
4/4/16 2:00,1,0,1
4/4/16 3:00,3,2,1
4/4/16 4:00,6,2,4
4/4/16 5:00,19,3,16
4/4/16 6:00,48,5,43
4/4/16 7:00,106,9,97
4/4/16 8:00,106,9,97
4/4/16 9:00,35,2,33
4/4/16 10:00,20,3,17
4/4/16 11:00,22,10,12
4/4/16 12:00,13,6,7
4/4/16 13:00,19,4,15
4/4/16 14:00,25,14,11
4/4/16 15:00,31,25,6
4/4/16 16:00,60,51,9
4/4/16 17:00,145,125,20
4/4/16 18:00,74,59,15
4/4/16 19:00,35,28,7
4/4/16 20:00,11,9,2
4/4/16 21:00,16,15,1
4/4/16 22:00,4,3,1
4/4/16 23:00,6,3,3
4/5/16 0:00,4,4,0
4/5/16 1:00,1,0,1
4/5/16 2:00,1,1,0
4/5/16 3:00,3,2,1
4/5/16 4:00,2,0,2
4/5/16 5:00,25,3,22
4/5/16 6:00,66,5,61
4/5/16 7:00,149,13,136
4/5/16 8:00,132,11,121
4/5/16 9:00,46,6,40
4/5/16 10:00,17,4,13
4/5/16 11:00,11,8,3
4/5/16 12:00,21,6,15
4/5/16 13:00,35,17,18
4/5/16 14:00,30,18,12
4/5/16 15:00,42,30,12
4/5/16 16:00,105,82,23
4/5/16 17:00,170,155,15
4/5/16 18:00,104,89,15
4/5/16 19:00,42,37,5
4/5/16 20:00,23,17,6
4/5/16 21:00,13,11,2
4/5/16 22:00,10,8,2
4/5/16 23:00,4,2,2
4/6/16 0:00,6,4,2
4/6/16 1:00,3,1,2
4/6/16 2:00,1,0,1
4/6/16 3:00,1,1,0
4/6/16 4:00,3,0,3
4/6/16 5:00,23,2,21
4/6/16 6:00,67,7,60
4/6/16 7:00,148,17,131
4/6/16 8:00,159,13,146
4/6/16 9:00,64,10,54
4/6/16 10:00,40,14,26
4/6/16 11:00,28,11,17
4/6/16 12:00,29,15,14
4/6/16 13:00,29,13,16
4/6/16 14:00,40,25,15
4/6/16 15:00,65,45,20
4/6/16 16:00,119,94,25
4/6/16 17:00,188,157,31
4/6/16 18:00,140,109,31
4/6/16 19:00,54,33,21
4/6/16 20:00,28,19,9
4/6/16 21:00,16,14,2
4/6/16 22:00,7,6,1
4/6/16 23:00,3,2,1
4/7/16 0:00,3,2,1
4/7/16 1:00,0,0,0
4/7/16 2:00,0,0,0
4/7/16 3:00,0,0,0
4/7/16 4:00,7,0,7
4/7/16 5:00,29,1,28
4/7/16 6:00,102,11,91
4/7/16 7:00,160,11,149
4/7/16 8:00,167,23,144
4/7/16 9:00,54,10,44
4/7/16 10:00,40,9,31
4/7/16 11:00,31,16,15
4/7/16 12:00,37,19,18
4/7/16 13:00,43,20,23
4/7/16 14:00,47,30,17
4/7/16 15:00,81,44,37
4/7/16 16:00,134,110,24
4/7/16 17:00,230,198,32
4/7/16 18:00,152,126,26
4/7/16 19:00,64,44,20
4/7/16 20:00,42,29,13
4/7/16 21:00,19,13,6
4/7/16 22:00,4,3,1
4/7/16 23:00,5,4,1
4/8/16 0:00,2,2,0
4/8/16 1:00,3,2,1
4/8/16 2:00,2,1,1
4/8/16 3:00,0,0,0
4/8/16 4:00,3,0,3
4/8/16 5:00,20,1,19
4/8/16 6:00,64,9,55
4/8/16 7:00,136,16,120
4/8/16 8:00,137,17,120
4/8/16 9:00,57,8,49
4/8/16 10:00,26,6,20
4/8/16 11:00,37,17,20
4/8/16 12:00,33,20,13
4/8/16 13:00,49,24,25
4/8/16 14:00,45,28,17
4/8/16 15:00,64,40,24
4/8/16 16:00,118,89,29
4/8/16 17:00,159,128,31
4/8/16 18:00,92,75,17
4/8/16 19:00,37,27,10
4/8/16 20:00,22,17,5
4/8/16 21:00,11,8,3
4/8/16 22:00,19,16,3
4/8/16 23:00,6,6,0
4/9/16 0:00,5,4,1
4/9/16 1:00,2,2,0
4/9/16 2:00,3,1,2
4/9/16 3:00,2,2,0
4/9/16 4:00,3,1,2
4/9/16 5:00,4,0,4
4/9/16 6:00,10,4,6
4/9/16 7:00,33,4,29
4/9/16 8:00,40,24,16
4/9/16 9:00,65,14,51
4/9/16 10:00,69,27,42
4/9/16 11:00,78,41,37
4/9/16 12:00,53,30,23
4/9/16 13:00,122,88,34
4/9/16 14:00,91,46,45
4/9/16 15:00,79,47,32
4/9/16 16:00,84,41,43
4/9/16 17:00,52,22,30
4/9/16 18:00,36,11,25
4/9/16 19:00,21,9,12
4/9/16 20:00,17,8,9
4/9/16 21:00,10,10,0
4/9/16 22:00,4,3,1
4/9/16 23:00,2,1,1
4/10/16 0:00,3,1,2
4/10/16 1:00,7,6,1
4/10/16 2:00,1,1,0
4/10/16 3:00,5,4,1
4/10/16 4:00,3,1,2
4/10/16 5:00,6,1,5
4/10/16 6:00,2,0,2
4/10/16 7:00,8,2,6
4/10/16 8:00,23,6,17
4/10/16 9:00,27,16,11
4/10/16 10:00,44,22,22
4/10/16 11:00,38,20,18
4/10/16 12:00,38,15,23
4/10/16 13:00,52,24,28
4/10/16 14:00,44,24,20
4/10/16 15:00,56,26,30
4/10/16 16:00,39,20,19
4/10/16 17:00,31,15,16
4/10/16 18:00,50,31,19
4/10/16 19:00,18,8,10
4/10/16 20:00,6,4,2
4/10/16 21:00,9,4,5
4/10/16 22:00,3,2,1
4/10/16 23:00,1,1,0
4/11/16 0:00,2,2,0
4/11/16 1:00,1,1,0
4/11/16 2:00,1,1,0
4/11/16 3:00,1,1,0
4/11/16 4:00,3,0,3
4/11/16 5:00,20,1,19
4/11/16 6:00,63,6,57
4/11/16 7:00,115,13,102
4/11/16 8:00,133,14,119
4/11/16 9:00,48,12,36
4/11/16 10:00,17,3,14
4/11/16 11:00,20,9,11
4/11/16 12:00,23,12,11
4/11/16 13:00,13,8,5
4/11/16 14:00,32,21,11
4/11/16 15:00,42,27,15
4/11/16 16:00,83,68,15
4/11/16 17:00,170,154,16
4/11/16 18:00,92,70,22
4/11/16 19:00,37,28,9
4/11/16 20:00,10,7,3
4/11/16 21:00,9,6,3
4/11/16 22:00,6,5,1
4/11/16 23:00,2,2,0
4/12/16 0:00,3,3,0
4/12/16 1:00,1,1,0
4/12/16 2:00,1,0,1
4/12/16 3:00,2,1,1
4/12/16 4:00,6,1,5
4/12/16 5:00,21,3,18
4/12/16 6:00,60,7,53
4/12/16 7:00,106,15,91
4/12/16 8:00,96,15,81
4/12/16 9:00,30,1,29
4/12/16 10:00,25,11,14
4/12/16 11:00,21,9,12
4/12/16 12:00,17,7,10
4/12/16 13:00,16,6,10
4/12/16 14:00,22,12,10
4/12/16 15:00,25,18,7
4/12/16 16:00,30,25,5
4/12/16 17:00,99,89,10
4/12/16 18:00,54,47,7
4/12/16 19:00,21,19,2
4/12/16 20:00,9,8,1
4/12/16 21:00,8,8,0
4/12/16 22:00,3,2,1
4/12/16 23:00,0,0,0
4/13/16 0:00,0,0,0
4/13/16 1:00,1,1,0
4/13/16 2:00,1,0,1
4/13/16 3:00,1,1,0
4/13/16 4:00,2,0,2
4/13/16 5:00,13,5,8
4/13/16 6:00,45,5,40
4/13/16 7:00,108,15,93
4/13/16 8:00,112,9,103
4/13/16 9:00,46,6,40
4/13/16 10:00,19,4,15
4/13/16 11:00,17,7,10
4/13/16 12:00,31,13,18
4/13/16 13:00,18,8,10
4/13/16 14:00,26,15,11
4/13/16 15:00,26,19,7
4/13/16 16:00,91,69,22
4/13/16 17:00,143,125,18
4/13/16 18:00,90,70,20
4/13/16 19:00,52,43,9
4/13/16 20:00,39,22,17
4/13/16 21:00,12,11,1
4/13/16 22:00,4,2,2
4/13/16 23:00,5,3,2
4/14/16 0:00,3,2,1
4/14/16 1:00,1,1,0
4/14/16 2:00,0,0,0
4/14/16 3:00,0,0,0
4/14/16 4:00,7,2,5
4/14/16 5:00,17,3,14
4/14/16 6:00,44,4,40
4/14/16 7:00,106,14,92
4/14/16 8:00,125,9,116
4/14/16 9:00,53,7,46
4/14/16 10:00,19,2,17
4/14/16 11:00,18,11,7
4/14/16 12:00,17,6,11
4/14/16 13:00,32,16,16
4/14/16 14:00,31,23,8
4/14/16 15:00,51,34,17
4/14/16 16:00,83,60,23
4/14/16 17:00,145,131,14
4/14/16 18:00,85,67,18
4/14/16 19:00,48,37,11
4/14/16 20:00,18,15,3
4/14/16 21:00,10,8,2
4/14/16 22:00,4,2,2
4/14/16 23:00,19,10,9
4/15/16 0:00,3,3,0
4/15/16 1:00,0,0,0
4/15/16 2:00,0,0,0
4/15/16 3:00,2,2,0
4/15/16 4:00,0,0,0
4/15/16 5:00,13,1,12
4/15/16 6:00,51,2,49
4/15/16 7:00,107,12,95
4/15/16 8:00,94,9,85
4/15/16 9:00,58,6,52
4/15/16 10:00,33,9,24
4/15/16 11:00,25,10,15
4/15/16 12:00,28,13,15
4/15/16 13:00,24,14,10
4/15/16 14:00,19,11,8
4/15/16 15:00,45,32,13
4/15/16 16:00,94,75,19
4/15/16 17:00,119,101,18
4/15/16 18:00,59,54,5
4/15/16 19:00,31,20,11
4/15/16 20:00,11,8,3
4/15/16 21:00,11,9,2
4/15/16 22:00,8,4,4
4/15/16 23:00,2,1,1
4/16/16 0:00,3,3,0
4/16/16 1:00,3,2,1
4/16/16 2:00,2,1,1
4/16/16 3:00,1,1,0
4/16/16 4:00,2,1,1
4/16/16 5:00,2,0,2
4/16/16 6:00,5,0,5
4/16/16 7:00,33,17,16
4/16/16 8:00,74,47,27
4/16/16 9:00,65,36,29
4/16/16 10:00,56,30,26
4/16/16 11:00,61,30,31
4/16/16 12:00,80,35,45
4/16/16 13:00,91,42,49
4/16/16 14:00,97,34,63
4/16/16 15:00,62,33,29
4/16/16 16:00,53,16,37
4/16/16 17:00,49,21,28
4/16/16 18:00,17,11,6
4/16/16 19:00,32,13,19
4/16/16 20:00,10,5,5
4/16/16 21:00,14,10,4
4/16/16 22:00,8,6,2
4/16/16 23:00,2,0,2
4/17/16 0:00,3,2,1
4/17/16 1:00,2,2,0
4/17/16 2:00,1,1,0
4/17/16 3:00,5,4,1
4/17/16 4:00,1,1,0
4/17/16 5:00,5,0,5
4/17/16 6:00,1,1,0
4/17/16 7:00,14,1,13
4/17/16 8:00,37,14,23
4/17/16 9:00,54,32,22
4/17/16 10:00,87,45,42
4/17/16 11:00,86,35,51
4/17/16 12:00,104,55,49
4/17/16 13:00,106,67,39
4/17/16 14:00,123,56,67
4/17/16 15:00,100,48,52
4/17/16 16:00,70,34,36
4/17/16 17:00,62,28,34
4/17/16 18:00,59,25,34
4/17/16 19:00,30,14,16
4/17/16 20:00,18,9,9
4/17/16 21:00,11,4,7
4/17/16 22:00,2,1,1
4/17/16 23:00,3,1,2
4/18/16 0:00,6,3,3
4/18/16 1:00,1,0,1
4/18/16 2:00,14,5,9
4/18/16 3:00,1,1,0
4/18/16 4:00,5,0,5
4/18/16 5:00,22,1,21
4/18/16 6:00,69,9,60
4/18/16 7:00,160,17,143
4/18/16 8:00,163,14,149
4/18/16 9:00,69,11,58
4/18/16 10:00,39,9,30
4/18/16 11:00,30,15,15
4/18/16 12:00,40,20,20
4/18/16 13:00,42,17,25
4/18/16 14:00,49,28,21
4/18/16 15:00,47,34,13
4/18/16 16:00,133,99,34
4/18/16 17:00,239,202,37
4/18/16 18:00,131,112,19
4/18/16 19:00,74,53,21
4/18/16 20:00,29,18,11
4/18/16 21:00,13,8,5
4/18/16 22:00,6,4,2
4/18/16 23:00,10,6,4
4/19/16 0:00,1,1,0
4/19/16 1:00,6,6,0
4/19/16 2:00,4,2,2
4/19/16 3:00,2,2,0
4/19/16 4:00,7,0,7
4/19/16 5:00,28,4,24
4/19/16 6:00,102,12,90
4/19/16 7:00,200,23,177
4/19/16 8:00,179,18,161
4/19/16 9:00,77,17,60
4/19/16 10:00,33,13,20
4/19/16 11:00,42,21,21
4/19/16 12:00,26,14,12
4/19/16 13:00,53,29,24
4/19/16 14:00,51,29,22
4/19/16 15:00,82,45,37
4/19/16 16:00,133,106,27
4/19/16 17:00,252,215,37
4/19/16 18:00,154,130,24
4/19/16 19:00,63,43,20
4/19/16 20:00,41,25,16
4/19/16 21:00,27,21,6
4/19/16 22:00,2,1,1
4/19/16 23:00,7,5,2
4/20/16 0:00,3,2,1
4/20/16 1:00,2,0,2
4/20/16 2:00,5,3,2
4/20/16 3:00,2,2,0
4/20/16 4:00,2,0,2
4/20/16 5:00,36,6,30
4/20/16 6:00,108,15,93
4/20/16 7:00,180,19,161
4/20/16 8:00,159,17,142
4/20/16 9:00,77,17,60
4/20/16 10:00,32,9,23
4/20/16 11:00,31,14,17
4/20/16 12:00,30,15,15
4/20/16 13:00,35,17,18
4/20/16 14:00,41,29,12
4/20/16 15:00,69,45,24
4/20/16 16:00,136,96,40
4/20/16 17:00,240,206,34
4/20/16 18:00,151,120,31
4/20/16 19:00,68,47,21
4/20/16 20:00,29,21,8
4/20/16 21:00,17,10,7
4/20/16 22:00,8,7,1
4/20/16 23:00,5,4,1
4/21/16 0:00,4,4,0
4/21/16 1:00,1,0,1
4/21/16 2:00,2,2,0
4/21/16 3:00,1,1,0
4/21/16 4:00,4,1,3
4/21/16 5:00,30,3,27
4/21/16 6:00,87,12,75
4/21/16 7:00,163,23,140
4/21/16 8:00,176,19,157
4/21/16 9:00,58,3,55
4/21/16 10:00,37,7,30
4/21/16 11:00,26,11,15
4/21/16 12:00,43,26,17
4/21/16 13:00,43,22,21
4/21/16 14:00,44,27,17
4/21/16 15:00,52,35,17
4/21/16 16:00,129,94,35
4/21/16 17:00,203,180,23
4/21/16 18:00,130,106,24
4/21/16 19:00,71,45,26
4/21/16 20:00,31,17,14
4/21/16 21:00,23,19,4
4/21/16 22:00,8,5,3
4/21/16 23:00,4,3,1
4/22/16 0:00,4,4,0
4/22/16 1:00,1,0,1
4/22/16 2:00,3,1,2
4/22/16 3:00,1,1,0
4/22/16 4:00,8,3,5
4/22/16 5:00,20,4,16
4/22/16 6:00,46,10,36
4/22/16 7:00,113,13,100
4/22/16 8:00,105,20,85
4/22/16 9:00,45,5,40
4/22/16 10:00,19,1,18
4/22/16 11:00,19,11,8
4/22/16 12:00,18,8,10
4/22/16 13:00,24,14,10
4/22/16 14:00,16,9,7
4/22/16 15:00,31,23,8
4/22/16 16:00,67,54,13
4/22/16 17:00,112,101,11
4/22/16 18:00,60,50,10
4/22/16 19:00,24,14,10
4/22/16 20:00,8,8,0
4/22/16 21:00,4,3,1
4/22/16 22:00,4,2,2
4/22/16 23:00,4,1,3
4/23/16 0:00,7,5,2
4/23/16 1:00,5,5,0
4/23/16 2:00,1,0,1
4/23/16 3:00,2,0,2
4/23/16 4:00,1,0,1
4/23/16 5:00,7,1,6
4/23/16 6:00,9,1,8
4/23/16 7:00,21,5,16
4/23/16 8:00,34,13,21
4/23/16 9:00,41,29,12
4/23/16 10:00,46,22,24
4/23/16 11:00,118,80,38
4/23/16 12:00,48,26,22
4/23/16 13:00,63,37,26
4/23/16 14:00,33,13,20
4/23/16 15:00,75,32,43
4/23/16 16:00,44,22,22
4/23/16 17:00,34,25,9
4/23/16 18:00,14,8,6
4/23/16 19:00,7,1,6
4/23/16 20:00,8,6,2
4/23/16 21:00,10,5,5
4/23/16 22:00,4,1,3
4/23/16 23:00,2,2,0
4/24/16 0:00,0,0,0
4/24/16 1:00,1,1,0
4/24/16 2:00,3,2,1
4/24/16 3:00,3,2,1
4/24/16 4:00,0,0,0
4/24/16 5:00,5,2,3
4/24/16 6:00,4,0,4
4/24/16 7:00,7,1,6
4/24/16 8:00,13,6,7
4/24/16 9:00,3,1,2
4/24/16 10:00,5,4,1
4/24/16 11:00,8,2,6
4/24/16 12:00,4,2,2
4/24/16 13:00,7,3,4
4/24/16 14:00,11,4,7
4/24/16 15:00,10,7,3
4/24/16 16:00,12,7,5
4/24/16 17:00,8,5,3
4/24/16 18:00,7,5,2
4/24/16 19:00,11,5,6
4/24/16 20:00,3,2,1
4/24/16 21:00,4,3,1
4/24/16 22:00,3,1,2
4/24/16 23:00,3,2,1
4/25/16 0:00,1,1,0
4/25/16 1:00,0,0,0
4/25/16 2:00,2,1,1
4/25/16 3:00,1,1,0
4/25/16 4:00,5,0,5
4/25/16 5:00,16,2,14
4/25/16 6:00,52,6,46
4/25/16 7:00,109,11,98
4/25/16 8:00,95,11,84
4/25/16 9:00,40,6,34
4/25/16 10:00,23,3,20
4/25/16 11:00,13,3,10
4/25/16 12:00,25,14,11
4/25/16 13:00,22,12,10
4/25/16 14:00,28,17,11
4/25/16 15:00,45,30,15
4/25/16 16:00,77,61,16
4/25/16 17:00,141,122,19
4/25/16 18:00,89,74,15
4/25/16 19:00,36,32,4
4/25/16 20:00,21,12,9
4/25/16 21:00,9,9,0
4/25/16 22:00,8,6,2
4/25/16 23:00,6,2,4
4/26/16 0:00,0,0,0
4/26/16 1:00,0,0,0
4/26/16 2:00,1,0,1
4/26/16 3:00,2,2,0
4/26/16 4:00,6,0,6
4/26/16 5:00,24,2,22
4/26/16 6:00,85,7,78
4/26/16 7:00,180,15,165
4/26/16 8:00,152,21,131
4/26/16 9:00,63,5,58
4/26/16 10:00,18,6,12
4/26/16 11:00,24,11,13
4/26/16 12:00,22,9,13
4/26/16 13:00,32,16,16
4/26/16 14:00,33,17,16
4/26/16 15:00,42,28,14
4/26/16 16:00,141,110,31
4/26/16 17:00,207,181,26
4/26/16 18:00,140,120,20
4/26/16 19:00,51,38,13
4/26/16 20:00,20,15,5
4/26/16 21:00,17,13,4
4/26/16 22:00,16,14,2
4/26/16 23:00,1,1,0
4/27/16 0:00,0,0,0
4/27/16 1:00,1,1,0
4/27/16 2:00,2,1,1
4/27/16 3:00,1,1,0
4/27/16 4:00,6,1,5
4/27/16 5:00,28,2,26
4/27/16 6:00,74,9,65
4/27/16 7:00,157,17,140
4/27/16 8:00,156,13,143
4/27/16 9:00,59,6,53
4/27/16 10:00,32,13,19
4/27/16 11:00,36,23,13
4/27/16 12:00,30,10,20
4/27/16 13:00,24,12,12
4/27/16 14:00,43,27,16
4/27/16 15:00,45,26,19
4/27/16 16:00,112,86,26
4/27/16 17:00,189,173,16
4/27/16 18:00,130,114,16
4/27/16 19:00,73,54,19
4/27/16 20:00,32,17,15
4/27/16 21:00,18,9,9
4/27/16 22:00,6,5,1
4/27/16 23:00,5,4,1
4/28/16 0:00,1,1,0
4/28/16 1:00,2,1,1
4/28/16 2:00,4,2,2
4/28/16 3:00,1,1,0
4/28/16 4:00,4,1,3
4/28/16 5:00,18,2,16
4/28/16 6:00,92,7,85
4/28/16 7:00,176,21,155
4/28/16 8:00,164,28,136
4/28/16 9:00,63,5,58
4/28/16 10:00,31,11,20
4/28/16 11:00,30,10,20
4/28/16 12:00,21,9,12
4/28/16 13:00,24,8,16
4/28/16 14:00,28,18,10
4/28/16 15:00,50,40,10
4/28/16 16:00,124,98,26
4/28/16 17:00,202,170,32
4/28/16 18:00,138,109,29
4/28/16 19:00,46,33,13
4/28/16 20:00,22,18,4
4/28/16 21:00,13,11,2
4/28/16 22:00,6,4,2
4/28/16 23:00,5,4,1
4/29/16 0:00,8,5,3
4/29/16 1:00,1,1,0
4/29/16 2:00,0,0,0
4/29/16 3:00,1,0,1
4/29/16 4:00,7,2,5
4/29/16 5:00,27,5,22
4/29/16 6:00,114,14,100
4/29/16 7:00,193,17,176
4/29/16 8:00,168,11,157
4/29/16 9:00,70,7,63
4/29/16 10:00,33,4,29
4/29/16 11:00,16,5,11
4/29/16 12:00,8,5,3
4/29/16 13:00,21,13,8
4/29/16 14:00,30,19,11
4/29/16 15:00,76,61,15
4/29/16 16:00,144,126,18
4/29/16 17:00,211,188,23
4/29/16 18:00,139,114,25
4/29/16 19:00,48,34,14
4/29/16 20:00,29,19,10
4/29/16 21:00,10,6,4
4/29/16 22:00,16,14,2
4/29/16 23:00,13,11,2
4/30/16 0:00,7,6,1
4/30/16 1:00,3,2,1
4/30/16 2:00,1,0,1
4/30/16 3:00,1,1,0
4/30/16 4:00,1,0,1
4/30/16 5:00,4,0,4
4/30/16 6:00,11,2,9
4/30/16 7:00,29,7,22
4/30/16 8:00,34,13,21
4/30/16 9:00,56,22,34
4/30/16 10:00,57,23,34
4/30/16 11:00,63,33,30
4/30/16 12:00,85,39,46
4/30/16 13:00,78,40,38
4/30/16 14:00,84,48,36
4/30/16 15:00,95,56,39
4/30/16 16:00,70,39,31
4/30/16 17:00,64,26,38
4/30/16 18:00,44,21,23
4/30/16 19:00,25,13,12
4/30/16 20:00,12,9,3
4/30/16 21:00,16,7,9
4/30/16 22:00,17,14,3
4/30/16 23:00,8,5,3
5/1/16 0:00,3,3,0
5/1/16 1:00,3,0,3
5/1/16 2:00,3,3,0
5/1/16 3:00,5,4,1
5/1/16 4:00,4,1,3
5/1/16 5:00,4,0,4
5/1/16 6:00,9,0,9
5/1/16 7:00,14,5,9
5/1/16 8:00,44,10,34
5/1/16 9:00,100,34,66
5/1/16 10:00,88,44,44
5/1/16 11:00,105,59,46
5/1/16 12:00,96,54,42
5/1/16 13:00,126,68,58
5/1/16 14:00,116,65,51
5/1/16 15:00,120,71,49
5/1/16 16:00,88,50,38
5/1/16 17:00,76,37,39
5/1/16 18:00,47,20,27
5/1/16 19:00,41,21,20
5/1/16 20:00,21,15,6
5/1/16 21:00,8,5,3
5/1/16 22:00,7,1,6
5/1/16 23:00,4,3,1
5/2/16 0:00,4,2,2
5/2/16 1:00,4,3,1
5/2/16 2:00,2,2,0
5/2/16 3:00,2,2,0
5/2/16 4:00,10,1,9
5/2/16 5:00,40,7,33
5/2/16 6:00,177,18,159
5/2/16 7:00,366,36,330
5/2/16 8:00,313,37,276
5/2/16 9:00,99,16,83
5/2/16 10:00,57,13,44
5/2/16 11:00,56,29,27
5/2/16 12:00,50,26,24
5/2/16 13:00,51,23,28
5/2/16 14:00,62,43,19
5/2/16 15:00,93,65,28
5/2/16 16:00,248,202,46
5/2/16 17:00,431,367,64
5/2/16 18:00,257,223,34
5/2/16 19:00,103,80,23
5/2/16 20:00,48,33,15
5/2/16 21:00,33,24,9
5/2/16 22:00,14,8,6
5/2/16 23:00,5,3,2
5/3/16 0:00,2,1,1
5/3/16 1:00,2,2,0
5/3/16 2:00,1,0,1
5/3/16 3:00,5,5,0
5/3/16 4:00,12,4,8
5/3/16 5:00,45,6,39
5/3/16 6:00,189,20,169
5/3/16 7:00,350,35,315
5/3/16 8:00,310,26,284
5/3/16 9:00,99,19,80
5/3/16 10:00,35,6,29
5/3/16 11:00,36,20,16
5/3/16 12:00,30,9,21
5/3/16 13:00,26,16,10
5/3/16 14:00,48,28,20
5/3/16 15:00,95,73,22
5/3/16 16:00,219,176,43
5/3/16 17:00,414,364,50
5/3/16 18:00,242,216,26
5/3/16 19:00,74,61,13
5/3/16 20:00,31,24,7
5/3/16 21:00,23,19,4
5/3/16 22:00,8,7,1
5/3/16 23:00,5,2,3
5/4/16 0:00,5,4,1
5/4/16 1:00,1,0,1
5/4/16 2:00,4,2,2
5/4/16 3:00,3,3,0
5/4/16 4:00,6,2,4
5/4/16 5:00,38,5,33
5/4/16 6:00,170,20,150
5/4/16 7:00,266,29,237
5/4/16 8:00,275,24,251
5/4/16 9:00,96,18,78
5/4/16 10:00,35,7,28
5/4/16 11:00,24,8,16
5/4/16 12:00,26,12,14
5/4/16 13:00,27,12,15
5/4/16 14:00,23,17,6
5/4/16 15:00,87,68,19
5/4/16 16:00,169,147,22
5/4/16 17:00,343,308,35
5/4/16 18:00,189,163,26
5/4/16 19:00,74,60,14
5/4/16 20:00,37,23,14
5/4/16 21:00,9,8,1
5/4/16 22:00,5,4,1
5/4/16 23:00,12,6,6
5/5/16 0:00,5,1,4
5/5/16 1:00,2,1,1
5/5/16 2:00,1,1,0
5/5/16 3:00,1,0,1
5/5/16 4:00,9,1,8
5/5/16 5:00,42,6,36
5/5/16 6:00,170,17,153
5/5/16 7:00,300,30,270
5/5/16 8:00,281,25,256
5/5/16 9:00,109,16,93
5/5/16 10:00,44,8,36
5/5/16 11:00,27,15,12
5/5/16 12:00,43,21,22
5/5/16 13:00,36,22,14
5/5/16 14:00,47,24,23
5/5/16 15:00,81,61,20
5/5/16 16:00,175,147,28
5/5/16 17:00,341,298,43
5/5/16 18:00,199,167,32
5/5/16 19:00,85,71,14
5/5/16 20:00,112,97,15
5/5/16 21:00,94,23,71
5/5/16 22:00,16,13,3
5/5/16 23:00,12,9,3
5/6/16 0:00,10,7,3
5/6/16 1:00,6,5,1
5/6/16 2:00,3,2,1
5/6/16 3:00,2,1,1
5/6/16 4:00,6,1,5
5/6/16 5:00,39,7,32
5/6/16 6:00,128,16,112
5/6/16 7:00,291,23,268
5/6/16 8:00,256,23,233
5/6/16 9:00,98,15,83
5/6/16 10:00,47,10,37
5/6/16 11:00,41,19,22
5/6/16 12:00,43,24,19
5/6/16 13:00,45,22,23
5/6/16 14:00,56,35,21
5/6/16 15:00,118,87,31
5/6/16 16:00,215,175,40
5/6/16 17:00,278,236,42
5/6/16 18:00,170,147,23
5/6/16 19:00,67,50,17
5/6/16 20:00,42,28,14
5/6/16 21:00,21,16,5
5/6/16 22:00,14,8,6
5/6/16 23:00,8,8,0
5/7/16 0:00,12,7,5
5/7/16 1:00,9,4,5
5/7/16 2:00,3,2,1
5/7/16 3:00,4,4,0
5/7/16 4:00,5,3,2
5/7/16 5:00,4,0,4
5/7/16 6:00,11,4,7
5/7/16 7:00,32,8,24
5/7/16 8:00,63,26,37
5/7/16 9:00,76,36,40
5/7/16 10:00,77,35,42
5/7/16 11:00,98,60,38
5/7/16 12:00,115,62,53
5/7/16 13:00,127,78,49
5/7/16 14:00,126,65,61
5/7/16 15:00,110,47,63
5/7/16 16:00,113,64,49
5/7/16 17:00,83,34,49
5/7/16 18:00,55,23,32
5/7/16 19:00,29,17,12
5/7/16 20:00,21,14,7
5/7/16 21:00,23,17,6
5/7/16 22:00,14,9,5
5/7/16 23:00,10,7,3
5/8/16 0:00,4,2,2
5/8/16 1:00,5,4,1
5/8/16 2:00,2,2,0
5/8/16 3:00,2,1,1
5/8/16 4:00,0,0,0
5/8/16 5:00,4,1,3
5/8/16 6:00,5,1,4
5/8/16 7:00,8,2,6
5/8/16 8:00,4,0,4
5/8/16 9:00,17,12,5
5/8/16 10:00,18,6,12
5/8/16 11:00,23,12,11
5/8/16 12:00,22,14,8
5/8/16 13:00,42,22,20
5/8/16 14:00,30,15,15
5/8/16 15:00,24,10,14
5/8/16 16:00,38,19,19
5/8/16 17:00,32,14,18
5/8/16 18:00,14,9,5
5/8/16 19:00,15,7,8
5/8/16 20:00,9,8,1
5/8/16 21:00,9,5,4
5/8/16 22:00,5,5,0
5/8/16 23:00,2,1,1
5/9/16 0:00,0,0,0
5/9/16 1:00,0,0,0
5/9/16 2:00,0,0,0
5/9/16 3:00,3,3,0
5/9/16 4:00,4,2,2
5/9/16 5:00,34,6,28
5/9/16 6:00,126,17,109
5/9/16 7:00,244,20,224
5/9/16 8:00,224,24,200
5/9/16 9:00,91,12,79
5/9/16 10:00,31,5,26
5/9/16 11:00,26,10,16
5/9/16 12:00,35,15,20
5/9/16 13:00,25,11,14
5/9/16 14:00,43,28,15
5/9/16 15:00,75,56,19
5/9/16 16:00,170,136,34
5/9/16 17:00,292,266,26
5/9/16 18:00,187,164,23
5/9/16 19:00,62,46,16
5/9/16 20:00,42,22,20
5/9/16 21:00,14,10,4
5/9/16 22:00,11,7,4
5/9/16 23:00,9,7,2
5/10/16 0:00,8,5,3
5/10/16 1:00,1,1,0
5/10/16 2:00,3,2,1
5/10/16 3:00,1,1,0
5/10/16 4:00,9,2,7
5/10/16 5:00,35,4,31
5/10/16 6:00,139,20,119
5/10/16 7:00,251,23,228
5/10/16 8:00,244,34,210
5/10/16 9:00,78,8,70
5/10/16 10:00,39,11,28
5/10/16 11:00,23,10,13
5/10/16 12:00,31,18,13
5/10/16 13:00,37,16,21
5/10/16 14:00,48,28,20
5/10/16 15:00,81,54,27
5/10/16 16:00,164,137,27
5/10/16 17:00,293,244,49
5/10/16 18:00,194,166,28
5/10/16 19:00,75,61,14
5/10/16 20:00,32,18,14
5/10/16 21:00,26,18,8
5/10/16 22:00,11,8,3
5/10/16 23:00,7,4,3
5/11/16 0:00,5,3,2
5/11/16 1:00,2,1,1
5/11/16 2:00,2,2,0
5/11/16 3:00,4,2,2
5/11/16 4:00,7,2,5
5/11/16 5:00,41,7,34
5/11/16 6:00,117,18,99
5/11/16 7:00,234,19,215
5/11/16 8:00,206,21,185
5/11/16 9:00,79,14,65
5/11/16 10:00,50,12,38
5/11/16 11:00,34,16,18
5/11/16 12:00,43,13,30
5/11/16 13:00,42,25,17
5/11/16 14:00,56,35,21
5/11/16 15:00,63,47,16
5/11/16 16:00,188,156,32
5/11/16 17:00,295,248,47
5/11/16 18:00,186,152,34
5/11/16 19:00,77,51,26
5/11/16 20:00,37,21,16
5/11/16 21:00,29,26,3
5/11/16 22:00,4,2,2
5/11/16 23:00,5,5,0
5/12/16 0:00,2,1,1
5/12/16 1:00,1,1,0
5/12/16 2:00,3,2,1
5/12/16 3:00,2,1,1
5/12/16 4:00,7,2,5
5/12/16 5:00,34,6,28
5/12/16 6:00,117,20,97
5/12/16 7:00,238,22,216
5/12/16 8:00,213,21,192
5/12/16 9:00,97,12,85
5/12/16 10:00,32,8,24
5/12/16 11:00,36,20,16
5/12/16 12:00,35,13,22
5/12/16 13:00,40,17,23
5/12/16 14:00,39,23,16
5/12/16 15:00,73,53,20
5/12/16 16:00,129,101,28
5/12/16 17:00,263,230,33
5/12/16 18:00,193,170,23
5/12/16 19:00,80,59,21
5/12/16 20:00,57,38,19
5/12/16 21:00,31,19,12
5/12/16 22:00,11,8,3
5/12/16 23:00,7,5,2
5/13/16 0:00,6,1,5
5/13/16 1:00,2,1,1
5/13/16 2:00,4,4,0
5/13/16 3:00,0,0,0
5/13/16 4:00,7,3,4
5/13/16 5:00,32,4,28
5/13/16 6:00,105,19,86
5/13/16 7:00,206,25,181
5/13/16 8:00,174,20,154
5/13/16 9:00,77,14,63
5/13/16 10:00,39,8,31
5/13/16 11:00,38,18,20
5/13/16 12:00,42,28,14
5/13/16 13:00,53,26,27
5/13/16 14:00,45,23,22
5/13/16 15:00,82,51,31
5/13/16 16:00,155,127,28
5/13/16 17:00,213,182,31
5/13/16 18:00,115,99,16
5/13/16 19:00,61,46,15
5/13/16 20:00,34,22,12
5/13/16 21:00,16,10,6
5/13/16 22:00,16,10,6
5/13/16 23:00,9,8,1
5/14/16 0:00,9,4,5
5/14/16 1:00,2,2,0
5/14/16 2:00,4,2,2
5/14/16 3:00,1,1,0
5/14/16 4:00,4,2,2
5/14/16 5:00,10,3,7
5/14/16 6:00,18,4,14
5/14/16 7:00,31,12,19
5/14/16 8:00,41,12,29
5/14/16 9:00,43,24,19
5/14/16 10:00,65,42,23
5/14/16 11:00,59,24,35
5/14/16 12:00,43,20,23
5/14/16 13:00,33,16,17
5/14/16 14:00,38,11,27
5/14/16 15:00,19,10,9
5/14/16 16:00,13,10,3
5/14/16 17:00,30,18,12
5/14/16 18:00,16,13,3
5/14/16 19:00,13,8,5
5/14/16 20:00,10,4,6
5/14/16 21:00,5,5,0
5/14/16 22:00,1,0,1
5/14/16 23:00,4,3,1
5/15/16 0:00,2,0,2
5/15/16 1:00,0,0,0
5/15/16 2:00,1,1,0
5/15/16 3:00,2,2,0
5/15/16 4:00,1,1,0
5/15/16 5:00,3,0,3
5/15/16 6:00,7,1,6
5/15/16 7:00,19,5,14
5/15/16 8:00,19,8,11
5/15/16 9:00,28,19,9
5/15/16 10:00,33,17,16
5/15/16 11:00,36,17,19
5/15/16 12:00,47,22,25
5/15/16 13:00,49,27,22
5/15/16 14:00,43,14,29
5/15/16 15:00,30,21,9
5/15/16 16:00,29,18,11
5/15/16 17:00,22,11,11
5/15/16 18:00,16,10,6
5/15/16 19:00,9,3,6
5/15/16 20:00,5,4,1
5/15/16 21:00,6,4,2
5/15/16 22:00,1,1,0
5/15/16 23:00,5,2,3
5/16/16 0:00,0,0,0
5/16/16 1:00,3,2,1
5/16/16 2:00,4,2,2
5/16/16 3:00,2,2,0
5/16/16 4:00,3,1,2
5/16/16 5:00,22,2,20
5/16/16 6:00,80,9,71
5/16/16 7:00,149,17,132
5/16/16 8:00,161,11,150
5/16/16 9:00,56,7,49
5/16/16 10:00,16,3,13
5/16/16 11:00,21,8,13
5/16/16 12:00,20,10,10
5/16/16 13:00,11,6,5
5/16/16 14:00,30,17,13
5/16/16 15:00,32,25,7
5/16/16 16:00,103,82,21
5/16/16 17:00,195,166,29
5/16/16 18:00,132,113,19
5/16/16 19:00,50,41,9
5/16/16 20:00,29,17,12
5/16/16 21:00,11,8,3
5/16/16 22:00,6,5,1
5/16/16 23:00,6,3,3
5/17/16 0:00,2,1,1
5/17/16 1:00,4,2,2
5/17/16 2:00,0,0,0
5/17/16 3:00,2,2,0
5/17/16 4:00,13,4,9
5/17/16 5:00,29,3,26
5/17/16 6:00,112,15,97
5/17/16 7:00,222,26,196
5/17/16 8:00,215,21,194
5/17/16 9:00,78,10,68
5/17/16 10:00,40,13,27
5/17/16 11:00,30,10,20
5/17/16 12:00,23,9,14
5/17/16 13:00,31,11,20
5/17/16 14:00,42,28,14
5/17/16 15:00,54,41,13
5/17/16 16:00,150,124,26
5/17/16 17:00,297,255,42
5/17/16 18:00,174,153,21
5/17/16 19:00,81,59,22
5/17/16 20:00,35,22,13
5/17/16 21:00,22,16,6
5/17/16 22:00,12,3,9
5/17/16 23:00,4,3,1
5/18/16 0:00,2,1,1
5/18/16 1:00,1,0,1
5/18/16 2:00,4,3,1
5/18/16 3:00,3,3,0
5/18/16 4:00,4,1,3
5/18/16 5:00,33,2,31
5/18/16 6:00,104,10,94
5/18/16 7:00,216,22,194
5/18/16 8:00,203,18,185
5/18/16 9:00,69,10,59
5/18/16 10:00,36,14,22
5/18/16 11:00,23,10,13
5/18/16 12:00,28,12,16
5/18/16 13:00,24,11,13
5/18/16 14:00,33,20,13
5/18/16 15:00,52,34,18
5/18/16 16:00,159,123,36
5/18/16 17:00,243,224,19
5/18/16 18:00,132,107,25
5/18/16 19:00,54,40,14
5/18/16 20:00,40,24,16
5/18/16 21:00,21,17,4
5/18/16 22:00,5,5,0
5/18/16 23:00,5,4,1
5/19/16 0:00,4,2,2
5/19/16 1:00,2,1,1
5/19/16 2:00,0,0,0
5/19/16 3:00,0,0,0
5/19/16 4:00,4,1,3
5/19/16 5:00,17,3,14
5/19/16 6:00,62,12,50
5/19/16 7:00,150,14,136
5/19/16 8:00,154,13,141
5/19/16 9:00,42,6,36
5/19/16 10:00,24,5,19
5/19/16 11:00,25,11,14
5/19/16 12:00,9,4,5
5/19/16 13:00,22,15,7
5/19/16 14:00,31,16,15
5/19/16 15:00,31,23,8
5/19/16 16:00,76,64,12
5/19/16 17:00,171,152,19
5/19/16 18:00,92,74,18
5/19/16 19:00,46,38,8
5/19/16 20:00,17,12,5
5/19/16 21:00,9,5,4
5/19/16 22:00,2,2,0
5/19/16 23:00,3,2,1
5/20/16 0:00,4,4,0
5/20/16 1:00,0,0,0
5/20/16 2:00,1,1,0
5/20/16 3:00,0,0,0
5/20/16 4:00,2,0,2
5/20/16 5:00,29,1,28
5/20/16 6:00,115,14,101
5/20/16 7:00,197,14,183
5/20/16 8:00,229,18,211
5/20/16 9:00,79,18,61
5/20/16 10:00,23,9,14
5/20/16 11:00,36,20,16
5/20/16 12:00,46,27,19
5/20/16 13:00,45,19,26
5/20/16 14:00,54,33,21
5/20/16 15:00,70,55,15
5/20/16 16:00,149,118,31
5/20/16 17:00,250,214,36
5/20/16 18:00,131,113,18
5/20/16 19:00,42,33,9
5/20/16 20:00,33,24,9
5/20/16 21:00,9,6,3
5/20/16 22:00,16,9,7
5/20/16 23:00,10,7,3
5/21/16 0:00,8,6,2
5/21/16 1:00,9,6,3
5/21/16 2:00,5,4,1
5/21/16 3:00,0,0,0
5/21/16 4:00,1,0,1
5/21/16 5:00,7,3,4
5/21/16 6:00,9,2,7
5/21/16 7:00,14,5,9
5/21/16 8:00,6,4,2
5/21/16 9:00,13,5,8
5/21/16 10:00,5,1,4
5/21/16 11:00,15,6,9
5/21/16 12:00,10,5,5
5/21/16 13:00,18,10,8
5/21/16 14:00,15,6,9
5/21/16 15:00,18,5,13
5/21/16 16:00,23,11,12
5/21/16 17:00,22,13,9
5/21/16 18:00,14,8,6
5/21/16 19:00,4,0,4
5/21/16 20:00,7,3,4
5/21/16 21:00,9,6,3
5/21/16 22:00,4,3,1
5/21/16 23:00,5,4,1
5/22/16 0:00,5,4,1
5/22/16 1:00,0,0,0
5/22/16 2:00,2,2,0
5/22/16 3:00,1,0,1
5/22/16 4:00,3,2,1
5/22/16 5:00,4,0,4
5/22/16 6:00,11,3,8
5/22/16 7:00,12,1,11
5/22/16 8:00,33,23,10
5/22/16 9:00,16,9,7
5/22/16 10:00,45,21,24
5/22/16 11:00,53,20,33
5/22/16 12:00,71,42,29
5/22/16 13:00,57,20,37
5/22/16 14:00,75,41,34
5/22/16 15:00,77,39,38
5/22/16 16:00,54,34,20
5/22/16 17:00,53,26,27
5/22/16 18:00,25,13,12
5/22/16 19:00,22,11,11
5/22/16 20:00,13,7,6
5/22/16 21:00,9,3,6
5/22/16 22:00,6,4,2
5/22/16 23:00,4,4,0
5/23/16 0:00,1,1,0
5/23/16 1:00,6,3,3
5/23/16 2:00,1,1,0
5/23/16 3:00,0,0,0
5/23/16 4:00,8,2,6
5/23/16 5:00,29,5,24
5/23/16 6:00,97,14,83
5/23/16 7:00,199,12,187
5/23/16 8:00,198,15,183
5/23/16 9:00,70,11,59
5/23/16 10:00,24,7,17
5/23/16 11:00,21,10,11
5/23/16 12:00,20,7,13
5/23/16 13:00,28,16,12
5/23/16 14:00,21,13,8
5/23/16 15:00,45,30,15
5/23/16 16:00,142,115,27
5/23/16 17:00,247,222,25
5/23/16 18:00,151,133,18
5/23/16 19:00,51,38,13
5/23/16 20:00,30,18,12
5/23/16 21:00,16,11,5
5/23/16 22:00,12,10,2
5/23/16 23:00,9,5,4
5/24/16 0:00,1,1,0
5/24/16 1:00,0,0,0
5/24/16 2:00,5,4,1
5/24/16 3:00,1,1,0
5/24/16 4:00,7,1,6
5/24/16 5:00,37,5,32
5/24/16 6:00,112,13,99
5/24/16 7:00,233,25,208
5/24/16 8:00,206,24,182
5/24/16 9:00,66,11,55
5/24/16 10:00,26,8,18
5/24/16 11:00,35,12,23
5/24/16 12:00,24,11,13
5/24/16 13:00,22,13,9
5/24/16 14:00,27,18,9
5/24/16 15:00,57,41,16
5/24/16 16:00,147,123,24
5/24/16 17:00,251,226,25
5/24/16 18:00,146,123,23
5/24/16 19:00,66,58,8
5/24/16 20:00,24,17,7
5/24/16 21:00,22,18,4
5/24/16 22:00,12,9,3
5/24/16 23:00,6,6,0
5/25/16 0:00,1,0,1
5/25/16 1:00,4,2,2
5/25/16 2:00,2,1,1
5/25/16 3:00,0,0,0
5/25/16 4:00,5,0,5
5/25/16 5:00,39,3,36
5/25/16 6:00,110,15,95
5/25/16 7:00,182,22,160
5/25/16 8:00,191,17,174
5/25/16 9:00,64,7,57
5/25/16 10:00,34,6,28
5/25/16 11:00,31,18,13
5/25/16 12:00,41,29,12
5/25/16 13:00,28,15,13
5/25/16 14:00,31,24,7
5/25/16 15:00,57,42,15
5/25/16 16:00,123,99,24
5/25/16 17:00,234,203,31
5/25/16 18:00,134,108,26
5/25/16 19:00,62,52,10
5/25/16 20:00,33,24,9
5/25/16 21:00,14,14,0
5/25/16 22:00,4,3,1
5/25/16 23:00,9,6,3
5/26/16 0:00,3,1,2
5/26/16 1:00,3,3,0
5/26/16 2:00,3,2,1
5/26/16 3:00,2,1,1
5/26/16 4:00,4,0,4
5/26/16 5:00,31,3,28
5/26/16 6:00,92,10,82
5/26/16 7:00,177,18,159
5/26/16 8:00,169,15,154
5/26/16 9:00,44,5,39
5/26/16 10:00,27,11,16
5/26/16 11:00,16,5,11
5/26/16 12:00,22,10,12
5/26/16 13:00,18,9,9
5/26/16 14:00,26,14,12
5/26/16 15:00,38,27,11
5/26/16 16:00,96,78,18
5/26/16 17:00,187,165,22
5/26/16 18:00,127,106,21
5/26/16 19:00,96,83,13
5/26/16 20:00,28,20,8
5/26/16 21:00,22,18,4
5/26/16 22:00,17,8,9
5/26/16 23:00,8,6,2
5/27/16 0:00,5,2,3
5/27/16 1:00,1,0,1
5/27/16 2:00,1,1,0
5/27/16 3:00,1,1,0
5/27/16 4:00,1,0,1
5/27/16 5:00,15,4,11
5/27/16 6:00,50,6,44
5/27/16 7:00,111,9,102
5/27/16 8:00,117,10,107
5/27/16 9:00,49,9,40
5/27/16 10:00,27,10,17
5/27/16 11:00,20,12,8
5/27/16 12:00,32,17,15
5/27/16 13:00,27,12,15
5/27/16 14:00,35,19,16
5/27/16 15:00,64,54,10
5/27/16 16:00,94,74,20
5/27/16 17:00,96,86,10
5/27/16 18:00,72,65,7
5/27/16 19:00,30,19,11
5/27/16 20:00,12,11,1
5/27/16 21:00,21,9,12
5/27/16 22:00,9,7,2
5/27/16 23:00,4,3,1
5/28/16 0:00,12,11,1
5/28/16 1:00,2,0,2
5/28/16 2:00,1,0,1
5/28/16 3:00,1,1,0
5/28/16 4:00,2,2,0
5/28/16 5:00,4,0,4
5/28/16 6:00,7,1,6
5/28/16 7:00,17,4,13
5/28/16 8:00,22,5,17
5/28/16 9:00,44,32,12
5/28/16 10:00,36,23,13
5/28/16 11:00,67,23,44
5/28/16 12:00,37,13,24
5/28/16 13:00,28,14,14
5/28/16 14:00,27,14,13
5/28/16 15:00,39,21,18
5/28/16 16:00,21,10,11
5/28/16 17:00,28,14,14
5/28/16 18:00,17,7,10
5/28/16 19:00,8,4,4
5/28/16 20:00,7,5,2
5/28/16 21:00,9,5,4
5/28/16 22:00,11,8,3
5/28/16 23:00,6,4,2
5/29/16 0:00,5,5,0
5/29/16 1:00,1,0,1
5/29/16 2:00,1,1,0
5/29/16 3:00,5,5,0
5/29/16 4:00,4,2,2
5/29/16 5:00,5,2,3
5/29/16 6:00,2,0,2
5/29/16 7:00,7,1,6
5/29/16 8:00,17,5,12
5/29/16 9:00,9,3,6
5/29/16 10:00,6,4,2
5/29/16 11:00,19,11,8
5/29/16 12:00,25,9,16
5/29/16 13:00,19,10,9
5/29/16 14:00,20,13,7
5/29/16 15:00,26,11,15
5/29/16 16:00,35,18,17
5/29/16 17:00,30,22,8
5/29/16 18:00,13,6,7
5/29/16 19:00,18,10,8
5/29/16 20:00,5,3,2
5/29/16 21:00,12,10,2
5/29/16 22:00,2,2,0
5/29/16 23:00,1,0,1
5/30/16 0:00,2,1,1
5/30/16 1:00,1,1,0
5/30/16 2:00,1,0,1
5/30/16 3:00,1,0,1
5/30/16 4:00,1,1,0
5/30/16 5:00,7,0,7
5/30/16 6:00,17,5,12
5/30/16 7:00,19,6,13
5/30/16 8:00,46,19,27
5/30/16 9:00,65,29,36
5/30/16 10:00,78,38,40
5/30/16 11:00,108,58,50
5/30/16 12:00,125,67,58
5/30/16 13:00,107,49,58
5/30/16 14:00,117,56,61
5/30/16 15:00,104,62,42
5/30/16 16:00,93,33,60
5/30/16 17:00,75,42,33
5/30/16 18:00,48,28,20
5/30/16 19:00,29,18,11
5/30/16 20:00,27,12,15
5/30/16 21:00,18,7,11
5/30/16 22:00,5,3,2
5/30/16 23:00,6,2,4
5/31/16 0:00,7,5,2
5/31/16 1:00,1,0,1
5/31/16 2:00,2,1,1
5/31/16 3:00,1,0,1
5/31/16 4:00,10,3,7
5/31/16 5:00,31,4,27
5/31/16 6:00,99,11,88
5/31/16 7:00,197,19,178
5/31/16 8:00,202,30,172
5/31/16 9:00,69,9,60
5/31/16 10:00,27,4,23
5/31/16 11:00,32,19,13
5/31/16 12:00,39,24,15
5/31/16 13:00,38,19,19
5/31/16 14:00,29,16,13
5/31/16 15:00,71,48,23
5/31/16 16:00,149,118,31
5/31/16 17:00,246,216,30
5/31/16 18:00,158,134,24
5/31/16 19:00,66,49,17
5/31/16 20:00,38,24,14
5/31/16 21:00,22,15,7
5/31/16 22:00,11,6,5
5/31/16 23:00,6,5,1
6/1/16 0:00,3,1,2
6/1/16 1:00,2,0,2
6/1/16 2:00,3,2,1
6/1/16 3:00,1,1,0
6/1/16 4:00,13,3,10
6/1/16 5:00,32,4,28
6/1/16 6:00,131,16,115
6/1/16 7:00,215,20,195
6/1/16 8:00,165,17,148
6/1/16 9:00,60,16,44
6/1/16 10:00,62,31,31
6/1/16 11:00,27,12,15
6/1/16 12:00,48,16,32
6/1/16 13:00,32,13,19
6/1/16 14:00,40,21,19
6/1/16 15:00,72,40,32
6/1/16 16:00,146,125,21
6/1/16 17:00,244,220,24
6/1/16 18:00,148,130,18
6/1/16 19:00,56,40,16
6/1/16 20:00,28,22,6
6/1/16 21:00,19,13,6
6/1/16 22:00,6,4,2
6/1/16 23:00,6,2,4
6/2/16 0:00,3,3,0
6/2/16 1:00,2,0,2
6/2/16 2:00,2,2,0
6/2/16 3:00,1,1,0
6/2/16 4:00,6,1,5
6/2/16 5:00,23,2,21
6/2/16 6:00,89,11,78
6/2/16 7:00,159,12,147
6/2/16 8:00,156,16,140
6/2/16 9:00,44,3,41
6/2/16 10:00,19,5,14
6/2/16 11:00,17,8,9
6/2/16 12:00,19,8,11
6/2/16 13:00,26,8,18
6/2/16 14:00,29,18,11
6/2/16 15:00,43,25,18
6/2/16 16:00,90,75,15
6/2/16 17:00,194,172,22
6/2/16 18:00,145,115,30
6/2/16 19:00,50,38,12
6/2/16 20:00,33,22,11
6/2/16 21:00,7,6,1
6/2/16 22:00,12,10,2
6/2/16 23:00,9,5,4
6/3/16 0:00,1,1,0
6/3/16 1:00,5,3,2
6/3/16 2:00,4,2,2
6/3/16 3:00,1,0,1
6/3/16 4:00,7,2,5
6/3/16 5:00,31,3,28
6/3/16 6:00,95,12,83
6/3/16 7:00,159,13,146
6/3/16 8:00,154,22,132
6/3/16 9:00,58,17,41
6/3/16 10:00,39,14,25
6/3/16 11:00,65,44,21
6/3/16 12:00,45,11,34
6/3/16 13:00,44,27,17
6/3/16 14:00,42,18,24
6/3/16 15:00,65,47,18
6/3/16 16:00,149,117,32
6/3/16 17:00,191,157,34
6/3/16 18:00,118,100,18
6/3/16 19:00,47,35,12
6/3/16 20:00,28,15,13
6/3/16 21:00,18,12,6
6/3/16 22:00,17,12,5
6/3/16 23:00,7,6,1
6/4/16 0:00,7,3,4
6/4/16 1:00,5,2,3
6/4/16 2:00,3,2,1
6/4/16 3:00,2,2,0
6/4/16 4:00,1,0,1
6/4/16 5:00,5,1,4
6/4/16 6:00,14,4,10
6/4/16 7:00,33,9,24
6/4/16 8:00,44,28,16
6/4/16 9:00,68,37,31
6/4/16 10:00,129,50,79
6/4/16 11:00,121,46,75
6/4/16 12:00,86,41,45
6/4/16 13:00,95,42,53
6/4/16 14:00,76,42,34
6/4/16 15:00,79,39,40
6/4/16 16:00,72,38,34
6/4/16 17:00,68,41,27
6/4/16 18:00,44,20,24
6/4/16 19:00,28,19,9
6/4/16 20:00,21,7,14
6/4/16 21:00,12,4,8
6/4/16 22:00,7,3,4
6/4/16 23:00,8,7,1
6/5/16 0:00,8,7,1
6/5/16 1:00,4,3,1
6/5/16 2:00,4,3,1
6/5/16 3:00,4,3,1
6/5/16 4:00,1,0,1
6/5/16 5:00,6,2,4
6/5/16 6:00,17,6,11
6/5/16 7:00,21,6,15
6/5/16 8:00,54,18,36
6/5/16 9:00,70,44,26
6/5/16 10:00,73,29,44
6/5/16 11:00,86,49,37
6/5/16 12:00,104,68,36
6/5/16 13:00,100,53,47
6/5/16 14:00,98,48,50
6/5/16 15:00,66,31,35
6/5/16 16:00,54,30,24
6/5/16 17:00,50,20,30
6/5/16 18:00,46,20,26
6/5/16 19:00,18,8,10
6/5/16 20:00,28,11,17
6/5/16 21:00,9,6,3
6/5/16 22:00,9,6,3
6/5/16 23:00,2,1,1
6/6/16 0:00,1,0,1
6/6/16 1:00,2,1,1
6/6/16 2:00,1,1,0
6/6/16 3:00,2,1,1
6/6/16 4:00,6,1,5
6/6/16 5:00,34,3,31
6/6/16 6:00,98,11,87
6/6/16 7:00,191,20,171
6/6/16 8:00,179,22,157
6/6/16 9:00,65,10,55
6/6/16 10:00,32,14,18
6/6/16 11:00,26,15,11
6/6/16 12:00,36,13,23
6/6/16 13:00,23,9,14
6/6/16 14:00,32,22,10
6/6/16 15:00,69,48,21
6/6/16 16:00,128,103,25
6/6/16 17:00,226,200,26
6/6/16 18:00,163,145,18
6/6/16 19:00,63,48,15
6/6/16 20:00,59,29,30
6/6/16 21:00,12,9,3
6/6/16 22:00,21,13,8
6/6/16 23:00,5,4,1
6/7/16 0:00,2,1,1
6/7/16 1:00,0,0,0
6/7/16 2:00,5,2,3
6/7/16 3:00,0,0,0
6/7/16 4:00,10,3,7
6/7/16 5:00,45,4,41
6/7/16 6:00,113,17,96
6/7/16 7:00,215,24,191
6/7/16 8:00,162,19,143
6/7/16 9:00,85,14,71
6/7/16 10:00,39,8,31
6/7/16 11:00,27,14,13
6/7/16 12:00,25,16,9
6/7/16 13:00,36,20,16
6/7/16 14:00,37,21,16
6/7/16 15:00,71,38,33
6/7/16 16:00,135,113,22
6/7/16 17:00,244,202,42
6/7/16 18:00,148,119,29
6/7/16 19:00,73,56,17
6/7/16 20:00,47,34,13
6/7/16 21:00,28,20,8
6/7/16 22:00,15,12,3
6/7/16 23:00,9,5,4
6/8/16 0:00,2,1,1
6/8/16 1:00,0,0,0
6/8/16 2:00,7,4,3
6/8/16 3:00,2,2,0
6/8/16 4:00,4,2,2
6/8/16 5:00,39,6,33
6/8/16 6:00,105,8,97
6/8/16 7:00,182,23,159
6/8/16 8:00,171,17,154
6/8/16 9:00,62,14,48
6/8/16 10:00,37,10,27
6/8/16 11:00,24,7,17
6/8/16 12:00,35,21,14
6/8/16 13:00,37,18,19
6/8/16 14:00,39,26,13
6/8/16 15:00,43,29,14
6/8/16 16:00,118,101,17
6/8/16 17:00,193,174,19
6/8/16 18:00,115,102,13
6/8/16 19:00,63,48,15
6/8/16 20:00,30,21,9
6/8/16 21:00,18,12,6
6/8/16 22:00,6,4,2
6/8/16 23:00,5,5,0
6/9/16 0:00,5,3,2
6/9/16 1:00,4,3,1
6/9/16 2:00,3,1,2
6/9/16 3:00,2,1,1
6/9/16 4:00,2,0,2
6/9/16 5:00,32,5,27
6/9/16 6:00,78,9,69
6/9/16 7:00,163,23,140
6/9/16 8:00,176,23,153
6/9/16 9:00,70,8,62
6/9/16 10:00,31,8,23
6/9/16 11:00,24,12,12
6/9/16 12:00,18,10,8
6/9/16 13:00,29,16,13
6/9/16 14:00,35,23,12
6/9/16 15:00,45,27,18
6/9/16 16:00,126,102,24
6/9/16 17:00,175,158,17
6/9/16 18:00,113,98,15
6/9/16 19:00,59,44,15
6/9/16 20:00,28,24,4
6/9/16 21:00,13,12,1
6/9/16 22:00,7,5,2
6/9/16 23:00,7,6,1
6/10/16 0:00,2,1,1
6/10/16 1:00,4,3,1
6/10/16 2:00,3,2,1
6/10/16 3:00,0,0,0
6/10/16 4:00,3,0,3
6/10/16 5:00,16,3,13
6/10/16 6:00,84,8,76
6/10/16 7:00,121,15,106
6/10/16 8:00,117,10,107
6/10/16 9:00,52,7,45
6/10/16 10:00,25,8,17
6/10/16 11:00,21,7,14
6/10/16 12:00,19,12,7
6/10/16 13:00,22,9,13
6/10/16 14:00,42,36,6
6/10/16 15:00,53,42,11
6/10/16 16:00,96,81,15
6/10/16 17:00,114,96,18
6/10/16 18:00,75,64,11
6/10/16 19:00,25,18,7
6/10/16 20:00,17,11,6
6/10/16 21:00,12,6,6
6/10/16 22:00,6,4,2
6/10/16 23:00,2,1,1
6/11/16 0:00,15,9,6
6/11/16 1:00,1,1,0
6/11/16 2:00,3,2,1
6/11/16 3:00,1,1,0
6/11/16 4:00,2,1,1
6/11/16 5:00,7,0,7
6/11/16 6:00,9,2,7
6/11/16 7:00,19,6,13
6/11/16 8:00,25,10,15
6/11/16 9:00,34,16,18
6/11/16 10:00,34,19,15
6/11/16 11:00,36,19,17
6/11/16 12:00,32,13,19
6/11/16 13:00,63,25,38
6/11/16 14:00,39,18,21
6/11/16 15:00,50,19,31
6/11/16 16:00,31,23,8
6/11/16 17:00,25,16,9
6/11/16 18:00,28,8,20
6/11/16 19:00,8,5,3
6/11/16 20:00,7,2,5
6/11/16 21:00,5,2,3
6/11/16 22:00,8,8,0
6/11/16 23:00,5,4,1
6/12/16 0:00,3,2,1
6/12/16 1:00,1,0,1
6/12/16 2:00,4,2,2
6/12/16 3:00,1,0,1
6/12/16 4:00,2,2,0
6/12/16 5:00,6,0,6
6/12/16 6:00,11,3,8
6/12/16 7:00,25,10,15
6/12/16 8:00,39,11,28
6/12/16 9:00,36,17,19
6/12/16 10:00,84,46,38
6/12/16 11:00,85,37,48
6/12/16 12:00,90,46,44
6/12/16 13:00,76,46,30
6/12/16 14:00,80,43,37
6/12/16 15:00,95,42,53
6/12/16 16:00,64,25,39
6/12/16 17:00,64,26,38
6/12/16 18:00,39,22,17
6/12/16 19:00,26,11,15
6/12/16 20:00,25,13,12
6/12/16 21:00,12,6,6
6/12/16 22:00,4,2,2
6/12/16 23:00,4,4,0
6/13/16 0:00,3,1,2
6/13/16 1:00,4,2,2
6/13/16 2:00,1,0,1
6/13/16 3:00,1,1,0
6/13/16 4:00,4,0,4
6/13/16 5:00,29,5,24
6/13/16 6:00,83,13,70
6/13/16 7:00,173,17,156
6/13/16 8:00,164,14,150
6/13/16 9:00,55,7,48
6/13/16 10:00,18,4,14
6/13/16 11:00,25,16,9
6/13/16 12:00,18,9,9
6/13/16 13:00,23,9,14
6/13/16 14:00,25,12,13
6/13/16 15:00,44,32,12
6/13/16 16:00,108,89,19
6/13/16 17:00,200,184,16
6/13/16 18:00,106,94,12
6/13/16 19:00,46,39,7
6/13/16 20:00,28,20,8
6/13/16 21:00,10,8,2
6/13/16 22:00,8,8,0
6/13/16 23:00,4,3,1
6/14/16 0:00,2,1,1
6/14/16 1:00,1,1,0
6/14/16 2:00,4,1,3
6/14/16 3:00,1,0,1
6/14/16 4:00,6,1,5
6/14/16 5:00,16,1,15
6/14/16 6:00,67,7,60
6/14/16 7:00,140,15,125
6/14/16 8:00,117,8,109
6/14/16 9:00,46,7,39
6/14/16 10:00,27,4,23
6/14/16 11:00,11,7,4
6/14/16 12:00,13,8,5
6/14/16 13:00,12,5,7
6/14/16 14:00,17,9,8
6/14/16 15:00,29,17,12
6/14/16 16:00,84,68,16
6/14/16 17:00,142,120,22
6/14/16 18:00,81,70,11
6/14/16 19:00,35,29,6
6/14/16 20:00,19,14,5
6/14/16 21:00,22,19,3
6/14/16 22:00,9,6,3
6/14/16 23:00,2,1,1
6/15/16 0:00,3,3,0
6/15/16 1:00,4,2,2
6/15/16 2:00,3,2,1
6/15/16 3:00,1,1,0
6/15/16 4:00,9,2,7
6/15/16 5:00,30,4,26
6/15/16 6:00,85,9,76
6/15/16 7:00,151,18,133
6/15/16 8:00,155,9,146
6/15/16 9:00,70,6,64
6/15/16 10:00,24,4,20
6/15/16 11:00,31,10,21
6/15/16 12:00,25,14,11
6/15/16 13:00,29,11,18
6/15/16 14:00,36,20,16
6/15/16 15:00,66,42,24
6/15/16 16:00,112,93,19
6/15/16 17:00,214,183,31
6/15/16 18:00,148,120,28
6/15/16 19:00,74,50,24
6/15/16 20:00,28,18,10
6/15/16 21:00,19,13,6
6/15/16 22:00,10,5,5
6/15/16 23:00,3,2,1
6/16/16 0:00,4,4,0
6/16/16 1:00,4,3,1
6/16/16 2:00,3,2,1
6/16/16 3:00,2,1,1
6/16/16 4:00,6,2,4
6/16/16 5:00,29,4,25
6/16/16 6:00,88,9,79
6/16/16 7:00,144,18,126
6/16/16 8:00,192,23,169
6/16/16 9:00,79,11,68
6/16/16 10:00,28,8,20
6/16/16 11:00,33,15,18
6/16/16 12:00,24,7,17
6/16/16 13:00,23,12,11
6/16/16 14:00,50,28,22
6/16/16 15:00,56,39,17
6/16/16 16:00,122,91,31
6/16/16 17:00,209,173,36
6/16/16 18:00,137,110,27
6/16/16 19:00,109,91,18
6/16/16 20:00,32,22,10
6/16/16 21:00,28,22,6
6/16/16 22:00,24,20,4
6/16/16 23:00,11,3,8
6/17/16 0:00,14,2,12
6/17/16 1:00,7,0,7
6/17/16 2:00,5,4,1
6/17/16 3:00,1,0,1
6/17/16 4:00,3,1,2
6/17/16 5:00,24,9,15
6/17/16 6:00,77,6,71
6/17/16 7:00,147,14,133
6/17/16 8:00,153,18,135
6/17/16 9:00,60,11,49
6/17/16 10:00,22,12,10
6/17/16 11:00,37,12,25
6/17/16 12:00,32,18,14
6/17/16 13:00,41,21,20
6/17/16 14:00,44,27,17
6/17/16 15:00,61,45,16
6/17/16 16:00,111,95,16
6/17/16 17:00,128,113,15
6/17/16 18:00,68,53,15
6/17/16 19:00,42,31,11
6/17/16 20:00,16,11,5
6/17/16 21:00,7,5,2
6/17/16 22:00,3,2,1
6/17/16 23:00,5,3,2
6/18/16 0:00,4,3,1
6/18/16 1:00,0,0,0
6/18/16 2:00,2,0,2
6/18/16 3:00,0,0,0
6/18/16 4:00,3,1,2
6/18/16 5:00,4,0,4
6/18/16 6:00,9,2,7
6/18/16 7:00,21,9,12
6/18/16 8:00,16,7,9
6/18/16 9:00,25,5,20
6/18/16 10:00,22,11,11
6/18/16 11:00,13,7,6
6/18/16 12:00,27,12,15
6/18/16 13:00,21,7,14
6/18/16 14:00,28,14,14
6/18/16 15:00,27,13,14
6/18/16 16:00,24,11,13
6/18/16 17:00,22,13,9
6/18/16 18:00,24,15,9
6/18/16 19:00,12,10,2
6/18/16 20:00,11,8,3
6/18/16 21:00,9,7,2
6/18/16 22:00,5,4,1
6/18/16 23:00,3,3,0
6/19/16 0:00,3,1,2
6/19/16 1:00,0,0,0
6/19/16 2:00,3,2,1
6/19/16 3:00,3,2,1
6/19/16 4:00,0,0,0
6/19/16 5:00,6,1,5
6/19/16 6:00,12,3,9
6/19/16 7:00,29,11,18
6/19/16 8:00,46,15,31
6/19/16 9:00,47,25,22
6/19/16 10:00,79,50,29
6/19/16 11:00,105,58,47
6/19/16 12:00,128,60,68
6/19/16 13:00,116,62,54
6/19/16 14:00,91,51,40
6/19/16 15:00,95,47,48
6/19/16 16:00,70,37,33
6/19/16 17:00,54,24,30
6/19/16 18:00,38,18,20
6/19/16 19:00,20,10,10
6/19/16 20:00,14,8,6
6/19/16 21:00,8,2,6
6/19/16 22:00,10,5,5
6/19/16 23:00,5,0,5
6/20/16 0:00,2,1,1
6/20/16 1:00,1,0,1
6/20/16 2:00,2,0,2
6/20/16 3:00,0,0,0
6/20/16 4:00,6,2,4
6/20/16 5:00,29,5,24
6/20/16 6:00,76,11,65
6/20/16 7:00,157,33,124
6/20/16 8:00,158,19,139
6/20/16 9:00,61,5,56
6/20/16 10:00,30,13,17
6/20/16 11:00,18,7,11
6/20/16 12:00,30,16,14
6/20/16 13:00,26,13,13
6/20/16 14:00,25,13,12
6/20/16 15:00,45,32,13
6/20/16 16:00,123,103,20
6/20/16 17:00,201,181,20
6/20/16 18:00,167,137,30
6/20/16 19:00,83,63,20
6/20/16 20:00,27,14,13
6/20/16 21:00,20,10,10
6/20/16 22:00,11,6,5
6/20/16 23:00,6,4,2
6/21/16 0:00,1,1,0
6/21/16 1:00,1,0,1
6/21/16 2:00,2,2,0
6/21/16 3:00,2,2,0
6/21/16 4:00,4,1,3
6/21/16 5:00,25,4,21
6/21/16 6:00,96,14,82
6/21/16 7:00,191,28,163
6/21/16 8:00,146,23,123
6/21/16 9:00,55,8,47
6/21/16 10:00,26,4,22
6/21/16 11:00,19,9,10
6/21/16 12:00,31,14,17
6/21/16 13:00,27,14,13
6/21/16 14:00,39,29,10
6/21/16 15:00,50,31,19
6/21/16 16:00,121,103,18
6/21/16 17:00,230,209,21
6/21/16 18:00,136,113,23
6/21/16 19:00,61,43,18
6/21/16 20:00,37,28,9
6/21/16 21:00,15,9,6
6/21/16 22:00,13,10,3
6/21/16 23:00,6,4,2
6/22/16 0:00,3,2,1
6/22/16 1:00,0,0,0
6/22/16 2:00,1,0,1
6/22/16 3:00,4,3,1
6/22/16 4:00,4,2,2
6/22/16 5:00,34,4,30
6/22/16 6:00,92,9,83
6/22/16 7:00,166,25,141
6/22/16 8:00,180,17,163
6/22/16 9:00,66,5,61
6/22/16 10:00,35,8,27
6/22/16 11:00,26,10,16
6/22/16 12:00,40,24,16
6/22/16 13:00,34,13,21
6/22/16 14:00,45,22,23
6/22/16 15:00,61,46,15
6/22/16 16:00,135,106,29
6/22/16 17:00,247,199,48
6/22/16 18:00,140,117,23
6/22/16 19:00,86,69,17
6/22/16 20:00,48,30,18
6/22/16 21:00,27,16,11
6/22/16 22:00,4,2,2
6/22/16 23:00,6,5,1
6/23/16 0:00,0,0,0
6/23/16 1:00,2,1,1
6/23/16 2:00,2,0,2
6/23/16 3:00,5,3,2
6/23/16 4:00,2,0,2
6/23/16 5:00,17,1,16
6/23/16 6:00,46,7,39
6/23/16 7:00,97,8,89
6/23/16 8:00,120,9,111
6/23/16 9:00,39,7,32
6/23/16 10:00,21,3,18
6/23/16 11:00,13,5,8
6/23/16 12:00,14,6,8
6/23/16 13:00,12,3,9
6/23/16 14:00,21,18,3
6/23/16 15:00,20,17,3
6/23/16 16:00,49,41,8
6/23/16 17:00,105,95,10
6/23/16 18:00,78,70,8
6/23/16 19:00,30,25,5
6/23/16 20:00,12,11,1
6/23/16 21:00,13,11,2
6/23/16 22:00,6,5,1
6/23/16 23:00,2,1,1
6/24/16 0:00,3,1,2
6/24/16 1:00,0,0,0
6/24/16 2:00,4,2,2
6/24/16 3:00,1,1,0
6/24/16 4:00,2,0,2
6/24/16 5:00,22,3,19
6/24/16 6:00,50,7,43
6/24/16 7:00,97,15,82
6/24/16 8:00,101,7,94
6/24/16 9:00,38,7,31
6/24/16 10:00,28,9,19
6/24/16 11:00,14,10,4
6/24/16 12:00,33,20,13
6/24/16 13:00,20,10,10
6/24/16 14:00,36,19,17
6/24/16 15:00,49,38,11
6/24/16 16:00,109,88,21
6/24/16 17:00,111,94,17
6/24/16 18:00,57,47,10
6/24/16 19:00,26,20,6
6/24/16 20:00,10,6,4
6/24/16 21:00,8,6,2
6/24/16 22:00,9,8,1
6/24/16 23:00,6,3,3
6/25/16 0:00,7,7,0
6/25/16 1:00,1,1,0
6/25/16 2:00,6,4,2
6/25/16 3:00,1,1,0
6/25/16 4:00,2,1,1
6/25/16 5:00,6,0,6
6/25/16 6:00,18,5,13
6/25/16 7:00,26,6,20
6/25/16 8:00,43,28,15
6/25/16 9:00,34,14,20
6/25/16 10:00,40,17,23
6/25/16 11:00,52,31,21
6/25/16 12:00,80,39,41
6/25/16 13:00,77,25,52
6/25/16 14:00,79,48,31
6/25/16 15:00,70,32,38
6/25/16 16:00,86,48,38
6/25/16 17:00,51,31,20
6/25/16 18:00,47,24,23
6/25/16 19:00,32,18,14
6/25/16 20:00,27,18,9
6/25/16 21:00,10,7,3
6/25/16 22:00,11,9,2
6/25/16 23:00,6,4,2
6/26/16 0:00,6,5,1
6/26/16 1:00,3,0,3
6/26/16 2:00,3,2,1
6/26/16 3:00,1,0,1
6/26/16 4:00,3,3,0
6/26/16 5:00,4,0,4
6/26/16 6:00,15,4,11
6/26/16 7:00,17,5,12
6/26/16 8:00,38,22,16
6/26/16 9:00,53,25,28
6/26/16 10:00,80,40,40
6/26/16 11:00,79,37,42
6/26/16 12:00,79,35,44
6/26/16 13:00,89,52,37
6/26/16 14:00,105,62,43
6/26/16 15:00,69,29,40
6/26/16 16:00,67,31,36
6/26/16 17:00,67,33,34
6/26/16 18:00,34,20,14
6/26/16 19:00,26,18,8
6/26/16 20:00,18,12,6
6/26/16 21:00,8,4,4
6/26/16 22:00,10,4,6
6/26/16 23:00,2,1,1
6/27/16 0:00,2,2,0
6/27/16 1:00,1,0,1
6/27/16 2:00,3,1,2
6/27/16 3:00,1,1,0
6/27/16 4:00,5,2,3
6/27/16 5:00,42,4,38
6/27/16 6:00,107,17,90
6/27/16 7:00,185,26,159
6/27/16 8:00,176,11,165
6/27/16 9:00,87,8,79
6/27/16 10:00,35,9,26
6/27/16 11:00,36,17,19
6/27/16 12:00,23,14,9
6/27/16 13:00,34,21,13
6/27/16 14:00,39,24,15
6/27/16 15:00,73,49,24
6/27/16 16:00,133,114,19
6/27/16 17:00,251,216,35
6/27/16 18:00,151,133,18
6/27/16 19:00,66,44,22
6/27/16 20:00,44,32,12
6/27/16 21:00,24,9,15
6/27/16 22:00,12,8,4
6/27/16 23:00,4,4,0
6/28/16 0:00,4,4,0
6/28/16 1:00,1,1,0
6/28/16 2:00,2,1,1
6/28/16 3:00,3,2,1
6/28/16 4:00,8,1,7
6/28/16 5:00,38,6,32
6/28/16 6:00,98,18,80
6/28/16 7:00,195,19,176
6/28/16 8:00,166,29,137
6/28/16 9:00,78,19,59
6/28/16 10:00,26,6,20
6/28/16 11:00,21,10,11
6/28/16 12:00,29,10,19
6/28/16 13:00,21,10,11
6/28/16 14:00,38,23,15
6/28/16 15:00,86,55,31
6/28/16 16:00,142,112,30
6/28/16 17:00,229,193,36
6/28/16 18:00,132,108,24
6/28/16 19:00,73,57,16
6/28/16 20:00,49,33,16
6/28/16 21:00,33,26,7
6/28/16 22:00,16,12,4
6/28/16 23:00,6,6,0
6/29/16 0:00,2,1,1
6/29/16 1:00,2,2,0
6/29/16 2:00,5,2,3
6/29/16 3:00,3,1,2
6/29/16 4:00,3,1,2
6/29/16 5:00,34,7,27
6/29/16 6:00,88,14,74
6/29/16 7:00,180,16,164
6/29/16 8:00,161,13,148
6/29/16 9:00,69,9,60
6/29/16 10:00,31,8,23
6/29/16 11:00,30,10,20
6/29/16 12:00,20,13,7
6/29/16 13:00,34,12,22
6/29/16 14:00,38,25,13
6/29/16 15:00,70,46,24
6/29/16 16:00,126,103,23
6/29/16 17:00,201,179,22
6/29/16 18:00,160,134,26
6/29/16 19:00,64,48,16
6/29/16 20:00,45,29,16
6/29/16 21:00,28,17,11
6/29/16 22:00,16,14,2
6/29/16 23:00,3,2,1
6/30/16 0:00,4,3,1
6/30/16 1:00,3,2,1
6/30/16 2:00,3,1,2
6/30/16 3:00,4,2,2
6/30/16 4:00,3,0,3
6/30/16 5:00,36,6,30
6/30/16 6:00,87,16,71
6/30/16 7:00,159,19,140
6/30/16 8:00,160,24,136
6/30/16 9:00,66,14,52
6/30/16 10:00,29,7,22
6/30/16 11:00,24,13,11
6/30/16 12:00,35,12,23
6/30/16 13:00,37,19,18
6/30/16 14:00,37,26,11
6/30/16 15:00,65,35,30
6/30/16 16:00,135,108,27
6/30/16 17:00,189,161,28
6/30/16 18:00,134,116,18
6/30/16 19:00,88,70,18
6/30/16 20:00,29,24,5
6/30/16 21:00,21,13,8
6/30/16 22:00,21,12,9
6/30/16 23:00,10,4,6
7/1/16 0:00,7,6,1
7/1/16 1:00,3,3,0
7/1/16 2:00,6,1,5
7/1/16 3:00,1,1,0
7/1/16 4:00,4,0,4
7/1/16 5:00,29,3,26
7/1/16 6:00,69,11,58
7/1/16 7:00,130,13,117
7/1/16 8:00,123,11,112
7/1/16 9:00,64,11,53
7/1/16 10:00,36,11,25
7/1/16 11:00,25,17,8
7/1/16 12:00,48,30,18
7/1/16 13:00,48,22,26
7/1/16 14:00,65,43,22
7/1/16 15:00,77,61,16
7/1/16 16:00,126,97,29
7/1/16 17:00,132,110,22
7/1/16 18:00,78,62,16
7/1/16 19:00,44,34,10
7/1/16 20:00,25,20,5
7/1/16 21:00,11,6,5
7/1/16 22:00,37,12,25
7/1/16 23:00,8,5,3
7/2/16 0:00,7,5,2
7/2/16 1:00,3,1,2
7/2/16 2:00,4,2,2
7/2/16 3:00,0,0,0
7/2/16 4:00,3,1,2
7/2/16 5:00,9,3,6
7/2/16 6:00,13,4,9
7/2/16 7:00,22,6,16
7/2/16 8:00,36,23,13
7/2/16 9:00,40,22,18
7/2/16 10:00,60,34,26
7/2/16 11:00,47,14,33
7/2/16 12:00,89,52,37
7/2/16 13:00,55,29,26
7/2/16 14:00,63,25,38
7/2/16 15:00,58,33,25
7/2/16 16:00,81,43,38
7/2/16 17:00,55,31,24
7/2/16 18:00,34,18,16
7/2/16 19:00,31,17,14
7/2/16 20:00,35,21,14
7/2/16 21:00,13,8,5
7/2/16 22:00,16,8,8
7/2/16 23:00,3,2,1
7/3/16 0:00,6,2,4
7/3/16 1:00,0,0,0
7/3/16 2:00,4,3,1
7/3/16 3:00,3,1,2
7/3/16 4:00,5,3,2
7/3/16 5:00,4,1,3
7/3/16 6:00,7,1,6
7/3/16 7:00,14,3,11
7/3/16 8:00,27,16,11
7/3/16 9:00,20,12,8
7/3/16 10:00,35,12,23
7/3/16 11:00,57,24,33
7/3/16 12:00,43,19,24
7/3/16 13:00,55,25,30
7/3/16 14:00,56,24,32
7/3/16 15:00,71,49,22
7/3/16 16:00,85,34,51
7/3/16 17:00,47,28,19
7/3/16 18:00,42,30,12
7/3/16 19:00,16,7,9
7/3/16 20:00,17,8,9
7/3/16 21:00,9,4,5
7/3/16 22:00,5,4,1
7/3/16 23:00,3,2,1
7/4/16 0:00,0,0,0
7/4/16 1:00,0,0,0
7/4/16 2:00,3,3,0
7/4/16 3:00,1,1,0
7/4/16 4:00,1,1,0
7/4/16 5:00,7,1,6
7/4/16 6:00,6,2,4
7/4/16 7:00,21,7,14
7/4/16 8:00,29,20,9
7/4/16 9:00,37,22,15
7/4/16 10:00,57,36,21
7/4/16 11:00,63,29,34
7/4/16 12:00,52,20,32
7/4/16 13:00,65,34,31
7/4/16 14:00,72,33,39
7/4/16 15:00,62,27,35
7/4/16 16:00,30,17,13
7/4/16 17:00,32,18,14
7/4/16 18:00,25,10,15
7/4/16 19:00,10,7,3
7/4/16 20:00,15,5,10
7/4/16 21:00,12,8,4
7/4/16 22:00,4,2,2
7/4/16 23:00,13,6,7
7/5/16 0:00,2,1,1
7/5/16 1:00,5,5,0
7/5/16 2:00,2,1,1
7/5/16 3:00,5,1,4
7/5/16 4:00,5,1,4
7/5/16 5:00,14,1,13
7/5/16 6:00,56,8,48
7/5/16 7:00,113,14,99
7/5/16 8:00,122,11,111
7/5/16 9:00,57,11,46
7/5/16 10:00,25,7,18
7/5/16 11:00,31,17,14
7/5/16 12:00,24,6,18
7/5/16 13:00,27,10,17
7/5/16 14:00,31,20,11
7/5/16 15:00,48,30,18
7/5/16 16:00,85,64,21
7/5/16 17:00,165,136,29
7/5/16 18:00,100,81,19
7/5/16 19:00,47,31,16
7/5/16 20:00,17,14,3
7/5/16 21:00,18,17,1
7/5/16 22:00,11,8,3
7/5/16 23:00,10,7,3
7/6/16 0:00,3,3,0
7/6/16 1:00,0,0,0
7/6/16 2:00,1,0,1
7/6/16 3:00,2,0,2
7/6/16 4:00,4,1,3
7/6/16 5:00,28,4,24
7/6/16 6:00,87,9,78
7/6/16 7:00,180,16,164
7/6/16 8:00,166,22,144
7/6/16 9:00,86,11,75
7/6/16 10:00,43,13,30
7/6/16 11:00,23,14,9
7/6/16 12:00,41,17,24
7/6/16 13:00,43,25,18
7/6/16 14:00,41,20,21
7/6/16 15:00,67,43,24
7/6/16 16:00,133,96,37
7/6/16 17:00,261,217,44
7/6/16 18:00,177,143,34
7/6/16 19:00,79,61,18
7/6/16 20:00,43,29,14
7/6/16 21:00,39,19,20
7/6/16 22:00,7,7,0
7/6/16 23:00,7,7,0
7/7/16 0:00,4,2,2
7/7/16 1:00,3,2,1
7/7/16 2:00,2,0,2
7/7/16 3:00,3,1,2
7/7/16 4:00,7,2,5
7/7/16 5:00,16,3,13
7/7/16 6:00,69,10,59
7/7/16 7:00,139,14,125
7/7/16 8:00,133,15,118
7/7/16 9:00,55,7,48
7/7/16 10:00,25,10,15
7/7/16 11:00,16,3,13
7/7/16 12:00,20,9,11
7/7/16 13:00,15,8,7
7/7/16 14:00,27,18,9
7/7/16 15:00,37,26,11
7/7/16 16:00,76,70,6
7/7/16 17:00,140,124,16
7/7/16 18:00,81,76,5
7/7/16 19:00,30,27,3
7/7/16 20:00,21,14,7
7/7/16 21:00,12,9,3
7/7/16 22:00,5,4,1
7/7/16 23:00,8,6,2
7/8/16 0:00,3,2,1
7/8/16 1:00,1,1,0
7/8/16 2:00,2,1,1
7/8/16 3:00,0,0,0
7/8/16 4:00,1,0,1
7/8/16 5:00,10,2,8
7/8/16 6:00,50,8,42
7/8/16 7:00,91,9,82
7/8/16 8:00,85,13,72
7/8/16 9:00,43,4,39
7/8/16 10:00,22,6,16
7/8/16 11:00,12,4,8
7/8/16 12:00,20,10,10
7/8/16 13:00,26,10,16
7/8/16 14:00,25,15,10
7/8/16 15:00,53,38,15
7/8/16 16:00,90,74,16
7/8/16 17:00,122,104,18
7/8/16 18:00,99,86,13
7/8/16 19:00,35,26,9
7/8/16 20:00,20,9,11
7/8/16 21:00,20,9,11
7/8/16 22:00,21,11,10
7/8/16 23:00,12,8,4
7/9/16 0:00,6,3,3
7/9/16 1:00,3,0,3
7/9/16 2:00,2,1,1
7/9/16 3:00,2,2,0
7/9/16 4:00,2,1,1
7/9/16 5:00,4,0,4
7/9/16 6:00,14,5,9
7/9/16 7:00,24,9,15
7/9/16 8:00,48,22,26
7/9/16 9:00,106,62,44
7/9/16 10:00,86,22,64
7/9/16 11:00,112,31,81
7/9/16 12:00,57,40,17
7/9/16 13:00,50,25,25
7/9/16 14:00,69,49,20
7/9/16 15:00,69,39,30
7/9/16 16:00,52,24,28
7/9/16 17:00,34,17,17
7/9/16 18:00,31,17,14
7/9/16 19:00,17,10,7
7/9/16 20:00,10,7,3
7/9/16 21:00,6,4,2
7/9/16 22:00,6,2,4
7/9/16 23:00,6,5,1
7/10/16 0:00,4,4,0
7/10/16 1:00,0,0,0
7/10/16 2:00,1,1,0
7/10/16 3:00,1,0,1
7/10/16 4:00,2,1,1
7/10/16 5:00,2,0,2
7/10/16 6:00,8,1,7
7/10/16 7:00,17,9,8
7/10/16 8:00,33,15,18
7/10/16 9:00,41,19,22
7/10/16 10:00,57,34,23
7/10/16 11:00,57,28,29
7/10/16 12:00,79,40,39
7/10/16 13:00,67,32,35
7/10/16 14:00,88,39,49
7/10/16 15:00,105,56,49
7/10/16 16:00,71,32,39
7/10/16 17:00,46,22,24
7/10/16 18:00,40,23,17
7/10/16 19:00,20,13,7
7/10/16 20:00,19,10,9
7/10/16 21:00,11,6,5
7/10/16 22:00,5,5,0
7/10/16 23:00,6,4,2
7/11/16 0:00,3,2,1
7/11/16 1:00,1,0,1
7/11/16 2:00,1,0,1
7/11/16 3:00,5,2,3
7/11/16 4:00,5,3,2
7/11/16 5:00,28,5,23
7/11/16 6:00,77,13,64
7/11/16 7:00,161,14,147
7/11/16 8:00,160,20,140
7/11/16 9:00,60,15,45
7/11/16 10:00,36,9,27
7/11/16 11:00,22,9,13
7/11/16 12:00,28,14,14
7/11/16 13:00,17,8,9
7/11/16 14:00,28,19,9
7/11/16 15:00,65,37,28
7/11/16 16:00,104,91,13
7/11/16 17:00,234,200,34
7/11/16 18:00,121,106,15
7/11/16 19:00,61,41,20
7/11/16 20:00,31,13,18
7/11/16 21:00,21,15,6
7/11/16 22:00,13,10,3
7/11/16 23:00,6,5,1
7/12/16 0:00,3,3,0
7/12/16 1:00,4,3,1
7/12/16 2:00,3,1,2
7/12/16 3:00,6,3,3
7/12/16 4:00,6,0,6
7/12/16 5:00,28,3,25
7/12/16 6:00,78,13,65
7/12/16 7:00,163,13,150
7/12/16 8:00,158,10,148
7/12/16 9:00,62,11,51
7/12/16 10:00,37,12,25
7/12/16 11:00,30,12,18
7/12/16 12:00,37,20,17
7/12/16 13:00,29,14,15
7/12/16 14:00,28,18,10
7/12/16 15:00,59,39,20
7/12/16 16:00,114,90,24
7/12/16 17:00,204,168,36
7/12/16 18:00,152,133,19
7/12/16 19:00,58,46,12
7/12/16 20:00,38,27,11
7/12/16 21:00,24,17,7
7/12/16 22:00,11,6,5
7/12/16 23:00,8,5,3
7/13/16 0:00,3,1,2
7/13/16 1:00,3,2,1
7/13/16 2:00,4,2,2
7/13/16 3:00,5,2,3
7/13/16 4:00,2,0,2
7/13/16 5:00,38,9,29
7/13/16 6:00,86,16,70
7/13/16 7:00,186,25,161
7/13/16 8:00,179,18,161
7/13/16 9:00,83,14,69
7/13/16 10:00,33,7,26
7/13/16 11:00,23,9,14
7/13/16 12:00,39,23,16
7/13/16 13:00,39,20,19
7/13/16 14:00,44,23,21
7/13/16 15:00,65,35,30
7/13/16 16:00,129,107,22
7/13/16 17:00,219,184,35
7/13/16 18:00,136,116,20
7/13/16 19:00,71,50,21
7/13/16 20:00,40,25,15
7/13/16 21:00,33,21,12
7/13/16 22:00,19,15,4
7/13/16 23:00,7,4,3
7/14/16 0:00,1,1,0
7/14/16 1:00,1,1,0
7/14/16 2:00,1,0,1
7/14/16 3:00,2,0,2
7/14/16 4:00,3,1,2
7/14/16 5:00,29,5,24
7/14/16 6:00,82,18,64
7/14/16 7:00,157,12,145
7/14/16 8:00,163,12,151
7/14/16 9:00,77,15,62
7/14/16 10:00,43,9,34
7/14/16 11:00,40,9,31
7/14/16 12:00,39,24,15
7/14/16 13:00,44,28,16
7/14/16 14:00,35,18,17
7/14/16 15:00,51,31,20
7/14/16 16:00,108,94,14
7/14/16 17:00,230,194,36
7/14/16 18:00,133,113,20
7/14/16 19:00,83,59,24
7/14/16 20:00,51,29,22
7/14/16 21:00,28,20,8
7/14/16 22:00,19,10,9
7/14/16 23:00,9,9,0
7/15/16 0:00,2,2,0
7/15/16 1:00,4,3,1
7/15/16 2:00,4,2,2
7/15/16 3:00,5,3,2
7/15/16 4:00,9,3,6
7/15/16 5:00,26,5,21
7/15/16 6:00,65,13,52
7/15/16 7:00,125,15,110
7/15/16 8:00,139,14,125
7/15/16 9:00,47,7,40
7/15/16 10:00,20,5,15
7/15/16 11:00,19,10,9
7/15/16 12:00,32,20,12
7/15/16 13:00,37,24,13
7/15/16 14:00,47,30,17
7/15/16 15:00,63,43,20
7/15/16 16:00,105,76,29
7/15/16 17:00,139,118,21
7/15/16 18:00,97,80,17
7/15/16 19:00,35,28,7
7/15/16 20:00,22,17,5
7/15/16 21:00,21,14,7
7/15/16 22:00,13,11,2
7/15/16 23:00,9,7,2
7/16/16 0:00,5,5,0
7/16/16 1:00,7,6,1
7/16/16 2:00,2,1,1
7/16/16 3:00,1,0,1
7/16/16 4:00,8,5,3
7/16/16 5:00,17,2,15
7/16/16 6:00,19,6,13
7/16/16 7:00,17,7,10
7/16/16 8:00,34,13,21
7/16/16 9:00,36,20,16
7/16/16 10:00,44,25,19
7/16/16 11:00,44,20,24
7/16/16 12:00,45,25,20
7/16/16 13:00,42,17,25
7/16/16 14:00,58,45,13
7/16/16 15:00,46,15,31
7/16/16 16:00,59,42,17
7/16/16 17:00,67,33,34
7/16/16 18:00,33,25,8
7/16/16 19:00,15,7,8
7/16/16 20:00,17,8,9
7/16/16 21:00,10,10,0
7/16/16 22:00,13,7,6
7/16/16 23:00,11,6,5
7/17/16 0:00,4,4,0
7/17/16 1:00,1,0,1
7/17/16 2:00,3,1,2
7/17/16 3:00,3,3,0
7/17/16 4:00,1,1,0
7/17/16 5:00,5,1,4
7/17/16 6:00,9,2,7
7/17/16 7:00,10,2,8
7/17/16 8:00,33,14,19
7/17/16 9:00,39,20,19
7/17/16 10:00,52,30,22
7/17/16 11:00,54,33,21
7/17/16 12:00,73,40,33
7/17/16 13:00,69,30,39
7/17/16 14:00,84,34,50
7/17/16 15:00,64,38,26
7/17/16 16:00,54,33,21
7/17/16 17:00,43,24,19
7/17/16 18:00,23,18,5
7/17/16 19:00,22,5,17
7/17/16 20:00,27,19,8
7/17/16 21:00,12,5,7
7/17/16 22:00,7,2,5
7/17/16 23:00,7,5,2
7/18/16 0:00,3,2,1
7/18/16 1:00,0,0,0
7/18/16 2:00,3,1,2
7/18/16 3:00,2,2,0
7/18/16 4:00,10,2,8
7/18/16 5:00,29,6,23
7/18/16 6:00,80,15,65
7/18/16 7:00,146,10,136
7/18/16 8:00,134,16,118
7/18/16 9:00,71,9,62
7/18/16 10:00,35,8,27
7/18/16 11:00,25,14,11
7/18/16 12:00,23,17,6
7/18/16 13:00,29,15,14
7/18/16 14:00,30,13,17
7/18/16 15:00,39,31,8
7/18/16 16:00,104,89,15
7/18/16 17:00,197,175,22
7/18/16 18:00,116,106,10
7/18/16 19:00,32,22,10
7/18/16 20:00,26,20,6
7/18/16 21:00,9,8,1
7/18/16 22:00,16,11,5
7/18/16 23:00,4,1,3
7/19/16 0:00,3,2,1
7/19/16 1:00,1,1,0
7/19/16 2:00,3,1,2
7/19/16 3:00,4,1,3
7/19/16 4:00,6,1,5
7/19/16 5:00,29,6,23
7/19/16 6:00,90,9,81
7/19/16 7:00,159,18,141
7/19/16 8:00,172,22,150
7/19/16 9:00,66,7,59
7/19/16 10:00,32,12,20
7/19/16 11:00,31,16,15
7/19/16 12:00,33,15,18
7/19/16 13:00,33,14,19
7/19/16 14:00,24,15,9
7/19/16 15:00,68,43,25
7/19/16 16:00,113,81,32
7/19/16 17:00,216,184,32
7/19/16 18:00,153,131,22
7/19/16 19:00,72,58,14
7/19/16 20:00,49,28,21
7/19/16 21:00,33,22,11
7/19/16 22:00,16,13,3
7/19/16 23:00,8,6,2
7/20/16 0:00,4,2,2
7/20/16 1:00,3,2,1
7/20/16 2:00,4,2,2
7/20/16 3:00,5,2,3
7/20/16 4:00,8,3,5
7/20/16 5:00,28,4,24
7/20/16 6:00,79,10,69
7/20/16 7:00,185,16,169
7/20/16 8:00,185,21,164
7/20/16 9:00,80,12,68
7/20/16 10:00,46,8,38
7/20/16 11:00,41,10,31
7/20/16 12:00,39,18,21
7/20/16 13:00,38,21,17
7/20/16 14:00,39,22,17
7/20/16 15:00,62,42,20
7/20/16 16:00,140,109,31
7/20/16 17:00,234,203,31
7/20/16 18:00,158,127,31
7/20/16 19:00,88,64,24
7/20/16 20:00,54,30,24
7/20/16 21:00,38,27,11
7/20/16 22:00,14,9,5
7/20/16 23:00,5,5,0
7/21/16 0:00,2,0,2
7/21/16 1:00,4,3,1
7/21/16 2:00,5,2,3
7/21/16 3:00,2,0,2
7/21/16 4:00,7,1,6
7/21/16 5:00,29,4,25
7/21/16 6:00,80,10,70
7/21/16 7:00,171,12,159
7/21/16 8:00,171,19,152
7/21/16 9:00,68,14,54
7/21/16 10:00,47,23,24
7/21/16 11:00,48,22,26
7/21/16 12:00,53,32,21
7/21/16 13:00,35,11,24
7/21/16 14:00,39,18,21
7/21/16 15:00,69,52,17
7/21/16 16:00,104,79,25
7/21/16 17:00,201,176,25
7/21/16 18:00,142,119,23
7/21/16 19:00,81,53,28
7/21/16 20:00,30,20,10
7/21/16 21:00,22,16,6
7/21/16 22:00,12,7,5
7/21/16 23:00,9,8,1
7/22/16 0:00,2,2,0
7/22/16 1:00,3,3,0
7/22/16 2:00,0,0,0
7/22/16 3:00,4,1,3
7/22/16 4:00,8,4,4
7/22/16 5:00,11,1,10
7/22/16 6:00,22,2,20
7/22/16 7:00,49,5,44
7/22/16 8:00,61,4,57
7/22/16 9:00,27,0,27
7/22/16 10:00,30,14,16
7/22/16 11:00,14,4,10
7/22/16 12:00,24,8,16
7/22/16 13:00,13,5,8
7/22/16 14:00,26,14,12
7/22/16 15:00,46,32,14
7/22/16 16:00,61,44,17
7/22/16 17:00,84,69,15
7/22/16 18:00,50,45,5
7/22/16 19:00,25,20,5
7/22/16 20:00,8,6,2
7/22/16 21:00,9,5,4
7/22/16 22:00,10,3,7
7/22/16 23:00,2,0,2
7/23/16 0:00,3,2,1
7/23/16 1:00,6,6,0
7/23/16 2:00,1,0,1
7/23/16 3:00,0,0,0
7/23/16 4:00,1,0,1
7/23/16 5:00,2,0,2
7/23/16 6:00,12,1,11
7/23/16 7:00,18,8,10
7/23/16 8:00,44,20,24
7/23/16 9:00,47,23,24
7/23/16 10:00,35,19,16
7/23/16 11:00,60,36,24
7/23/16 12:00,70,44,26
7/23/16 13:00,63,31,32
7/23/16 14:00,63,40,23
7/23/16 15:00,81,49,32
7/23/16 16:00,64,32,32
7/23/16 17:00,57,31,26
7/23/16 18:00,46,14,32
7/23/16 19:00,22,14,8
7/23/16 20:00,21,13,8
7/23/16 21:00,32,27,5
7/23/16 22:00,10,3,7
7/23/16 23:00,26,11,15
7/24/16 0:00,3,2,1
7/24/16 1:00,0,0,0
7/24/16 2:00,1,0,1
7/24/16 3:00,3,3,0
7/24/16 4:00,1,1,0
7/24/16 5:00,9,1,8
7/24/16 6:00,11,3,8
7/24/16 7:00,12,4,8
7/24/16 8:00,39,14,25
7/24/16 9:00,45,28,17
7/24/16 10:00,79,43,36
7/24/16 11:00,105,67,38
7/24/16 12:00,100,61,39
7/24/16 13:00,105,48,57
7/24/16 14:00,112,51,61
7/24/16 15:00,109,55,54
7/24/16 16:00,70,37,33
7/24/16 17:00,73,33,40
7/24/16 18:00,39,25,14
7/24/16 19:00,33,16,17
7/24/16 20:00,24,18,6
7/24/16 21:00,17,8,9
7/24/16 22:00,15,3,12
7/24/16 23:00,5,4,1
7/25/16 0:00,1,1,0
7/25/16 1:00,0,0,0
7/25/16 2:00,2,1,1
7/25/16 3:00,6,4,2
7/25/16 4:00,7,1,6
7/25/16 5:00,23,3,20
7/25/16 6:00,89,14,75
7/25/16 7:00,177,14,163
7/25/16 8:00,183,12,171
7/25/16 9:00,56,8,48
7/25/16 10:00,33,9,24
7/25/16 11:00,26,11,15
7/25/16 12:00,38,15,23
7/25/16 13:00,25,11,14
7/25/16 14:00,27,17,10
7/25/16 15:00,51,38,13
7/25/16 16:00,119,97,22
7/25/16 17:00,236,206,30
7/25/16 18:00,138,115,23
7/25/16 19:00,69,51,18
7/25/16 20:00,43,26,17
7/25/16 21:00,17,11,6
7/25/16 22:00,14,7,7
7/25/16 23:00,6,3,3
7/26/16 0:00,1,1,0
7/26/16 1:00,3,3,0
7/26/16 2:00,6,2,4
7/26/16 3:00,2,1,1
7/26/16 4:00,8,2,6
7/26/16 5:00,27,7,20
7/26/16 6:00,99,15,84
7/26/16 7:00,199,21,178
7/26/16 8:00,171,17,154
7/26/16 9:00,72,6,66
7/26/16 10:00,32,12,20
7/26/16 11:00,28,11,17
7/26/16 12:00,23,12,11
7/26/16 13:00,31,19,12
7/26/16 14:00,32,19,13
7/26/16 15:00,55,32,23
7/26/16 16:00,127,99,28
7/26/16 17:00,237,210,27
7/26/16 18:00,154,134,20
7/26/16 19:00,66,52,14
7/26/16 20:00,46,29,17
7/26/16 21:00,30,20,10
7/26/16 22:00,11,8,3
7/26/16 23:00,5,4,1
7/27/16 0:00,1,0,1
7/27/16 1:00,2,2,0
7/27/16 2:00,1,0,1
7/27/16 3:00,4,2,2
7/27/16 4:00,6,1,5
7/27/16 5:00,31,7,24
7/27/16 6:00,78,10,68
7/27/16 7:00,200,24,176
7/27/16 8:00,156,17,139
7/27/16 9:00,76,12,64
7/27/16 10:00,33,9,24
7/27/16 11:00,45,17,28
7/27/16 12:00,34,19,15
7/27/16 13:00,34,14,20
7/27/16 14:00,40,23,17
7/27/16 15:00,44,31,13
7/27/16 16:00,128,102,26
7/27/16 17:00,209,190,19
7/27/16 18:00,146,121,25
7/27/16 19:00,91,60,31
7/27/16 20:00,47,33,14
7/27/16 21:00,16,12,4
7/27/16 22:00,19,12,7
7/27/16 23:00,9,5,4
7/28/16 0:00,2,0,2
7/28/16 1:00,1,0,1
7/28/16 2:00,2,1,1
7/28/16 3:00,8,4,4
7/28/16 4:00,8,1,7
7/28/16 5:00,29,5,24
7/28/16 6:00,81,14,67
7/28/16 7:00,165,13,152
7/28/16 8:00,165,14,151
7/28/16 9:00,66,5,61
7/28/16 10:00,35,15,20
7/28/16 11:00,36,15,21
7/28/16 12:00,40,21,19
7/28/16 13:00,38,17,21
7/28/16 14:00,33,16,17
7/28/16 15:00,58,33,25
7/28/16 16:00,106,88,18
7/28/16 17:00,197,168,29
7/28/16 18:00,139,119,20
7/28/16 19:00,66,53,13
7/28/16 20:00,32,27,5
7/28/16 21:00,22,15,7
7/28/16 22:00,27,15,12
7/28/16 23:00,4,3,1
7/29/16 0:00,6,4,2
7/29/16 1:00,3,2,1
7/29/16 2:00,1,1,0
7/29/16 3:00,1,0,1
7/29/16 4:00,5,0,5
7/29/16 5:00,19,4,15
7/29/16 6:00,62,8,54
7/29/16 7:00,120,14,106
7/29/16 8:00,139,10,129
7/29/16 9:00,57,5,52
7/29/16 10:00,34,7,27
7/29/16 11:00,22,7,15
7/29/16 12:00,45,26,19
7/29/16 13:00,31,21,10
7/29/16 14:00,47,25,22
7/29/16 15:00,53,37,16
7/29/16 16:00,116,92,24
7/29/16 17:00,136,125,11
7/29/16 18:00,99,85,14
7/29/16 19:00,39,27,12
7/29/16 20:00,37,25,12
7/29/16 21:00,13,10,3
7/29/16 22:00,13,4,9
7/29/16 23:00,1,1,0
7/30/16 0:00,3,3,0
7/30/16 1:00,4,1,3
7/30/16 2:00,8,4,4
7/30/16 3:00,1,1,0
7/30/16 4:00,1,0,1
7/30/16 5:00,1,0,1
7/30/16 6:00,18,6,12
7/30/16 7:00,16,10,6
7/30/16 8:00,30,11,19
7/30/16 9:00,52,29,23
7/30/16 10:00,71,40,31
7/30/16 11:00,63,25,38
7/30/16 12:00,54,24,30
7/30/16 13:00,55,13,42
7/30/16 14:00,74,42,32
7/30/16 15:00,55,28,27
7/30/16 16:00,57,36,21
7/30/16 17:00,55,27,28
7/30/16 18:00,47,26,21
7/30/16 19:00,33,14,19
7/30/16 20:00,24,12,12
7/30/16 21:00,15,13,2
7/30/16 22:00,16,6,10
7/30/16 23:00,3,2,1
7/31/16 0:00,7,5,2
7/31/16 1:00,3,0,3
7/31/16 2:00,3,1,2
7/31/16 3:00,1,1,0
7/31/16 4:00,5,3,2
7/31/16 5:00,3,1,2
7/31/16 6:00,12,1,11
7/31/16 7:00,10,2,8
7/31/16 8:00,23,7,16
7/31/16 9:00,32,18,14
7/31/16 10:00,48,25,23
7/31/16 11:00,49,24,25
7/31/16 12:00,80,30,50
7/31/16 13:00,66,40,26
7/31/16 14:00,56,26,30
7/31/16 15:00,73,48,25
7/31/16 16:00,85,48,37
7/31/16 17:00,66,34,32
7/31/16 18:00,31,19,12
7/31/16 19:00,30,16,14
7/31/16 20:00,9,2,7
7/31/16 21:00,11,4,7
7/31/16 22:00,6,4,2
7/31/16 23:00,4,1,3
8/1/16 0:00,3,3,0
8/1/16 1:00,2,1,1
8/1/16 2:00,2,1,1
8/1/16 3:00,3,2,1
8/1/16 4:00,11,1,10
8/1/16 5:00,32,8,24
8/1/16 6:00,70,11,59
8/1/16 7:00,155,11,144
8/1/16 8:00,138,13,125
8/1/16 9:00,73,12,61
8/1/16 10:00,22,6,16
8/1/16 11:00,23,12,11
8/1/16 12:00,25,16,9
8/1/16 13:00,19,9,10
8/1/16 14:00,29,14,15
8/1/16 15:00,45,32,13
8/1/16 16:00,108,88,20
8/1/16 17:00,198,173,25
8/1/16 18:00,131,118,13
8/1/16 19:00,65,52,13
8/1/16 20:00,33,18,15
8/1/16 21:00,24,12,12
8/1/16 22:00,5,2,3
8/1/16 23:00,3,3,0
8/2/16 0:00,2,1,1
8/2/16 1:00,3,2,1
8/2/16 2:00,2,1,1
8/2/16 3:00,3,1,2
8/2/16 4:00,9,1,8
8/2/16 5:00,21,4,17
8/2/16 6:00,63,13,50
8/2/16 7:00,133,16,117
8/2/16 8:00,126,10,116
8/2/16 9:00,62,11,51
8/2/16 10:00,30,11,19
8/2/16 11:00,11,3,8
8/2/16 12:00,21,12,9
8/2/16 13:00,26,12,14
8/2/16 14:00,20,11,9
8/2/16 15:00,37,24,13
8/2/16 16:00,101,79,22
8/2/16 17:00,171,147,24
8/2/16 18:00,109,96,13
8/2/16 19:00,62,53,9
8/2/16 20:00,29,19,10
8/2/16 21:00,16,12,4
8/2/16 22:00,25,7,18
8/2/16 23:00,2,1,1
8/3/16 0:00,3,3,0
8/3/16 1:00,3,1,2
8/3/16 2:00,2,1,1
8/3/16 3:00,6,4,2
8/3/16 4:00,6,1,5
8/3/16 5:00,20,6,14
8/3/16 6:00,91,17,74
8/3/16 7:00,172,17,155
8/3/16 8:00,169,19,150
8/3/16 9:00,61,7,54
8/3/16 10:00,21,5,16
8/3/16 11:00,35,14,21
8/3/16 12:00,23,8,15
8/3/16 13:00,22,11,11
8/3/16 14:00,40,17,23
8/3/16 15:00,56,36,20
8/3/16 16:00,131,103,28
8/3/16 17:00,218,188,30
8/3/16 18:00,132,108,24
8/3/16 19:00,73,62,11
8/3/16 20:00,46,26,20
8/3/16 21:00,35,27,8
8/3/16 22:00,10,5,5
8/3/16 23:00,6,4,2
8/4/16 0:00,5,5,0
8/4/16 1:00,2,1,1
8/4/16 2:00,1,0,1
8/4/16 3:00,1,0,1
8/4/16 4:00,9,0,9
8/4/16 5:00,29,6,23
8/4/16 6:00,82,11,71
8/4/16 7:00,155,15,140
8/4/16 8:00,173,19,154
8/4/16 9:00,75,4,71
8/4/16 10:00,36,8,28
8/4/16 11:00,25,13,12
8/4/16 12:00,39,21,18
8/4/16 13:00,37,17,20
8/4/16 14:00,42,30,12
8/4/16 15:00,59,38,21
8/4/16 16:00,104,82,22
8/4/16 17:00,203,177,26
8/4/16 18:00,139,111,28
8/4/16 19:00,61,46,15
8/4/16 20:00,45,25,20
8/4/16 21:00,27,16,11
8/4/16 22:00,27,14,13
8/4/16 23:00,11,10,1
8/5/16 0:00,5,4,1
8/5/16 1:00,5,4,1
8/5/16 2:00,3,2,1
8/5/16 3:00,0,0,0
8/5/16 4:00,11,3,8
8/5/16 5:00,16,3,13
8/5/16 6:00,72,18,54
8/5/16 7:00,132,15,117
8/5/16 8:00,151,25,126
8/5/16 9:00,52,10,42
8/5/16 10:00,39,13,26
8/5/16 11:00,47,18,29
8/5/16 12:00,42,18,24
8/5/16 13:00,45,19,26
8/5/16 14:00,65,39,26
8/5/16 15:00,68,50,18
8/5/16 16:00,115,91,24
8/5/16 17:00,167,141,26
8/5/16 18:00,91,69,22
8/5/16 19:00,74,51,23
8/5/16 20:00,25,20,5
8/5/16 21:00,18,17,1
8/5/16 22:00,11,6,5
8/5/16 23:00,7,5,2
8/6/16 0:00,6,3,3
8/6/16 1:00,3,2,1
8/6/16 2:00,1,1,0
8/6/16 3:00,3,2,1
8/6/16 4:00,3,0,3
8/6/16 5:00,9,2,7
8/6/16 6:00,13,3,10
8/6/16 7:00,28,10,18
8/6/16 8:00,41,22,19
8/6/16 9:00,43,23,20
8/6/16 10:00,42,23,19
8/6/16 11:00,64,27,37
8/6/16 12:00,59,17,42
8/6/16 13:00,50,21,29
8/6/16 14:00,61,43,18
8/6/16 15:00,66,34,32
8/6/16 16:00,84,23,61
8/6/16 17:00,58,24,34
8/6/16 18:00,47,25,22
8/6/16 19:00,28,12,16
8/6/16 20:00,22,12,10
8/6/16 21:00,29,22,7
8/6/16 22:00,18,13,5
8/6/16 23:00,7,2,5
8/7/16 0:00,15,14,1
8/7/16 1:00,9,6,3
8/7/16 2:00,2,0,2
8/7/16 3:00,2,2,0
8/7/16 4:00,3,3,0
8/7/16 5:00,4,1,3
8/7/16 6:00,12,7,5
8/7/16 7:00,24,5,19
8/7/16 8:00,26,10,16
8/7/16 9:00,54,32,22
8/7/16 10:00,63,33,30
8/7/16 11:00,61,27,34
8/7/16 12:00,40,20,20
8/7/16 13:00,42,22,20
8/7/16 14:00,61,27,34
8/7/16 15:00,36,20,16
8/7/16 16:00,31,16,15
8/7/16 17:00,43,18,25
8/7/16 18:00,27,20,7
8/7/16 19:00,7,5,2
8/7/16 20:00,9,5,4
8/7/16 21:00,11,6,5
8/7/16 22:00,2,2,0
8/7/16 23:00,1,0,1
8/8/16 0:00,7,4,3
8/8/16 1:00,5,3,2
8/8/16 2:00,3,2,1
8/8/16 3:00,3,1,2
8/8/16 4:00,8,3,5
8/8/16 5:00,23,3,20
8/8/16 6:00,63,8,55
8/8/16 7:00,128,13,115
8/8/16 8:00,147,22,125
8/8/16 9:00,41,6,35
8/8/16 10:00,22,8,14
8/8/16 11:00,14,6,8
8/8/16 12:00,24,12,12
8/8/16 13:00,22,9,13
8/8/16 14:00,20,11,9
8/8/16 15:00,43,31,12
8/8/16 16:00,90,65,25
8/8/16 17:00,194,166,28
8/8/16 18:00,115,95,20
8/8/16 19:00,55,40,15
8/8/16 20:00,36,23,13
8/8/16 21:00,11,9,2
8/8/16 22:00,12,11,1
8/8/16 23:00,8,4,4
8/9/16 0:00,2,2,0
8/9/16 1:00,8,4,4
8/9/16 2:00,3,2,1
8/9/16 3:00,4,2,2
8/9/16 4:00,8,2,6
8/9/16 5:00,29,6,23
8/9/16 6:00,81,11,70
8/9/16 7:00,160,14,146
8/9/16 8:00,122,18,104
8/9/16 9:00,97,18,79
8/9/16 10:00,26,7,19
8/9/16 11:00,28,15,13
8/9/16 12:00,17,4,13
8/9/16 13:00,26,18,8
8/9/16 14:00,25,5,20
8/9/16 15:00,59,36,23
8/9/16 16:00,109,91,18
8/9/16 17:00,198,172,26
8/9/16 18:00,108,94,14
8/9/16 19:00,69,53,16
8/9/16 20:00,29,20,9
8/9/16 21:00,15,13,2
8/9/16 22:00,10,6,4
8/9/16 23:00,4,4,0
8/10/16 0:00,5,4,1
8/10/16 1:00,3,2,1
8/10/16 2:00,3,1,2
8/10/16 3:00,2,1,1
8/10/16 4:00,4,1,3
8/10/16 5:00,28,6,22
8/10/16 6:00,83,11,72
8/10/16 7:00,164,11,153
8/10/16 8:00,173,18,155
8/10/16 9:00,75,14,61
8/10/16 10:00,35,6,29
8/10/16 11:00,33,13,20
8/10/16 12:00,28,9,19
8/10/16 13:00,27,15,12
8/10/16 14:00,24,10,14
8/10/16 15:00,49,28,21
8/10/16 16:00,110,78,32
8/10/16 17:00,206,186,20
8/10/16 18:00,124,102,22
8/10/16 19:00,62,46,16
8/10/16 20:00,41,32,9
8/10/16 21:00,18,17,1
8/10/16 22:00,12,9,3
8/10/16 23:00,10,7,3
8/11/16 0:00,5,2,3
8/11/16 1:00,4,3,1
8/11/16 2:00,1,0,1
8/11/16 3:00,2,0,2
8/11/16 4:00,3,0,3
8/11/16 5:00,30,5,25
8/11/16 6:00,78,14,64
8/11/16 7:00,161,21,140
8/11/16 8:00,148,15,133
8/11/16 9:00,69,10,59
8/11/16 10:00,29,7,22
8/11/16 11:00,32,11,21
8/11/16 12:00,27,10,17
8/11/16 13:00,34,12,22
8/11/16 14:00,36,23,13
8/11/16 15:00,52,34,18
8/11/16 16:00,117,85,32
8/11/16 17:00,191,166,25
8/11/16 18:00,135,116,19
8/11/16 19:00,74,61,13
8/11/16 20:00,47,33,14
8/11/16 21:00,15,11,4
8/11/16 22:00,17,9,8
8/11/16 23:00,8,4,4
8/12/16 0:00,11,7,4
8/12/16 1:00,4,3,1
8/12/16 2:00,7,2,5
8/12/16 3:00,4,2,2
8/12/16 4:00,5,1,4
8/12/16 5:00,16,3,13
8/12/16 6:00,74,10,64
8/12/16 7:00,131,18,113
8/12/16 8:00,127,16,111
8/12/16 9:00,40,6,34
8/12/16 10:00,36,12,24
8/12/16 11:00,34,12,22
8/12/16 12:00,26,8,18
8/12/16 13:00,28,17,11
8/12/16 14:00,26,16,10
8/12/16 15:00,52,36,16
8/12/16 16:00,123,96,27
8/12/16 17:00,138,115,23
8/12/16 18:00,67,58,9
8/12/16 19:00,41,29,12
8/12/16 20:00,40,25,15
8/12/16 21:00,24,14,10
8/12/16 22:00,9,4,5
8/12/16 23:00,10,5,5
8/13/16 0:00,9,7,2
8/13/16 1:00,5,4,1
8/13/16 2:00,2,1,1
8/13/16 3:00,1,1,0
8/13/16 4:00,3,0,3
8/13/16 5:00,5,0,5
8/13/16 6:00,15,4,11
8/13/16 7:00,19,9,10
8/13/16 8:00,38,15,23
8/13/16 9:00,51,21,30
8/13/16 10:00,53,23,30
8/13/16 11:00,78,47,31
8/13/16 12:00,65,39,26
8/13/16 13:00,67,34,33
8/13/16 14:00,75,41,34
8/13/16 15:00,62,28,34
8/13/16 16:00,45,29,16
8/13/16 17:00,35,16,19
8/13/16 18:00,30,19,11
8/13/16 19:00,28,10,18
8/13/16 20:00,24,13,11
8/13/16 21:00,9,4,5
8/13/16 22:00,6,4,2
8/13/16 23:00,4,3,1
8/14/16 0:00,3,1,2
8/14/16 1:00,1,1,0
8/14/16 2:00,4,2,2
8/14/16 3:00,1,0,1
8/14/16 4:00,4,4,0
8/14/16 5:00,0,0,0
8/14/16 6:00,12,1,11
8/14/16 7:00,31,14,17
8/14/16 8:00,40,17,23
8/14/16 9:00,57,27,30
8/14/16 10:00,114,36,78
8/14/16 11:00,156,50,106
8/14/16 12:00,113,38,75
8/14/16 13:00,75,35,40
8/14/16 14:00,77,40,37
8/14/16 15:00,81,44,37
8/14/16 16:00,53,23,30
8/14/16 17:00,49,18,31
8/14/16 18:00,48,30,18
8/14/16 19:00,37,22,15
8/14/16 20:00,21,15,6
8/14/16 21:00,15,9,6
8/14/16 22:00,7,2,5
8/14/16 23:00,2,1,1
8/15/16 0:00,0,0,0
8/15/16 1:00,3,2,1
8/15/16 2:00,2,1,1
8/15/16 3:00,2,2,0
8/15/16 4:00,12,1,11
8/15/16 5:00,36,10,26
8/15/16 6:00,78,15,63
8/15/16 7:00,151,14,137
8/15/16 8:00,156,21,135
8/15/16 9:00,58,11,47
8/15/16 10:00,33,4,29
8/15/16 11:00,14,6,8
8/15/16 12:00,26,12,14
8/15/16 13:00,25,15,10
8/15/16 14:00,31,14,17
8/15/16 15:00,42,29,13
8/15/16 16:00,103,79,24
8/15/16 17:00,193,173,20
8/15/16 18:00,147,134,13
8/15/16 19:00,69,43,26
8/15/16 20:00,39,27,12
8/15/16 21:00,23,16,7
8/15/16 22:00,7,6,1
8/15/16 23:00,5,3,2
8/16/16 0:00,5,3,2
8/16/16 1:00,1,1,0
8/16/16 2:00,1,0,1
8/16/16 3:00,3,1,2
8/16/16 4:00,7,1,6
8/16/16 5:00,25,3,22
8/16/16 6:00,75,13,62
8/16/16 7:00,160,23,137
8/16/16 8:00,165,29,136
8/16/16 9:00,71,12,59
8/16/16 10:00,28,5,23
8/16/16 11:00,30,16,14
8/16/16 12:00,25,13,12
8/16/16 13:00,27,11,16
8/16/16 14:00,33,15,18
8/16/16 15:00,60,42,18
8/16/16 16:00,114,88,26
8/16/16 17:00,212,179,33
8/16/16 18:00,167,144,23
8/16/16 19:00,53,42,11
8/16/16 20:00,30,21,9
8/16/16 21:00,21,14,7
8/16/16 22:00,8,7,1
8/16/16 23:00,6,3,3
8/17/16 0:00,1,1,0
8/17/16 1:00,1,1,0
8/17/16 2:00,3,1,2
8/17/16 3:00,3,1,2
8/17/16 4:00,7,0,7
8/17/16 5:00,25,4,21
8/17/16 6:00,82,20,62
8/17/16 7:00,167,19,148
8/17/16 8:00,165,17,148
8/17/16 9:00,73,11,62
8/17/16 10:00,32,10,22
8/17/16 11:00,22,11,11
8/17/16 12:00,25,12,13
8/17/16 13:00,23,16,7
8/17/16 14:00,26,16,10
8/17/16 15:00,38,27,11
8/17/16 16:00,104,78,26
8/17/16 17:00,206,185,21
8/17/16 18:00,151,127,24
8/17/16 19:00,87,63,24
8/17/16 20:00,41,27,14
8/17/16 21:00,15,10,5
8/17/16 22:00,7,5,2
8/17/16 23:00,5,4,1
8/18/16 0:00,4,2,2
8/18/16 1:00,3,1,2
8/18/16 2:00,3,2,1
8/18/16 3:00,3,2,1
8/18/16 4:00,7,1,6
8/18/16 5:00,28,5,23
8/18/16 6:00,61,13,48
8/18/16 7:00,176,21,155
8/18/16 8:00,151,21,130
8/18/16 9:00,61,9,52
8/18/16 10:00,43,18,25
8/18/16 11:00,31,17,14
8/18/16 12:00,27,13,14
8/18/16 13:00,25,12,13
8/18/16 14:00,32,18,14
8/18/16 15:00,56,39,17
8/18/16 16:00,131,95,36
8/18/16 17:00,167,132,35
8/18/16 18:00,137,116,21
8/18/16 19:00,77,56,21
8/18/16 20:00,37,27,10
8/18/16 21:00,24,17,7
8/18/16 22:00,12,10,2
8/18/16 23:00,10,8,2
8/19/16 0:00,2,2,0
8/19/16 1:00,1,0,1
8/19/16 2:00,2,1,1
8/19/16 3:00,3,1,2
8/19/16 4:00,7,1,6
8/19/16 5:00,15,5,10
8/19/16 6:00,50,10,40
8/19/16 7:00,114,16,98
8/19/16 8:00,113,14,99
8/19/16 9:00,46,12,34
8/19/16 10:00,27,9,18
8/19/16 11:00,28,9,19
8/19/16 12:00,16,10,6
8/19/16 13:00,21,9,12
8/19/16 14:00,37,16,21
8/19/16 15:00,49,30,19
8/19/16 16:00,87,75,12
8/19/16 17:00,114,105,9
8/19/16 18:00,74,63,11
8/19/16 19:00,44,31,13
8/19/16 20:00,23,16,7
8/19/16 21:00,29,21,8
8/19/16 22:00,8,4,4
8/19/16 23:00,7,4,3
8/20/16 0:00,4,4,0
8/20/16 1:00,1,1,0
8/20/16 2:00,3,3,0
8/20/16 3:00,0,0,0
8/20/16 4:00,2,1,1
8/20/16 5:00,4,2,2
8/20/16 6:00,12,3,9
8/20/16 7:00,26,14,12
8/20/16 8:00,26,17,9
8/20/16 9:00,46,33,13
8/20/16 10:00,64,28,36
8/20/16 11:00,110,87,23
8/20/16 12:00,77,32,45
8/20/16 13:00,46,26,20
8/20/16 14:00,61,40,21
8/20/16 15:00,52,27,25
8/20/16 16:00,49,23,26
8/20/16 17:00,35,18,17
8/20/16 18:00,26,9,17
8/20/16 19:00,22,12,10
8/20/16 20:00,22,12,10
8/20/16 21:00,16,7,9
8/20/16 22:00,10,6,4
8/20/16 23:00,1,1,0
8/21/16 0:00,7,3,4
8/21/16 1:00,4,2,2
8/21/16 2:00,2,0,2
8/21/16 3:00,1,1,0
8/21/16 4:00,2,2,0
8/21/16 5:00,2,1,1
8/21/16 6:00,5,1,4
8/21/16 7:00,11,0,11
8/21/16 8:00,24,14,10
8/21/16 9:00,31,22,9
8/21/16 10:00,29,14,15
8/21/16 11:00,43,21,22
8/21/16 12:00,59,27,32
8/21/16 13:00,48,27,21
8/21/16 14:00,54,25,29
8/21/16 15:00,54,28,26
8/21/16 16:00,59,28,31
8/21/16 17:00,48,24,24
8/21/16 18:00,41,22,19
8/21/16 19:00,35,14,21
8/21/16 20:00,19,17,2
8/21/16 21:00,22,18,4
8/21/16 22:00,12,11,1
8/21/16 23:00,4,2,2
8/22/16 0:00,3,2,1
8/22/16 1:00,3,2,1
8/22/16 2:00,1,0,1
8/22/16 3:00,2,1,1
8/22/16 4:00,8,1,7
8/22/16 5:00,27,7,20
8/22/16 6:00,71,13,58
8/22/16 7:00,154,16,138
8/22/16 8:00,149,17,132
8/22/16 9:00,59,14,45
8/22/16 10:00,22,5,17
8/22/16 11:00,27,8,19
8/22/16 12:00,20,9,11
8/22/16 13:00,21,14,7
8/22/16 14:00,34,17,17
8/22/16 15:00,47,33,14
8/22/16 16:00,103,84,19
8/22/16 17:00,186,170,16
8/22/16 18:00,145,128,17
8/22/16 19:00,58,46,12
8/22/16 20:00,33,26,7
8/22/16 21:00,24,12,12
8/22/16 22:00,17,7,10
8/22/16 23:00,5,3,2
8/23/16 0:00,3,2,1
8/23/16 1:00,5,3,2
8/23/16 2:00,3,2,1
8/23/16 3:00,6,0,6
8/23/16 4:00,13,5,8
8/23/16 5:00,30,4,26
8/23/16 6:00,85,17,68
8/23/16 7:00,157,12,145
8/23/16 8:00,159,13,146
8/23/16 9:00,69,11,58
8/23/16 10:00,26,9,17
8/23/16 11:00,27,9,18
8/23/16 12:00,23,13,10
8/23/16 13:00,32,22,10
8/23/16 14:00,35,15,20
8/23/16 15:00,53,38,15
8/23/16 16:00,120,94,26
8/23/16 17:00,206,181,25
8/23/16 18:00,142,119,23
8/23/16 19:00,68,52,16
8/23/16 20:00,31,25,6
8/23/16 21:00,21,16,5
8/23/16 22:00,13,10,3
8/23/16 23:00,6,5,1
8/24/16 0:00,4,3,1
8/24/16 1:00,0,0,0
8/24/16 2:00,2,0,2
8/24/16 3:00,2,0,2
8/24/16 4:00,10,3,7
8/24/16 5:00,30,9,21
8/24/16 6:00,78,13,65
8/24/16 7:00,162,21,141
8/24/16 8:00,155,15,140
8/24/16 9:00,78,9,69
8/24/16 10:00,34,8,26
8/24/16 11:00,16,4,12
8/24/16 12:00,30,14,16
8/24/16 13:00,26,18,8
8/24/16 14:00,39,21,18
8/24/16 15:00,72,54,18
8/24/16 16:00,131,112,19
8/24/16 17:00,202,175,27
8/24/16 18:00,131,107,24
8/24/16 19:00,70,61,9
8/24/16 20:00,45,28,17
8/24/16 21:00,29,24,5
8/24/16 22:00,7,3,4
8/24/16 23:00,6,5,1
8/25/16 0:00,1,1,0
8/25/16 1:00,1,1,0
8/25/16 2:00,3,1,2
8/25/16 3:00,2,0,2
8/25/16 4:00,6,1,5
8/25/16 5:00,26,5,21
8/25/16 6:00,81,10,71
8/25/16 7:00,155,13,142
8/25/16 8:00,158,17,141
8/25/16 9:00,59,15,44
8/25/16 10:00,30,7,23
8/25/16 11:00,34,10,24
8/25/16 12:00,33,14,19
8/25/16 13:00,27,12,15
8/25/16 14:00,15,10,5
8/25/16 15:00,52,42,10
8/25/16 16:00,119,93,26
8/25/16 17:00,195,169,26
8/25/16 18:00,147,131,16
8/25/16 19:00,71,53,18
8/25/16 20:00,41,28,13
8/25/16 21:00,26,17,9
8/25/16 22:00,8,7,1
8/25/16 23:00,5,4,1
8/26/16 0:00,2,0,2
8/26/16 1:00,1,0,1
8/26/16 2:00,4,3,1
8/26/16 3:00,5,3,2
8/26/16 4:00,6,2,4
8/26/16 5:00,22,5,17
8/26/16 6:00,62,14,48
8/26/16 7:00,135,16,119
8/26/16 8:00,110,16,94
8/26/16 9:00,59,12,47
8/26/16 10:00,30,16,14
8/26/16 11:00,30,15,15
8/26/16 12:00,22,13,9
8/26/16 13:00,32,21,11
8/26/16 14:00,32,15,17
8/26/16 15:00,45,35,10
8/26/16 16:00,106,89,17
8/26/16 17:00,145,118,27
8/26/16 18:00,82,68,14
8/26/16 19:00,42,30,12
8/26/16 20:00,18,13,5
8/26/16 21:00,13,10,3
8/26/16 22:00,10,6,4
8/26/16 23:00,11,6,5
8/27/16 0:00,5,2,3
8/27/16 1:00,2,2,0
8/27/16 2:00,0,0,0
8/27/16 3:00,2,1,1
8/27/16 4:00,4,0,4
8/27/16 5:00,3,1,2
8/27/16 6:00,12,3,9
8/27/16 7:00,14,8,6
8/27/16 8:00,34,18,16
8/27/16 9:00,40,27,13
8/27/16 10:00,37,16,21
8/27/16 11:00,41,25,16
8/27/16 12:00,38,11,27
8/27/16 13:00,51,23,28
8/27/16 14:00,42,24,18
8/27/16 15:00,53,28,25
8/27/16 16:00,27,13,14
8/27/16 17:00,31,18,13
8/27/16 18:00,41,23,18
8/27/16 19:00,16,7,9
8/27/16 20:00,10,8,2
8/27/16 21:00,11,7,4
8/27/16 22:00,3,2,1
8/27/16 23:00,5,2,3
8/28/16 0:00,6,4,2
8/28/16 1:00,6,4,2
8/28/16 2:00,3,0,3
8/28/16 3:00,0,0,0
8/28/16 4:00,6,3,3
8/28/16 5:00,2,1,1
8/28/16 6:00,4,0,4
8/28/16 7:00,22,7,15
8/28/16 8:00,33,14,19
8/28/16 9:00,39,19,20
8/28/16 10:00,34,15,19
8/28/16 11:00,51,33,18
8/28/16 12:00,59,32,27
8/28/16 13:00,35,14,21
8/28/16 14:00,62,30,32
8/28/16 15:00,44,18,26
8/28/16 16:00,46,25,21
8/28/16 17:00,32,19,13
8/28/16 18:00,21,19,2
8/28/16 19:00,6,1,5
8/28/16 20:00,5,2,3
8/28/16 21:00,7,6,1
8/28/16 22:00,8,3,5
8/28/16 23:00,3,2,1
8/29/16 0:00,1,0,1
8/29/16 1:00,0,0,0
8/29/16 2:00,3,1,2
8/29/16 3:00,1,0,1
8/29/16 4:00,8,2,6
8/29/16 5:00,48,8,40
8/29/16 6:00,61,8,53
8/29/16 7:00,127,11,116
8/29/16 8:00,136,9,127
8/29/16 9:00,51,8,43
8/29/16 10:00,27,4,23
8/29/16 11:00,21,9,12
8/29/16 12:00,32,17,15
8/29/16 13:00,34,20,14
8/29/16 14:00,36,24,12
8/29/16 15:00,48,34,14
8/29/16 16:00,121,93,28
8/29/16 17:00,193,169,24
8/29/16 18:00,130,110,20
8/29/16 19:00,58,45,13
8/29/16 20:00,21,18,3
8/29/16 21:00,17,10,7
8/29/16 22:00,6,5,1
8/29/16 23:00,4,4,0
8/30/16 0:00,4,1,3
8/30/16 1:00,2,2,0
8/30/16 2:00,0,0,0
8/30/16 3:00,3,2,1
8/30/16 4:00,7,0,7
8/30/16 5:00,32,5,27
8/30/16 6:00,76,12,64
8/30/16 7:00,159,24,135
8/30/16 8:00,145,8,137
8/30/16 9:00,43,3,40
8/30/16 10:00,25,6,19
8/30/16 11:00,20,4,16
8/30/16 12:00,12,3,9
8/30/16 13:00,30,20,10
8/30/16 14:00,33,17,16
8/30/16 15:00,47,33,14
8/30/16 16:00,110,88,22
8/30/16 17:00,180,154,26
8/30/16 18:00,130,112,18
8/30/16 19:00,71,52,19
8/30/16 20:00,22,15,7
8/30/16 21:00,18,18,0
8/30/16 22:00,11,5,6
8/30/16 23:00,9,7,2
8/31/16 0:00,3,1,2
8/31/16 1:00,2,1,1
8/31/16 2:00,3,2,1
8/31/16 3:00,3,2,1
8/31/16 4:00,6,0,6
8/31/16 5:00,20,4,16
8/31/16 6:00,56,12,44
8/31/16 7:00,127,17,110
8/31/16 8:00,107,14,93
8/31/16 9:00,55,9,46
8/31/16 10:00,22,3,19
8/31/16 11:00,13,5,8
8/31/16 12:00,12,4,8
8/31/16 13:00,13,9,4
8/31/16 14:00,23,15,8
8/31/16 15:00,31,20,11
8/31/16 16:00,71,56,15
8/31/16 17:00,155,135,20
8/31/16 18:00,87,75,12
8/31/16 19:00,40,34,6
8/31/16 20:00,20,18,2
8/31/16 21:00,17,13,4
8/31/16 22:00,9,6,3
8/31/16 23:00,6,3,3
9/1/16 0:00,3,2,1
9/1/16 1:00,2,2,0
9/1/16 2:00,1,0,1
9/1/16 3:00,1,0,1
9/1/16 4:00,5,1,4
9/1/16 5:00,12,1,11
9/1/16 6:00,58,7,51
9/1/16 7:00,106,17,89
9/1/16 8:00,137,11,126
9/1/16 9:00,50,8,42
9/1/16 10:00,26,6,20
9/1/16 11:00,18,7,11
9/1/16 12:00,20,6,14
9/1/16 13:00,22,11,11
9/1/16 14:00,22,11,11
9/1/16 15:00,40,32,8
9/1/16 16:00,79,68,11
9/1/16 17:00,145,128,17
9/1/16 18:00,89,77,12
9/1/16 19:00,33,26,7
9/1/16 20:00,17,11,6
9/1/16 21:00,23,20,3
9/1/16 22:00,5,3,2
9/1/16 23:00,9,3,6
9/2/16 0:00,8,1,7
9/2/16 1:00,3,2,1
9/2/16 2:00,1,1,0
9/2/16 3:00,0,0,0
9/2/16 4:00,7,0,7
9/2/16 5:00,13,3,10
9/2/16 6:00,45,9,36
9/2/16 7:00,61,10,51
9/2/16 8:00,86,6,80
9/2/16 9:00,25,8,17
9/2/16 10:00,6,1,5
9/2/16 11:00,3,2,1
9/2/16 12:00,9,7,2
9/2/16 13:00,18,9,9
9/2/16 14:00,21,15,6
9/2/16 15:00,31,24,7
9/2/16 16:00,62,44,18
9/2/16 17:00,67,61,6
9/2/16 18:00,48,43,5
9/2/16 19:00,30,21,9
9/2/16 20:00,12,10,2
9/2/16 21:00,4,3,1
9/2/16 22:00,9,8,1
9/2/16 23:00,3,0,3
9/3/16 0:00,3,0,3
9/3/16 1:00,4,1,3
9/3/16 2:00,3,2,1
9/3/16 3:00,2,1,1
9/3/16 4:00,3,0,3
9/3/16 5:00,4,0,4
9/3/16 6:00,5,3,2
9/3/16 7:00,14,5,9
9/3/16 8:00,8,2,6
9/3/16 9:00,11,4,7
9/3/16 10:00,9,7,2
9/3/16 11:00,15,7,8
9/3/16 12:00,27,15,12
9/3/16 13:00,22,12,10
9/3/16 14:00,28,16,12
9/3/16 15:00,37,19,18
9/3/16 16:00,36,24,12
9/3/16 17:00,26,16,10
9/3/16 18:00,24,13,11
9/3/16 19:00,18,7,11
9/3/16 20:00,16,9,7
9/3/16 21:00,9,3,6
9/3/16 22:00,5,3,2
9/3/16 23:00,3,2,1
9/4/16 0:00,5,4,1
9/4/16 1:00,1,0,1
9/4/16 2:00,2,1,1
9/4/16 3:00,1,1,0
9/4/16 4:00,1,1,0
9/4/16 5:00,4,1,3
9/4/16 6:00,7,2,5
9/4/16 7:00,12,4,8
9/4/16 8:00,16,4,12
9/4/16 9:00,38,14,24
9/4/16 10:00,57,38,19
9/4/16 11:00,31,13,18
9/4/16 12:00,69,30,39
9/4/16 13:00,54,35,19
9/4/16 14:00,71,42,29
9/4/16 15:00,71,35,36
9/4/16 16:00,67,29,38
9/4/16 17:00,61,40,21
9/4/16 18:00,34,25,9
9/4/16 19:00,29,10,19
9/4/16 20:00,7,3,4
9/4/16 21:00,3,1,2
9/4/16 22:00,4,3,1
9/4/16 23:00,4,2,2
9/5/16 0:00,2,2,0
9/5/16 1:00,4,1,3
9/5/16 2:00,1,1,0
9/5/16 3:00,0,0,0
9/5/16 4:00,3,0,3
9/5/16 5:00,5,1,4
9/5/16 6:00,6,2,4
9/5/16 7:00,6,0,6
9/5/16 8:00,28,10,18
9/5/16 9:00,36,17,19
9/5/16 10:00,24,8,16
9/5/16 11:00,29,13,16
9/5/16 12:00,58,23,35
9/5/16 13:00,22,12,10
9/5/16 14:00,56,32,24
9/5/16 15:00,51,27,24
9/5/16 16:00,48,24,24
9/5/16 17:00,33,26,7
9/5/16 18:00,22,18,4
9/5/16 19:00,21,13,8
9/5/16 20:00,5,2,3
9/5/16 21:00,9,5,4
9/5/16 22:00,4,2,2
9/5/16 23:00,12,5,7
9/6/16 0:00,5,1,4
9/6/16 1:00,1,0,1
9/6/16 2:00,2,0,2
9/6/16 3:00,1,0,1
9/6/16 4:00,6,1,5
9/6/16 5:00,11,2,9
9/6/16 6:00,39,6,33
9/6/16 7:00,95,8,87
9/6/16 8:00,93,6,87
9/6/16 9:00,48,9,39
9/6/16 10:00,21,3,18
9/6/16 11:00,9,1,8
9/6/16 12:00,10,3,7
9/6/16 13:00,10,5,5
9/6/16 14:00,16,6,10
9/6/16 15:00,26,15,11
9/6/16 16:00,73,59,14
9/6/16 17:00,132,111,21
9/6/16 18:00,78,69,9
9/6/16 19:00,41,28,13
9/6/16 20:00,15,14,1
9/6/16 21:00,13,11,2
9/6/16 22:00,2,1,1
9/6/16 23:00,4,3,1
9/7/16 0:00,2,1,1
9/7/16 1:00,2,1,1
9/7/16 2:00,2,0,2
9/7/16 3:00,1,0,1
9/7/16 4:00,7,2,5
9/7/16 5:00,22,4,18
9/7/16 6:00,67,10,57
9/7/16 7:00,133,13,120
9/7/16 8:00,169,19,150
9/7/16 9:00,59,8,51
9/7/16 10:00,30,4,26
9/7/16 11:00,27,10,17
9/7/16 12:00,19,9,10
9/7/16 13:00,28,12,16
9/7/16 14:00,30,15,15
9/7/16 15:00,34,30,4
9/7/16 16:00,83,70,13
9/7/16 17:00,154,136,18
9/7/16 18:00,106,97,9
9/7/16 19:00,32,30,2
9/7/16 20:00,15,14,1
9/7/16 21:00,16,13,3
9/7/16 22:00,2,1,1
9/7/16 23:00,4,4,0
9/8/16 0:00,2,1,1
9/8/16 1:00,2,1,1
9/8/16 2:00,2,1,1
9/8/16 3:00,2,1,1
9/8/16 4:00,3,0,3
9/8/16 5:00,23,2,21
9/8/16 6:00,67,10,57
9/8/16 7:00,124,15,109
9/8/16 8:00,122,14,108
9/8/16 9:00,47,7,40
9/8/16 10:00,28,3,25
9/8/16 11:00,15,3,12
9/8/16 12:00,26,16,10
9/8/16 13:00,25,7,18
9/8/16 14:00,11,6,5
9/8/16 15:00,43,30,13
9/8/16 16:00,96,75,21
9/8/16 17:00,167,140,27
9/8/16 18:00,103,87,16
9/8/16 19:00,49,37,12
9/8/16 20:00,19,11,8
9/8/16 21:00,18,17,1
9/8/16 22:00,12,9,3
9/8/16 23:00,7,6,1
9/9/16 0:00,3,2,1
9/9/16 1:00,0,0,0
9/9/16 2:00,2,1,1
9/9/16 3:00,0,0,0
9/9/16 4:00,4,1,3
9/9/16 5:00,15,3,12
9/9/16 6:00,64,9,55
9/9/16 7:00,121,11,110
9/9/16 8:00,111,13,98
9/9/16 9:00,55,8,47
9/9/16 10:00,41,12,29
9/9/16 11:00,22,11,11
9/9/16 12:00,32,18,14
9/9/16 13:00,34,17,17
9/9/16 14:00,42,28,14
9/9/16 15:00,60,39,21
9/9/16 16:00,110,90,20
9/9/16 17:00,150,125,25
9/9/16 18:00,90,80,10
9/9/16 19:00,38,28,10
9/9/16 20:00,14,10,4
9/9/16 21:00,14,7,7
9/9/16 22:00,12,4,8
9/9/16 23:00,6,4,2
9/10/16 0:00,3,1,2
9/10/16 1:00,2,2,0
9/10/16 2:00,2,1,1
9/10/16 3:00,0,0,0
9/10/16 4:00,3,0,3
9/10/16 5:00,5,1,4
9/10/16 6:00,10,3,7
9/10/16 7:00,30,8,22
9/10/16 8:00,24,8,16
9/10/16 9:00,34,15,19
9/10/16 10:00,36,21,15
9/10/16 11:00,49,27,22
9/10/16 12:00,59,36,23
9/10/16 13:00,63,36,27
9/10/16 14:00,60,28,32
9/10/16 15:00,69,31,38
9/10/16 16:00,96,47,49
9/10/16 17:00,47,27,20
9/10/16 18:00,41,19,22
9/10/16 19:00,21,7,14
9/10/16 20:00,10,5,5
9/10/16 21:00,11,7,4
9/10/16 22:00,8,6,2
9/10/16 23:00,6,5,1
9/11/16 0:00,4,2,2
9/11/16 1:00,0,0,0
9/11/16 2:00,0,0,0
9/11/16 3:00,0,0,0
9/11/16 4:00,2,1,1
9/11/16 5:00,2,0,2
9/11/16 6:00,2,0,2
9/11/16 7:00,10,6,4
9/11/16 8:00,18,5,13
9/11/16 9:00,31,10,21
9/11/16 10:00,33,22,11
9/11/16 11:00,40,19,21
9/11/16 12:00,32,21,11
9/11/16 13:00,37,19,18
9/11/16 14:00,36,16,20
9/11/16 15:00,45,22,23
9/11/16 16:00,45,29,16
9/11/16 17:00,33,19,14
9/11/16 18:00,23,12,11
9/11/16 19:00,17,8,9
9/11/16 20:00,10,5,5
9/11/16 21:00,2,0,2
9/11/16 22:00,6,3,3
9/11/16 23:00,4,2,2
9/12/16 0:00,2,1,1
9/12/16 1:00,0,0,0
9/12/16 2:00,1,0,1
9/12/16 3:00,2,0,2
9/12/16 4:00,11,1,10
9/12/16 5:00,23,4,19
9/12/16 6:00,92,10,82
9/12/16 7:00,155,12,143
9/12/16 8:00,169,15,154
9/12/16 9:00,52,6,46
9/12/16 10:00,22,3,19
9/12/16 11:00,19,6,13
9/12/16 12:00,26,15,11
9/12/16 13:00,26,13,13
9/12/16 14:00,25,16,9
9/12/16 15:00,51,32,19
9/12/16 16:00,112,88,24
9/12/16 17:00,226,193,33
9/12/16 18:00,133,117,16
9/12/16 19:00,51,44,7
9/12/16 20:00,23,20,3
9/12/16 21:00,21,8,13
9/12/16 22:00,6,3,3
9/12/16 23:00,4,1,3
9/13/16 0:00,3,2,1
9/13/16 1:00,2,1,1
9/13/16 2:00,0,0,0
9/13/16 3:00,4,2,2
9/13/16 4:00,5,1,4
9/13/16 5:00,27,6,21
9/13/16 6:00,81,12,69
9/13/16 7:00,169,11,158
9/13/16 8:00,190,20,170
9/13/16 9:00,59,8,51
9/13/16 10:00,34,13,21
9/13/16 11:00,20,8,12
9/13/16 12:00,23,11,12
9/13/16 13:00,26,10,16
9/13/16 14:00,35,25,10
9/13/16 15:00,55,32,23
9/13/16 16:00,128,98,30
9/13/16 17:00,239,205,34
9/13/16 18:00,138,118,20
9/13/16 19:00,75,57,18
9/13/16 20:00,21,15,6
9/13/16 21:00,13,10,3
9/13/16 22:00,7,4,3
9/13/16 23:00,4,2,2
9/14/16 0:00,4,4,0
9/14/16 1:00,0,0,0
9/14/16 2:00,4,1,3
9/14/16 3:00,4,2,2
9/14/16 4:00,4,0,4
9/14/16 5:00,31,4,27
9/14/16 6:00,72,6,66
9/14/16 7:00,161,8,153
9/14/16 8:00,170,14,156
9/14/16 9:00,56,6,50
9/14/16 10:00,28,10,18
9/14/16 11:00,23,11,12
9/14/16 12:00,31,16,15
9/14/16 13:00,27,12,15
9/14/16 14:00,40,25,15
9/14/16 15:00,47,33,14
9/14/16 16:00,112,92,20
9/14/16 17:00,200,172,28
9/14/16 18:00,156,131,25
9/14/16 19:00,45,31,14
9/14/16 20:00,31,20,11
9/14/16 21:00,12,10,2
9/14/16 22:00,17,10,7
9/14/16 23:00,8,6,2
9/15/16 0:00,2,1,1
9/15/16 1:00,2,1,1
9/15/16 2:00,2,1,1
9/15/16 3:00,1,0,1
9/15/16 4:00,4,0,4
9/15/16 5:00,25,6,19
9/15/16 6:00,72,7,65
9/15/16 7:00,153,17,136
9/15/16 8:00,165,14,151
9/15/16 9:00,75,10,65
9/15/16 10:00,22,7,15
9/15/16 11:00,27,9,18
9/15/16 12:00,22,11,11
9/15/16 13:00,27,9,18
9/15/16 14:00,38,22,16
9/15/16 15:00,48,36,12
9/15/16 16:00,108,91,17
9/15/16 17:00,176,150,26
9/15/16 18:00,105,96,9
9/15/16 19:00,61,50,11
9/15/16 20:00,17,11,6
9/15/16 21:00,13,11,2
9/15/16 22:00,8,6,2
9/15/16 23:00,9,5,4
9/16/16 0:00,4,3,1
9/16/16 1:00,1,1,0
9/16/16 2:00,3,1,2
9/16/16 3:00,1,0,1
9/16/16 4:00,3,0,3
9/16/16 5:00,20,6,14
9/16/16 6:00,61,8,53
9/16/16 7:00,143,13,130
9/16/16 8:00,114,9,105
9/16/16 9:00,44,7,37
9/16/16 10:00,28,6,22
9/16/16 11:00,25,6,19
9/16/16 12:00,32,15,17
9/16/16 13:00,22,10,12
9/16/16 14:00,49,30,19
9/16/16 15:00,44,27,17
9/16/16 16:00,123,103,20
9/16/16 17:00,142,120,22
9/16/16 18:00,101,85,16
9/16/16 19:00,37,30,7
9/16/16 20:00,16,11,5
9/16/16 21:00,12,9,3
9/16/16 22:00,16,9,7
9/16/16 23:00,13,8,5
9/17/16 0:00,5,2,3
9/17/16 1:00,5,2,3
9/17/16 2:00,3,0,3
9/17/16 3:00,1,1,0
9/17/16 4:00,2,1,1
9/17/16 5:00,4,0,4
9/17/16 6:00,4,0,4
9/17/16 7:00,75,67,8
9/17/16 8:00,99,89,10
9/17/16 9:00,10,5,5
9/17/16 10:00,14,7,7
9/17/16 11:00,9,3,6
9/17/16 12:00,25,7,18
9/17/16 13:00,12,7,5
9/17/16 14:00,20,11,9
9/17/16 15:00,22,16,6
9/17/16 16:00,17,10,7
9/17/16 17:00,22,13,9
9/17/16 18:00,15,7,8
9/17/16 19:00,12,6,6
9/17/16 20:00,1,1,0
9/17/16 21:00,5,3,2
9/17/16 22:00,1,1,0
9/17/16 23:00,3,2,1
9/18/16 0:00,4,2,2
9/18/16 1:00,3,2,1
9/18/16 2:00,2,1,1
9/18/16 3:00,4,3,1
9/18/16 4:00,1,0,1
9/18/16 5:00,4,0,4
9/18/16 6:00,3,1,2
9/18/16 7:00,7,1,6
9/18/16 8:00,24,9,15
9/18/16 9:00,33,20,13
9/18/16 10:00,34,19,15
9/18/16 11:00,44,21,23
9/18/16 12:00,49,22,27
9/18/16 13:00,35,12,23
9/18/16 14:00,61,37,24
9/18/16 15:00,55,27,28
9/18/16 16:00,37,22,15
9/18/16 17:00,29,17,12
9/18/16 18:00,11,7,4
9/18/16 19:00,19,9,10
9/18/16 20:00,9,5,4
9/18/16 21:00,9,6,3
9/18/16 22:00,3,3,0
9/18/16 23:00,2,0,2
9/19/16 0:00,1,0,1
9/19/16 1:00,6,4,2
9/19/16 2:00,0,0,0
9/19/16 3:00,2,0,2
9/19/16 4:00,4,1,3
9/19/16 5:00,19,1,18
9/19/16 6:00,49,8,41
9/19/16 7:00,105,7,98
9/19/16 8:00,109,7,102
9/19/16 9:00,60,9,51
9/19/16 10:00,18,2,16
9/19/16 11:00,14,5,9
9/19/16 12:00,18,5,13
9/19/16 13:00,16,8,8
9/19/16 14:00,16,12,4
9/19/16 15:00,34,27,7
9/19/16 16:00,76,65,11
9/19/16 17:00,117,109,8
9/19/16 18:00,98,80,18
9/19/16 19:00,41,28,13
9/19/16 20:00,16,11,5
9/19/16 21:00,17,14,3
9/19/16 22:00,10,6,4
9/19/16 23:00,7,5,2
9/20/16 0:00,2,1,1
9/20/16 1:00,1,1,0
9/20/16 2:00,0,0,0
9/20/16 3:00,4,3,1
9/20/16 4:00,10,0,10
9/20/16 5:00,26,3,23
9/20/16 6:00,66,8,58
9/20/16 7:00,164,12,152
9/20/16 8:00,162,13,149
9/20/16 9:00,55,4,51
9/20/16 10:00,22,5,17
9/20/16 11:00,23,9,14
9/20/16 12:00,19,9,10
9/20/16 13:00,26,14,12
9/20/16 14:00,27,13,14
9/20/16 15:00,48,36,12
9/20/16 16:00,97,82,15
9/20/16 17:00,188,168,20
9/20/16 18:00,125,99,26
9/20/16 19:00,53,40,13
9/20/16 20:00,22,17,5
9/20/16 21:00,8,6,2
9/20/16 22:00,10,6,4
9/20/16 23:00,3,3,0
9/21/16 0:00,0,0,0
9/21/16 1:00,1,1,0
9/21/16 2:00,2,0,2
9/21/16 3:00,4,2,2
9/21/16 4:00,6,0,6
9/21/16 5:00,25,3,22
9/21/16 6:00,78,12,66
9/21/16 7:00,157,8,149
9/21/16 8:00,173,22,151
9/21/16 9:00,73,11,62
9/21/16 10:00,24,6,18
9/21/16 11:00,36,16,20
9/21/16 12:00,27,16,11
9/21/16 13:00,28,10,18
9/21/16 14:00,45,21,24
9/21/16 15:00,51,34,17
9/21/16 16:00,121,105,16
9/21/16 17:00,187,154,33
9/21/16 18:00,139,111,28
9/21/16 19:00,45,38,7
9/21/16 20:00,26,16,10
9/21/16 21:00,16,16,0
9/21/16 22:00,13,10,3
9/21/16 23:00,6,3,3
9/22/16 0:00,5,5,0
9/22/16 1:00,5,2,3
9/22/16 2:00,2,1,1
9/22/16 3:00,4,2,2
9/22/16 4:00,8,0,8
9/22/16 5:00,22,7,15
9/22/16 6:00,76,15,61
9/22/16 7:00,150,9,141
9/22/16 8:00,162,13,149
9/22/16 9:00,55,6,49
9/22/16 10:00,35,12,23
9/22/16 11:00,17,8,9
9/22/16 12:00,30,18,12
9/22/16 13:00,19,4,15
9/22/16 14:00,34,18,16
9/22/16 15:00,52,39,13
9/22/16 16:00,105,83,22
9/22/16 17:00,178,157,21
9/22/16 18:00,137,114,23
9/22/16 19:00,42,32,10
9/22/16 20:00,18,13,5
9/22/16 21:00,16,12,4
9/22/16 22:00,7,4,3
9/22/16 23:00,1,1,0
9/23/16 0:00,2,1,1
9/23/16 1:00,3,2,1
9/23/16 2:00,1,0,1
9/23/16 3:00,2,1,1
9/23/16 4:00,3,0,3
9/23/16 5:00,14,2,12
9/23/16 6:00,49,10,39
9/23/16 7:00,95,12,83
9/23/16 8:00,106,3,103
9/23/16 9:00,42,4,38
9/23/16 10:00,24,5,19
9/23/16 11:00,5,3,2
9/23/16 12:00,11,7,4
9/23/16 13:00,16,7,9
9/23/16 14:00,26,16,10
9/23/16 15:00,36,26,10
9/23/16 16:00,71,59,12
9/23/16 17:00,95,86,9
9/23/16 18:00,68,61,7
9/23/16 19:00,25,19,6
9/23/16 20:00,10,9,1
9/23/16 21:00,5,4,1
9/23/16 22:00,8,6,2
9/23/16 23:00,9,8,1
9/24/16 0:00,0,0,0
9/24/16 1:00,2,1,1
9/24/16 2:00,2,1,1
9/24/16 3:00,3,2,1
9/24/16 4:00,2,1,1
9/24/16 5:00,7,1,6
9/24/16 6:00,7,2,5
9/24/16 7:00,10,2,8
9/24/16 8:00,23,10,13
9/24/16 9:00,20,8,12
9/24/16 10:00,24,13,11
9/24/16 11:00,30,15,15
9/24/16 12:00,40,21,19
9/24/16 13:00,45,25,20
9/24/16 14:00,34,21,13
9/24/16 15:00,49,26,23
9/24/16 16:00,38,19,19
9/24/16 17:00,25,17,8
9/24/16 18:00,18,11,7
9/24/16 19:00,25,10,15
9/24/16 20:00,3,3,0
9/24/16 21:00,11,6,5
9/24/16 22:00,6,5,1
9/24/16 23:00,3,0,3
9/25/16 0:00,6,3,3
9/25/16 1:00,8,6,2
9/25/16 2:00,0,0,0
9/25/16 3:00,2,0,2
9/25/16 4:00,1,1,0
9/25/16 5:00,6,1,5
9/25/16 6:00,3,0,3
9/25/16 7:00,13,6,7
9/25/16 8:00,22,11,11
9/25/16 9:00,39,17,22
9/25/16 10:00,48,28,20
9/25/16 11:00,63,26,37
9/25/16 12:00,51,23,28
9/25/16 13:00,68,35,33
9/25/16 14:00,51,25,26
9/25/16 15:00,52,23,29
9/25/16 16:00,50,27,23
9/25/16 17:00,52,37,15
9/25/16 18:00,29,14,15
9/25/16 19:00,6,4,2
9/25/16 20:00,7,3,4
9/25/16 21:00,10,5,5
9/25/16 22:00,4,3,1
9/25/16 23:00,2,1,1
9/26/16 0:00,4,1,3
9/26/16 1:00,2,0,2
9/26/16 2:00,4,1,3
9/26/16 3:00,3,1,2
9/26/16 4:00,5,1,4
9/26/16 5:00,24,2,22
9/26/16 6:00,78,11,67
9/26/16 7:00,167,15,152
9/26/16 8:00,146,15,131
9/26/16 9:00,71,12,59
9/26/16 10:00,28,6,22
9/26/16 11:00,20,7,13
9/26/16 12:00,33,23,10
9/26/16 13:00,35,16,19
9/26/16 14:00,37,22,15
9/26/16 15:00,51,34,17
9/26/16 16:00,124,101,23
9/26/16 17:00,227,204,23
9/26/16 18:00,89,82,7
9/26/16 19:00,36,26,10
9/26/16 20:00,18,11,7
9/26/16 21:00,6,5,1
9/26/16 22:00,5,4,1
9/26/16 23:00,6,3,3
9/27/16 0:00,3,2,1
9/27/16 1:00,3,2,1
9/27/16 2:00,0,0,0
9/27/16 3:00,1,0,1
9/27/16 4:00,9,0,9
9/27/16 5:00,24,5,19
9/27/16 6:00,73,17,56
9/27/16 7:00,132,9,123
9/27/16 8:00,146,9,137
9/27/16 9:00,79,7,72
9/27/16 10:00,24,9,15
9/27/16 11:00,19,11,8
9/27/16 12:00,27,12,15
9/27/16 13:00,23,10,13
9/27/16 14:00,23,17,6
9/27/16 15:00,61,43,18
9/27/16 16:00,108,89,19
9/27/16 17:00,186,156,30
9/27/16 18:00,157,129,28
9/27/16 19:00,43,32,11
9/27/16 20:00,20,12,8
9/27/16 21:00,9,9,0
9/27/16 22:00,8,6,2
9/27/16 23:00,7,5,2
9/28/16 0:00,3,3,0
9/28/16 1:00,2,1,1
9/28/16 2:00,0,0,0
9/28/16 3:00,0,0,0
9/28/16 4:00,3,1,2
9/28/16 5:00,24,4,20
9/28/16 6:00,91,18,73
9/28/16 7:00,169,18,151
9/28/16 8:00,151,10,141
9/28/16 9:00,53,8,45
9/28/16 10:00,28,8,20
9/28/16 11:00,28,9,19
9/28/16 12:00,30,14,16
9/28/16 13:00,21,11,10
9/28/16 14:00,23,14,9
9/28/16 15:00,61,44,17
9/28/16 16:00,111,92,19
9/28/16 17:00,176,153,23
9/28/16 18:00,124,101,23
9/28/16 19:00,58,49,9
9/28/16 20:00,34,23,11
9/28/16 21:00,23,17,6
9/28/16 22:00,10,7,3
9/28/16 23:00,4,4,0
9/29/16 0:00,3,2,1
9/29/16 1:00,2,0,2
9/29/16 2:00,1,0,1
9/29/16 3:00,1,1,0
9/29/16 4:00,9,0,9
9/29/16 5:00,21,4,17
9/29/16 6:00,70,6,64
9/29/16 7:00,136,12,124
9/29/16 8:00,142,11,131
9/29/16 9:00,60,5,55
9/29/16 10:00,29,9,20
9/29/16 11:00,17,7,10
9/29/16 12:00,28,12,16
9/29/16 13:00,30,18,12
9/29/16 14:00,41,22,19
9/29/16 15:00,65,34,31
9/29/16 16:00,91,76,15
9/29/16 17:00,172,151,21
9/29/16 18:00,96,82,14
9/29/16 19:00,43,39,4
9/29/16 20:00,22,18,4
9/29/16 21:00,18,11,7
9/29/16 22:00,16,10,6
9/29/16 23:00,9,6,3
9/30/16 0:00,8,8,0
9/30/16 1:00,3,0,3
9/30/16 2:00,4,2,2
9/30/16 3:00,1,0,1
9/30/16 4:00,4,0,4
9/30/16 5:00,9,2,7
9/30/16 6:00,49,7,42
9/30/16 7:00,108,10,98
9/30/16 8:00,132,7,125
9/30/16 9:00,49,5,44
9/30/16 10:00,13,4,9
9/30/16 11:00,31,18,13
9/30/16 12:00,22,11,11
9/30/16 13:00,31,16,15
9/30/16 14:00,39,23,16
9/30/16 15:00,52,34,18
9/30/16 16:00,116,90,26
9/30/16 17:00,139,116,23
9/30/16 18:00,67,58,9
9/30/16 19:00,30,21,9
9/30/16 20:00,12,11,1
9/30/16 21:00,15,11,4
9/30/16 22:00,7,6,1
9/30/16 23:00,3,2,1
10/1/16 0:00,3,3,0
10/1/16 1:00,3,3,0
10/1/16 2:00,1,1,0
10/1/16 3:00,0,0,0
10/1/16 4:00,1,0,1
10/1/16 5:00,6,1,5
10/1/16 6:00,4,0,4
10/1/16 7:00,15,6,9
10/1/16 8:00,17,7,10
10/1/16 9:00,22,11,11
10/1/16 10:00,25,7,18
10/1/16 11:00,36,17,19
10/1/16 12:00,26,15,11
10/1/16 13:00,11,4,7
10/1/16 14:00,17,9,8
10/1/16 15:00,18,11,7
10/1/16 16:00,21,11,10
10/1/16 17:00,16,9,7
10/1/16 18:00,10,5,5
10/1/16 19:00,4,4,0
10/1/16 20:00,5,3,2
10/1/16 21:00,4,2,2
10/1/16 22:00,2,2,0
10/1/16 23:00,3,3,0
10/2/16 0:00,0,0,0
10/2/16 1:00,5,3,2
10/2/16 2:00,3,3,0
10/2/16 3:00,1,0,1
10/2/16 4:00,0,0,0
10/2/16 5:00,4,0,4
10/2/16 6:00,4,2,2
10/2/16 7:00,5,1,4
10/2/16 8:00,9,3,6
10/2/16 9:00,29,11,18
10/2/16 10:00,24,12,12
10/2/16 11:00,42,21,21
10/2/16 12:00,39,20,19
10/2/16 13:00,37,14,23
10/2/16 14:00,53,26,27
10/2/16 15:00,54,31,23
10/2/16 16:00,32,17,15
10/2/16 17:00,66,33,33
10/2/16 18:00,19,8,11
10/2/16 19:00,7,3,4
10/2/16 20:00,10,9,1
10/2/16 21:00,1,1,0
10/2/16 22:00,3,3,0
10/2/16 23:00,3,0,3
10/3/16 0:00,6,5,1
10/3/16 1:00,3,1,2
10/3/16 2:00,4,2,2
10/3/16 3:00,0,0,0
10/3/16 4:00,8,0,8
10/3/16 5:00,12,2,10
10/3/16 6:00,75,11,64
10/3/16 7:00,158,14,144
10/3/16 8:00,133,9,124
10/3/16 9:00,61,8,53
10/3/16 10:00,31,6,25
10/3/16 11:00,21,9,12
10/3/16 12:00,24,12,12
10/3/16 13:00,18,10,8
10/3/16 14:00,24,13,11
10/3/16 15:00,30,26,4
10/3/16 16:00,91,79,12
10/3/16 17:00,183,161,22
10/3/16 18:00,87,75,12
10/3/16 19:00,39,31,8
10/3/16 20:00,12,9,3
10/3/16 21:00,13,10,3
10/3/16 22:00,7,6,1
10/3/16 23:00,1,1,0
10/4/16 0:00,4,2,2
10/4/16 1:00,3,2,1
10/4/16 2:00,2,2,0
10/4/16 3:00,2,1,1
10/4/16 4:00,4,1,3
10/4/16 5:00,12,4,8
10/4/16 6:00,37,6,31
10/4/16 7:00,122,11,111
10/4/16 8:00,105,9,96
10/4/16 9:00,42,3,39
10/4/16 10:00,19,4,15
10/4/16 11:00,10,4,6
10/4/16 12:00,9,7,2
10/4/16 13:00,12,4,8
10/4/16 14:00,8,6,2
10/4/16 15:00,32,24,8
10/4/16 16:00,66,54,12
10/4/16 17:00,143,126,17
10/4/16 18:00,76,69,7
10/4/16 19:00,31,27,4
10/4/16 20:00,14,13,1
10/4/16 21:00,12,11,1
10/4/16 22:00,1,1,0
10/4/16 23:00,6,3,3
10/5/16 0:00,1,0,1
10/5/16 1:00,1,1,0
10/5/16 2:00,3,1,2
10/5/16 3:00,3,1,2
10/5/16 4:00,2,0,2
10/5/16 5:00,16,3,13
10/5/16 6:00,59,7,52
10/5/16 7:00,119,8,111
10/5/16 8:00,120,12,108
10/5/16 9:00,42,4,38
10/5/16 10:00,19,6,13
10/5/16 11:00,9,3,6
10/5/16 12:00,18,8,10
10/5/16 13:00,15,4,11
10/5/16 14:00,17,7,10
10/5/16 15:00,40,33,7
10/5/16 16:00,68,51,17
10/5/16 17:00,163,145,18
10/5/16 18:00,83,69,14
10/5/16 19:00,28,22,6
10/5/16 20:00,16,12,4
10/5/16 21:00,16,14,2
10/5/16 22:00,7,5,2
10/5/16 23:00,3,2,1
10/6/16 0:00,5,4,1
10/6/16 1:00,1,0,1
10/6/16 2:00,1,0,1
10/6/16 3:00,3,1,2
10/6/16 4:00,6,1,5
10/6/16 5:00,16,3,13
10/6/16 6:00,54,7,47
10/6/16 7:00,135,15,120
10/6/16 8:00,105,4,101
10/6/16 9:00,50,4,46
10/6/16 10:00,18,6,12
10/6/16 11:00,20,3,17
10/6/16 12:00,15,7,8
10/6/16 13:00,17,7,10
10/6/16 14:00,19,8,11
10/6/16 15:00,34,29,5
10/6/16 16:00,89,75,14
10/6/16 17:00,144,121,23
10/6/16 18:00,60,56,4
10/6/16 19:00,24,22,2
10/6/16 20:00,12,9,3
10/6/16 21:00,9,7,2
10/6/16 22:00,4,3,1
10/6/16 23:00,1,1,0
10/7/16 0:00,2,2,0
10/7/16 1:00,0,0,0
10/7/16 2:00,1,0,1
10/7/16 3:00,1,0,1
10/7/16 4:00,0,0,0
10/7/16 5:00,8,1,7
10/7/16 6:00,37,5,32
10/7/16 7:00,83,11,72
10/7/16 8:00,85,6,79
10/7/16 9:00,34,7,27
10/7/16 10:00,14,3,11
10/7/16 11:00,12,4,8
10/7/16 12:00,14,6,8
10/7/16 13:00,12,7,5
10/7/16 14:00,20,10,10
10/7/16 15:00,27,16,11
10/7/16 16:00,68,53,15
10/7/16 17:00,95,82,13
10/7/16 18:00,60,52,8
10/7/16 19:00,35,27,8
10/7/16 20:00,12,10,2
10/7/16 21:00,5,3,2
10/7/16 22:00,3,2,1
10/7/16 23:00,7,2,5
10/8/16 0:00,1,1,0
10/8/16 1:00,0,0,0
10/8/16 2:00,4,3,1
10/8/16 3:00,5,5,0
10/8/16 4:00,3,1,2
10/8/16 5:00,4,1,3
10/8/16 6:00,5,0,5
10/8/16 7:00,6,2,4
10/8/16 8:00,5,1,4
10/8/16 9:00,8,3,5
10/8/16 10:00,14,8,6
10/8/16 11:00,16,6,10
10/8/16 12:00,24,13,11
10/8/16 13:00,11,6,5
10/8/16 14:00,9,6,3
10/8/16 15:00,15,9,6
10/8/16 16:00,8,7,1
10/8/16 17:00,7,6,1
10/8/16 18:00,6,3,3
10/8/16 19:00,0,0,0
10/8/16 20:00,1,1,0
10/8/16 21:00,10,9,1
10/8/16 22:00,5,4,1
10/8/16 23:00,2,2,0
10/9/16 0:00,1,1,0
10/9/16 1:00,3,1,2
10/9/16 2:00,2,1,1
10/9/16 3:00,2,1,1
10/9/16 4:00,1,1,0
10/9/16 5:00,2,0,2
10/9/16 6:00,2,2,0
10/9/16 7:00,6,3,3
10/9/16 8:00,20,6,14
10/9/16 9:00,18,10,8
10/9/16 10:00,29,18,11
10/9/16 11:00,28,13,15
10/9/16 12:00,26,9,17
10/9/16 13:00,18,12,6
10/9/16 14:00,32,16,16
10/9/16 15:00,27,13,14
10/9/16 16:00,20,13,7
10/9/16 17:00,20,14,6
10/9/16 18:00,1,1,0
10/9/16 19:00,0,0,0
10/9/16 20:00,1,0,1
10/9/16 21:00,6,3,3
10/9/16 22:00,2,1,1
10/9/16 23:00,1,1,0
10/10/16 0:00,0,0,0
10/10/16 1:00,0,0,0
10/10/16 2:00,3,2,1
10/10/16 3:00,1,1,0
10/10/16 4:00,6,1,5
10/10/16 5:00,12,1,11
10/10/16 6:00,52,8,44
10/10/16 7:00,118,4,114
10/10/16 8:00,133,7,126
10/10/16 9:00,41,1,40
10/10/16 10:00,19,9,10
10/10/16 11:00,18,6,12
10/10/16 12:00,19,11,8
10/10/16 13:00,25,7,18
10/10/16 14:00,17,11,6
10/10/16 15:00,48,36,12
10/10/16 16:00,89,77,12
10/10/16 17:00,145,132,13
10/10/16 18:00,83,74,9
10/10/16 19:00,36,33,3
10/10/16 20:00,13,9,4
10/10/16 21:00,8,7,1
10/10/16 22:00,4,4,0
10/10/16 23:00,1,1,0
10/11/16 0:00,4,3,1
10/11/16 1:00,0,0,0
10/11/16 2:00,0,0,0
10/11/16 3:00,2,0,2
10/11/16 4:00,9,1,8
10/11/16 5:00,24,4,20
10/11/16 6:00,72,5,67
10/11/16 7:00,151,14,137
10/11/16 8:00,155,10,145
10/11/16 9:00,65,5,60
10/11/16 10:00,21,6,15
10/11/16 11:00,24,7,17
10/11/16 12:00,26,9,17
10/11/16 13:00,19,10,9
10/11/16 14:00,30,19,11
10/11/16 15:00,50,42,8
10/11/16 16:00,132,101,31
10/11/16 17:00,182,161,21
10/11/16 18:00,123,106,17
10/11/16 19:00,32,28,4
10/11/16 20:00,14,13,1
10/11/16 21:00,15,12,3
10/11/16 22:00,3,3,0
10/11/16 23:00,3,1,2
10/12/16 0:00,3,1,2
10/12/16 1:00,3,1,2
10/12/16 2:00,2,1,1
10/12/16 3:00,2,0,2
10/12/16 4:00,5,1,4
10/12/16 5:00,18,2,16
10/12/16 6:00,66,6,60
10/12/16 7:00,138,11,127
10/12/16 8:00,138,10,128
10/12/16 9:00,54,4,50
10/12/16 10:00,22,2,20
10/12/16 11:00,22,3,19
10/12/16 12:00,22,15,7
10/12/16 13:00,30,15,15
10/12/16 14:00,31,16,15
10/12/16 15:00,49,37,12
10/12/16 16:00,102,74,28
10/12/16 17:00,164,148,16
10/12/16 18:00,92,81,11
10/12/16 19:00,22,17,5
10/12/16 20:00,19,14,5
10/12/16 21:00,10,8,2
10/12/16 22:00,10,5,5
10/12/16 23:00,7,5,2
10/13/16 0:00,2,2,0
10/13/16 1:00,2,1,1
10/13/16 2:00,1,1,0
10/13/16 3:00,4,1,3
10/13/16 4:00,0,0,0
10/13/16 5:00,7,1,6
10/13/16 6:00,19,1,18
10/13/16 7:00,64,11,53
10/13/16 8:00,63,5,58
10/13/16 9:00,24,2,22
10/13/16 10:00,8,2,6
10/13/16 11:00,3,1,2
10/13/16 12:00,5,2,3
10/13/16 13:00,6,3,3
10/13/16 14:00,11,5,6
10/13/16 15:00,14,12,2
10/13/16 16:00,31,24,7
10/13/16 17:00,61,58,3
10/13/16 18:00,35,33,2
10/13/16 19:00,18,15,3
10/13/16 20:00,1,1,0
10/13/16 21:00,4,3,1
10/13/16 22:00,3,2,1
10/13/16 23:00,1,1,0
10/14/16 0:00,0,0,0
10/14/16 1:00,1,0,1
10/14/16 2:00,0,0,0
10/14/16 3:00,2,1,1
10/14/16 4:00,2,0,2
10/14/16 5:00,5,1,4
10/14/16 6:00,14,2,12
10/14/16 7:00,30,5,25
10/14/16 8:00,32,2,30
10/14/16 9:00,13,2,11
10/14/16 10:00,2,1,1
10/14/16 11:00,2,1,1
10/14/16 12:00,3,0,3
10/14/16 13:00,2,1,1
10/14/16 14:00,5,2,3
10/14/16 15:00,15,11,4
10/14/16 16:00,22,17,5
10/14/16 17:00,33,28,5
10/14/16 18:00,20,15,5
10/14/16 19:00,12,10,2
10/14/16 20:00,3,2,1
10/14/16 21:00,2,2,0
10/14/16 22:00,4,3,1
10/14/16 23:00,2,1,1
10/15/16 0:00,2,2,0
10/15/16 1:00,1,1,0
10/15/16 2:00,0,0,0
10/15/16 3:00,3,2,1
10/15/16 4:00,4,1,3
10/15/16 5:00,1,0,1
10/15/16 6:00,4,1,3
10/15/16 7:00,3,0,3
10/15/16 8:00,2,1,1
10/15/16 9:00,6,2,4
10/15/16 10:00,5,2,3
10/15/16 11:00,2,0,2
10/15/16 12:00,6,3,3
10/15/16 13:00,5,4,1
10/15/16 14:00,5,2,3
10/15/16 15:00,4,2,2
10/15/16 16:00,8,6,2
10/15/16 17:00,6,3,3
10/15/16 18:00,5,4,1
10/15/16 19:00,2,0,2
10/15/16 20:00,0,0,0
10/15/16 21:00,0,0,0
10/15/16 22:00,1,0,1
10/15/16 23:00,0,0,0
10/16/16 0:00,2,1,1
10/16/16 1:00,1,0,1
10/16/16 2:00,0,0,0
10/16/16 3:00,1,1,0
10/16/16 4:00,1,1,0
10/16/16 5:00,5,1,4
10/16/16 6:00,2,1,1
10/16/16 7:00,2,0,2
10/16/16 8:00,7,1,6
10/16/16 9:00,1,0,1
10/16/16 10:00,12,8,4
10/16/16 11:00,8,4,4
10/16/16 12:00,7,2,5
10/16/16 13:00,3,2,1
10/16/16 14:00,9,4,5
10/16/16 15:00,5,1,4
10/16/16 16:00,16,9,7
10/16/16 17:00,7,6,1
10/16/16 18:00,2,1,1
10/16/16 19:00,3,1,2
10/16/16 20:00,2,1,1
10/16/16 21:00,2,2,0
10/16/16 22:00,0,0,0
10/16/16 23:00,0,0,0
10/17/16 0:00,1,1,0
10/17/16 1:00,2,1,1
10/17/16 2:00,7,4,3
10/17/16 3:00,2,2,0
10/17/16 4:00,5,1,4
10/17/16 5:00,12,0,12
10/17/16 6:00,33,3,30
10/17/16 7:00,96,11,85
10/17/16 8:00,98,10,88
10/17/16 9:00,40,3,37
10/17/16 10:00,16,3,13
10/17/16 11:00,7,4,3
10/17/16 12:00,9,5,4
10/17/16 13:00,6,3,3
10/17/16 14:00,10,3,7
10/17/16 15:00,26,19,7
10/17/16 16:00,60,46,14
10/17/16 17:00,121,108,13
10/17/16 18:00,80,73,7
10/17/16 19:00,31,27,4
10/17/16 20:00,12,12,0
10/17/16 21:00,8,8,0
10/17/16 22:00,5,2,3
10/17/16 23:00,1,0,1
10/18/16 0:00,0,0,0
10/18/16 1:00,3,2,1
10/18/16 2:00,0,0,0
10/18/16 3:00,3,1,2
10/18/16 4:00,1,0,1
10/18/16 5:00,11,1,10
10/18/16 6:00,49,5,44
10/18/16 7:00,110,14,96
10/18/16 8:00,106,3,103
10/18/16 9:00,44,6,38
10/18/16 10:00,8,1,7
10/18/16 11:00,12,4,8
10/18/16 12:00,16,8,8
10/18/16 13:00,15,4,11
10/18/16 14:00,17,11,6
10/18/16 15:00,29,16,13
10/18/16 16:00,65,51,14
10/18/16 17:00,148,130,18
10/18/16 18:00,91,78,13
10/18/16 19:00,26,19,7
10/18/16 20:00,12,10,2
10/18/16 21:00,10,10,0
10/18/16 22:00,3,2,1
10/18/16 23:00,5,2,3
10/19/16 0:00,4,2,2
10/19/16 1:00,2,1,1
10/19/16 2:00,7,4,3
10/19/16 3:00,1,1,0
10/19/16 4:00,1,0,1
10/19/16 5:00,21,7,14
10/19/16 6:00,56,6,50
10/19/16 7:00,130,10,120
10/19/16 8:00,146,12,134
10/19/16 9:00,53,8,45
10/19/16 10:00,18,2,16
10/19/16 11:00,19,6,13
10/19/16 12:00,19,14,5
10/19/16 13:00,19,8,11
10/19/16 14:00,24,17,7
10/19/16 15:00,36,23,13
10/19/16 16:00,81,69,12
10/19/16 17:00,163,146,17
10/19/16 18:00,72,60,12
10/19/16 19:00,24,19,5
10/19/16 20:00,17,15,2
10/19/16 21:00,5,3,2
10/19/16 22:00,6,4,2
10/19/16 23:00,2,2,0
10/20/16 0:00,1,1,0
10/20/16 1:00,2,1,1
10/20/16 2:00,2,1,1
10/20/16 3:00,1,0,1
10/20/16 4:00,1,0,1
10/20/16 5:00,6,1,5
10/20/16 6:00,35,3,32
10/20/16 7:00,77,5,72
10/20/16 8:00,75,1,74
10/20/16 9:00,30,2,28
10/20/16 10:00,8,0,8
10/20/16 11:00,5,2,3
10/20/16 12:00,11,7,4
10/20/16 13:00,5,2,3
10/20/16 14:00,9,3,6
10/20/16 15:00,19,16,3
10/20/16 16:00,61,50,11
10/20/16 17:00,88,75,13
10/20/16 18:00,72,61,11
10/20/16 19:00,28,25,3
10/20/16 20:00,10,7,3
10/20/16 21:00,12,7,5
10/20/16 22:00,3,3,0
10/20/16 23:00,1,0,1
10/21/16 0:00,2,2,0
10/21/16 1:00,1,1,0
10/21/16 2:00,3,1,2
10/21/16 3:00,3,2,1
10/21/16 4:00,1,0,1
10/21/16 5:00,15,5,10
10/21/16 6:00,42,8,34
10/21/16 7:00,86,6,80
10/21/16 8:00,101,6,95
10/21/16 9:00,32,2,30
10/21/16 10:00,28,12,16
10/21/16 11:00,16,7,9
10/21/16 12:00,23,10,13
10/21/16 13:00,17,5,12
10/21/16 14:00,17,10,7
10/21/16 15:00,37,23,14
10/21/16 16:00,77,62,15
10/21/16 17:00,93,86,7
10/21/16 18:00,54,53,1
10/21/16 19:00,23,16,7
10/21/16 20:00,9,6,3
10/21/16 21:00,7,7,0
10/21/16 22:00,4,3,1
10/21/16 23:00,2,2,0
10/22/16 0:00,1,1,0
10/22/16 1:00,6,1,5
10/22/16 2:00,1,1,0
10/22/16 3:00,1,1,0
10/22/16 4:00,8,6,2
10/22/16 5:00,2,1,1
10/22/16 6:00,7,0,7
10/22/16 7:00,7,5,2
10/22/16 8:00,20,4,16
10/22/16 9:00,27,17,10
10/22/16 10:00,45,34,11
10/22/16 11:00,70,25,45
10/22/16 12:00,41,22,19
10/22/16 13:00,55,34,21
10/22/16 14:00,55,22,33
10/22/16 15:00,51,19,32
10/22/16 16:00,46,22,24
10/22/16 17:00,38,21,17
10/22/16 18:00,21,6,15
10/22/16 19:00,11,8,3
10/22/16 20:00,3,2,1
10/22/16 21:00,9,6,3
10/22/16 22:00,6,3,3
10/22/16 23:00,6,5,1
10/23/16 0:00,0,0,0
10/23/16 1:00,0,0,0
10/23/16 2:00,0,0,0
10/23/16 3:00,1,1,0
10/23/16 4:00,0,0,0
10/23/16 5:00,4,1,3
10/23/16 6:00,2,0,2
10/23/16 7:00,3,0,3
10/23/16 8:00,25,12,13
10/23/16 9:00,16,7,9
10/23/16 10:00,26,13,13
10/23/16 11:00,23,10,13
10/23/16 12:00,37,15,22
10/23/16 13:00,39,20,19
10/23/16 14:00,35,18,17
10/23/16 15:00,45,27,18
10/23/16 16:00,39,23,16
10/23/16 17:00,8,5,3
10/23/16 18:00,11,4,7
10/23/16 19:00,1,0,1
10/23/16 20:00,6,4,2
10/23/16 21:00,6,5,1
10/23/16 22:00,4,2,2
10/23/16 23:00,2,2,0
10/24/16 0:00,3,0,3
10/24/16 1:00,2,2,0
10/24/16 2:00,3,2,1
10/24/16 3:00,2,2,0
10/24/16 4:00,2,0,2
10/24/16 5:00,25,5,20
10/24/16 6:00,55,7,48
10/24/16 7:00,122,17,105
10/24/16 8:00,108,9,99
10/24/16 9:00,43,6,37
10/24/16 10:00,17,4,13
10/24/16 11:00,11,3,8
10/24/16 12:00,20,8,12
10/24/16 13:00,14,7,7
10/24/16 14:00,15,7,8
10/24/16 15:00,38,27,11
10/24/16 16:00,68,51,17
10/24/16 17:00,128,119,9
10/24/16 18:00,64,61,3
10/24/16 19:00,27,24,3
10/24/16 20:00,17,13,4
10/24/16 21:00,6,4,2
10/24/16 22:00,3,3,0
10/24/16 23:00,4,1,3
10/25/16 0:00,2,2,0
10/25/16 1:00,2,2,0
10/25/16 2:00,0,0,0
10/25/16 3:00,0,0,0
10/25/16 4:00,7,1,6
10/25/16 5:00,21,3,18
10/25/16 6:00,59,7,52
10/25/16 7:00,119,9,110
10/25/16 8:00,107,4,103
10/25/16 9:00,52,8,44
10/25/16 10:00,18,5,13
10/25/16 11:00,9,5,4
10/25/16 12:00,20,7,13
10/25/16 13:00,26,5,21
10/25/16 14:00,28,16,12
10/25/16 15:00,51,30,21
10/25/16 16:00,91,75,16
10/25/16 17:00,142,119,23
10/25/16 18:00,85,79,6
10/25/16 19:00,32,28,4
10/25/16 20:00,16,14,2
10/25/16 21:00,16,13,3
10/25/16 22:00,6,5,1
10/25/16 23:00,2,2,0
10/26/16 0:00,1,0,1
10/26/16 1:00,5,4,1
10/26/16 2:00,2,1,1
10/26/16 3:00,2,1,1
10/26/16 4:00,6,1,5
10/26/16 5:00,20,2,18
10/26/16 6:00,41,7,34
10/26/16 7:00,58,6,52
10/26/16 8:00,70,4,66
10/26/16 9:00,25,4,21
10/26/16 10:00,8,1,7
10/26/16 11:00,5,2,3
10/26/16 12:00,7,4,3
10/26/16 13:00,7,4,3
10/26/16 14:00,9,4,5
10/26/16 15:00,17,14,3
10/26/16 16:00,41,32,9
10/26/16 17:00,77,69,8
10/26/16 18:00,47,45,2
10/26/16 19:00,22,19,3
10/26/16 20:00,11,11,0
10/26/16 21:00,8,8,0
10/26/16 22:00,1,1,0
10/26/16 23:00,0,0,0
10/27/16 0:00,1,0,1
10/27/16 1:00,0,0,0
10/27/16 2:00,1,1,0
10/27/16 3:00,0,0,0
10/27/16 4:00,0,0,0
10/27/16 5:00,18,2,16
10/27/16 6:00,41,3,38
10/27/16 7:00,95,12,83
10/27/16 8:00,100,8,92
10/27/16 9:00,44,3,41
10/27/16 10:00,14,2,12
10/27/16 11:00,16,5,11
10/27/16 12:00,7,2,5
10/27/16 13:00,14,6,8
10/27/16 14:00,15,6,9
10/27/16 15:00,28,21,7
10/27/16 16:00,63,49,14
10/27/16 17:00,115,107,8
10/27/16 18:00,68,60,8
10/27/16 19:00,31,26,5
10/27/16 20:00,10,9,1
10/27/16 21:00,10,10,0
10/27/16 22:00,4,4,0
10/27/16 23:00,2,1,1
10/28/16 0:00,2,1,1
10/28/16 1:00,3,3,0
10/28/16 2:00,1,0,1
10/28/16 3:00,1,0,1
10/28/16 4:00,1,0,1
10/28/16 5:00,17,6,11
10/28/16 6:00,40,3,37
10/28/16 7:00,85,10,75
10/28/16 8:00,104,15,89
10/28/16 9:00,50,7,43
10/28/16 10:00,21,5,16
10/28/16 11:00,20,5,15
10/28/16 12:00,22,14,8
10/28/16 13:00,27,15,12
10/28/16 14:00,41,19,22
10/28/16 15:00,39,29,10
10/28/16 16:00,93,63,30
10/28/16 17:00,102,90,12
10/28/16 18:00,76,65,11
10/28/16 19:00,18,13,5
10/28/16 20:00,13,9,4
10/28/16 21:00,4,4,0
10/28/16 22:00,4,3,1
10/28/16 23:00,5,5,0
10/29/16 0:00,3,3,0
10/29/16 1:00,0,0,0
10/29/16 2:00,1,1,0
10/29/16 3:00,1,1,0
10/29/16 4:00,1,0,1
10/29/16 5:00,6,2,4
10/29/16 6:00,6,2,4
10/29/16 7:00,6,1,5
10/29/16 8:00,13,8,5
10/29/16 9:00,13,7,6
10/29/16 10:00,6,3,3
10/29/16 11:00,8,4,4
10/29/16 12:00,5,3,2
10/29/16 13:00,8,1,7
10/29/16 14:00,11,6,5
10/29/16 15:00,20,12,8
10/29/16 16:00,31,20,11
10/29/16 17:00,19,7,12
10/29/16 18:00,10,4,6
10/29/16 19:00,4,2,2
10/29/16 20:00,4,4,0
10/29/16 21:00,7,6,1
10/29/16 22:00,4,3,1
10/29/16 23:00,1,0,1
10/30/16 0:00,1,1,0
10/30/16 1:00,4,3,1
10/30/16 2:00,1,0,1
10/30/16 3:00,2,1,1
10/30/16 4:00,2,1,1
10/30/16 5:00,6,1,5
10/30/16 6:00,3,1,2
10/30/16 7:00,8,2,6
10/30/16 8:00,27,12,15
10/30/16 9:00,19,7,12
10/30/16 10:00,36,22,14
10/30/16 11:00,34,18,16
10/30/16 12:00,35,19,16
10/30/16 13:00,37,14,23
10/30/16 14:00,19,11,8
10/30/16 15:00,9,5,4
10/30/16 16:00,11,6,5
10/30/16 17:00,3,1,2
10/30/16 18:00,8,4,4
10/30/16 19:00,3,2,1
10/30/16 20:00,5,4,1
10/30/16 21:00,1,1,0
10/30/16 22:00,0,0,0
10/30/16 23:00,1,0,1
10/31/16 0:00,1,1,0
10/31/16 1:00,0,0,0
10/31/16 2:00,0,0,0
10/31/16 3:00,3,3,0
10/31/16 4:00,3,0,3
10/31/16 5:00,15,1,14
10/31/16 6:00,43,5,38
10/31/16 7:00,89,7,82
10/31/16 8:00,85,6,79
10/31/16 9:00,24,1,23
10/31/16 10:00,11,2,9
10/31/16 11:00,2,0,2
10/31/16 12:00,4,1,3
10/31/16 13:00,7,3,4
10/31/16 14:00,7,5,2
10/31/16 15:00,35,30,5
10/31/16 16:00,76,69,7
10/31/16 17:00,101,88,13
10/31/16 18:00,41,39,2
10/31/16 19:00,11,9,2
10/31/16 20:00,2,2,0
10/31/16 21:00,5,5,0
10/31/16 22:00,0,0,0
10/31/16 23:00,2,2,0
11/1/16 0:00,0,0,0
11/1/16 1:00,1,1,0
11/1/16 2:00,0,0,0
11/1/16 3:00,2,1,1
11/1/16 4:00,3,1,2
11/1/16 5:00,16,3,13
11/1/16 6:00,36,4,32
11/1/16 7:00,107,13,94
11/1/16 8:00,94,6,88
11/1/16 9:00,38,1,37
11/1/16 10:00,14,2,12
11/1/16 11:00,9,5,4
11/1/16 12:00,7,4,3
11/1/16 13:00,13,2,11
11/1/16 14:00,15,11,4
11/1/16 15:00,23,20,3
11/1/16 16:00,48,35,13
11/1/16 17:00,117,99,18
11/1/16 18:00,68,65,3
11/1/16 19:00,28,25,3
11/1/16 20:00,9,8,1
11/1/16 21:00,10,7,3
11/1/16 22:00,1,1,0
11/1/16 23:00,4,4,0
11/2/16 0:00,2,2,0
11/2/16 1:00,3,2,1
11/2/16 2:00,2,1,1
11/2/16 3:00,2,1,1
11/2/16 4:00,3,1,2
11/2/16 5:00,17,1,16
11/2/16 6:00,37,2,35
11/2/16 7:00,82,8,74
11/2/16 8:00,90,7,83
11/2/16 9:00,32,2,30
11/2/16 10:00,9,2,7
11/2/16 11:00,3,2,1
11/2/16 12:00,3,1,2
11/2/16 13:00,10,6,4
11/2/16 14:00,14,8,6
11/2/16 15:00,14,14,0
11/2/16 16:00,63,58,5
11/2/16 17:00,98,89,9
11/2/16 18:00,54,48,6
11/2/16 19:00,15,13,2
11/2/16 20:00,14,11,3
11/2/16 21:00,8,6,2
11/2/16 22:00,7,6,1
11/2/16 23:00,2,1,1
11/3/16 0:00,2,1,1
11/3/16 1:00,1,1,0
11/3/16 2:00,1,0,1
11/3/16 3:00,3,2,1
11/3/16 4:00,2,1,1
11/3/16 5:00,13,1,12
11/3/16 6:00,57,8,49
11/3/16 7:00,104,8,96
11/3/16 8:00,144,11,133
11/3/16 9:00,43,4,39
11/3/16 10:00,18,3,15
11/3/16 11:00,20,7,13
11/3/16 12:00,26,10,16
11/3/16 13:00,32,13,19
11/3/16 14:00,38,20,18
11/3/16 15:00,42,28,14
11/3/16 16:00,97,76,21
11/3/16 17:00,150,132,18
11/3/16 18:00,89,77,12
11/3/16 19:00,40,32,8
11/3/16 20:00,48,43,5
11/3/16 21:00,21,17,4
11/3/16 22:00,15,5,10
11/3/16 23:00,5,3,2
11/4/16 0:00,13,1,12
11/4/16 1:00,6,0,6
11/4/16 2:00,8,3,5
11/4/16 3:00,1,0,1
11/4/16 4:00,5,0,5
11/4/16 5:00,17,3,14
11/4/16 6:00,39,9,30
11/4/16 7:00,109,6,103
11/4/16 8:00,111,5,106
11/4/16 9:00,65,6,59
11/4/16 10:00,29,8,21
11/4/16 11:00,34,16,18
11/4/16 12:00,25,14,11
11/4/16 13:00,25,9,16
11/4/16 14:00,45,27,18
11/4/16 15:00,58,36,22
11/4/16 16:00,86,65,21
11/4/16 17:00,141,127,14
11/4/16 18:00,56,47,9
11/4/16 19:00,31,24,7
11/4/16 20:00,17,15,2
11/4/16 21:00,3,3,0
11/4/16 22:00,5,2,3
11/4/16 23:00,6,4,2
11/5/16 0:00,0,0,0
11/5/16 1:00,3,3,0
11/5/16 2:00,2,1,1
11/5/16 3:00,1,1,0
11/5/16 4:00,2,1,1
11/5/16 5:00,5,2,3
11/5/16 6:00,4,0,4
11/5/16 7:00,8,1,7
11/5/16 8:00,3,2,1
11/5/16 9:00,8,5,3
11/5/16 10:00,7,3,4
11/5/16 11:00,6,3,3
11/5/16 12:00,5,2,3
11/5/16 13:00,6,4,2
11/5/16 14:00,5,4,1
11/5/16 15:00,4,3,1
11/5/16 16:00,6,4,2
11/5/16 17:00,11,7,4
11/5/16 18:00,7,4,3
11/5/16 19:00,3,2,1
11/5/16 20:00,4,2,2
11/5/16 21:00,6,4,2
11/5/16 22:00,2,1,1
11/5/16 23:00,8,8,0
11/6/16 0:00,7,5,2
11/6/16 1:00,27,10,17
11/6/16 2:00,1,1,0
11/6/16 3:00,2,1,1
11/6/16 4:00,0,0,0
11/6/16 5:00,2,1,1
11/6/16 6:00,3,1,2
11/6/16 7:00,2,0,2
11/6/16 8:00,7,2,5
11/6/16 9:00,25,10,15
11/6/16 10:00,73,53,20
11/6/16 11:00,82,45,37
11/6/16 12:00,82,23,59
11/6/16 13:00,58,26,32
11/6/16 14:00,42,21,21
11/6/16 15:00,35,18,17
11/6/16 16:00,35,24,11
11/6/16 17:00,17,6,11
11/6/16 18:00,14,11,3
11/6/16 19:00,3,1,2
11/6/16 20:00,4,4,0
11/6/16 21:00,9,6,3
11/6/16 22:00,2,2,0
11/6/16 23:00,2,1,1
11/7/16 0:00,5,3,2
11/7/16 1:00,1,0,1
11/7/16 2:00,2,1,1
11/7/16 3:00,0,0,0
11/7/16 4:00,0,0,0
11/7/16 5:00,15,1,14
11/7/16 6:00,52,6,46
11/7/16 7:00,123,10,113
11/7/16 8:00,116,4,112
11/7/16 9:00,50,7,43
11/7/16 10:00,19,2,17
11/7/16 11:00,12,9,3
11/7/16 12:00,19,8,11
11/7/16 13:00,20,8,12
11/7/16 14:00,21,9,12
11/7/16 15:00,37,22,15
11/7/16 16:00,107,81,26
11/7/16 17:00,148,139,9
11/7/16 18:00,59,53,6
11/7/16 19:00,20,18,2
11/7/16 20:00,19,17,2
11/7/16 21:00,11,9,2
11/7/16 22:00,4,4,0
11/7/16 23:00,4,4,0
11/8/16 0:00,5,3,2
11/8/16 1:00,1,1,0
11/8/16 2:00,1,1,0
11/8/16 3:00,1,1,0
11/8/16 4:00,5,2,3
11/8/16 5:00,27,4,23
11/8/16 6:00,69,9,60
11/8/16 7:00,161,17,144
11/8/16 8:00,149,11,138
11/8/16 9:00,57,6,51
11/8/16 10:00,17,3,14
11/8/16 11:00,35,20,15
11/8/16 12:00,38,18,20
11/8/16 13:00,42,21,21
11/8/16 14:00,52,33,19
11/8/16 15:00,63,42,21
11/8/16 16:00,111,96,15
11/8/16 17:00,186,162,24
11/8/16 18:00,62,56,6
11/8/16 19:00,28,21,7
11/8/16 20:00,11,9,2
11/8/16 21:00,11,8,3
11/8/16 22:00,5,4,1
11/8/16 23:00,6,3,3
11/9/16 0:00,4,3,1
11/9/16 1:00,1,1,0
11/9/16 2:00,3,0,3
11/9/16 3:00,1,0,1
11/9/16 4:00,4,2,2
11/9/16 5:00,19,5,14
11/9/16 6:00,38,5,33
11/9/16 7:00,99,8,91
11/9/16 8:00,115,6,109
11/9/16 9:00,50,8,42
11/9/16 10:00,8,2,6
11/9/16 11:00,12,2,10
11/9/16 12:00,18,7,11
11/9/16 13:00,17,9,8
11/9/16 14:00,25,17,8
11/9/16 15:00,43,28,15
11/9/16 16:00,90,74,16
11/9/16 17:00,125,106,19
11/9/16 18:00,76,69,7
11/9/16 19:00,21,20,1
11/9/16 20:00,15,13,2
11/9/16 21:00,13,10,3
11/9/16 22:00,3,2,1
11/9/16 23:00,1,0,1
11/10/16 0:00,3,3,0
11/10/16 1:00,7,4,3
11/10/16 2:00,2,0,2
11/10/16 3:00,5,1,4
11/10/16 4:00,2,1,1
11/10/16 5:00,13,2,11
11/10/16 6:00,53,11,42
11/10/16 7:00,128,12,116
11/10/16 8:00,130,8,122
11/10/16 9:00,61,9,52
11/10/16 10:00,19,7,12
11/10/16 11:00,35,14,21
11/10/16 12:00,23,10,13
11/10/16 13:00,26,11,15
11/10/16 14:00,37,19,18
11/10/16 15:00,40,24,16
11/10/16 16:00,103,79,24
11/10/16 17:00,128,113,15
11/10/16 18:00,76,69,7
11/10/16 19:00,24,21,3
11/10/16 20:00,20,17,3
11/10/16 21:00,12,9,3
11/10/16 22:00,9,6,3
11/10/16 23:00,2,1,1
11/11/16 0:00,2,2,0
11/11/16 1:00,1,0,1
11/11/16 2:00,4,4,0
11/11/16 3:00,3,1,2
11/11/16 4:00,2,0,2
11/11/16 5:00,12,2,10
11/11/16 6:00,38,4,34
11/11/16 7:00,93,10,83
11/11/16 8:00,88,7,81
11/11/16 9:00,49,6,43
11/11/16 10:00,25,9,16
11/11/16 11:00,44,32,12
11/11/16 12:00,37,22,15
11/11/16 13:00,39,6,33
11/11/16 14:00,25,18,7
11/11/16 15:00,49,34,15
11/11/16 16:00,73,55,18
11/11/16 17:00,87,75,12
11/11/16 18:00,40,36,4
11/11/16 19:00,24,17,7
11/11/16 20:00,15,14,1
11/11/16 21:00,12,9,3
11/11/16 22:00,4,3,1
11/11/16 23:00,0,0,0
11/12/16 0:00,4,2,2
11/12/16 1:00,1,1,0
11/12/16 2:00,3,3,0
11/12/16 3:00,3,3,0
11/12/16 4:00,1,0,1
11/12/16 5:00,5,1,4
11/12/16 6:00,6,2,4
11/12/16 7:00,3,1,2
11/12/16 8:00,11,6,5
11/12/16 9:00,3,0,3
11/12/16 10:00,12,4,8
11/12/16 11:00,5,2,3
11/12/16 12:00,15,6,9
11/12/16 13:00,11,3,8
11/12/16 14:00,14,8,6
11/12/16 15:00,13,7,6
11/12/16 16:00,20,12,8
11/12/16 17:00,11,6,5
11/12/16 18:00,7,4,3
11/12/16 19:00,4,3,1
11/12/16 20:00,4,3,1
11/12/16 21:00,5,4,1
11/12/16 22:00,2,2,0
11/12/16 23:00,2,2,0
11/13/16 0:00,1,0,1
11/13/16 1:00,3,2,1
11/13/16 2:00,3,2,1
11/13/16 3:00,3,1,2
11/13/16 4:00,1,1,0
11/13/16 5:00,5,1,4
11/13/16 6:00,3,0,3
11/13/16 7:00,7,1,6
11/13/16 8:00,6,1,5
11/13/16 9:00,8,5,3
11/13/16 10:00,5,2,3
11/13/16 11:00,8,4,4
11/13/16 12:00,8,6,2
11/13/16 13:00,11,3,8
11/13/16 14:00,8,7,1
11/13/16 15:00,4,3,1
11/13/16 16:00,10,7,3
11/13/16 17:00,6,5,1
11/13/16 18:00,1,0,1
11/13/16 19:00,0,0,0
11/13/16 20:00,0,0,0
11/13/16 21:00,3,1,2
11/13/16 22:00,1,1,0
11/13/16 23:00,3,1,2
11/14/16 0:00,0,0,0
11/14/16 1:00,2,1,1
11/14/16 2:00,0,0,0
11/14/16 3:00,6,6,0
11/14/16 4:00,2,0,2
11/14/16 5:00,20,3,17
11/14/16 6:00,53,6,47
11/14/16 7:00,109,8,101
11/14/16 8:00,124,8,116
11/14/16 9:00,49,7,42
11/14/16 10:00,15,5,10
11/14/16 11:00,9,3,6
11/14/16 12:00,11,5,6
11/14/16 13:00,15,5,10
11/14/16 14:00,21,13,8
11/14/16 15:00,42,28,14
11/14/16 16:00,86,72,14
11/14/16 17:00,142,123,19
11/14/16 18:00,75,70,5
11/14/16 19:00,25,22,3
11/14/16 20:00,10,9,1
11/14/16 21:00,12,8,4
11/14/16 22:00,3,2,1
11/14/16 23:00,3,3,0
11/15/16 0:00,1,1,0
11/15/16 1:00,1,1,0
11/15/16 2:00,0,0,0
11/15/16 3:00,2,0,2
11/15/16 4:00,1,0,1
11/15/16 5:00,12,0,12
11/15/16 6:00,33,2,31
11/15/16 7:00,99,11,88
11/15/16 8:00,105,11,94
11/15/16 9:00,42,1,41
11/15/16 10:00,20,4,16
11/15/16 11:00,21,10,11
11/15/16 12:00,18,10,8
11/15/16 13:00,17,5,12
11/15/16 14:00,16,12,4
11/15/16 15:00,21,17,4
11/15/16 16:00,60,51,9
11/15/16 17:00,99,88,11
11/15/16 18:00,65,55,10
11/15/16 19:00,22,17,5
11/15/16 20:00,8,6,2
11/15/16 21:00,6,5,1
11/15/16 22:00,4,4,0
11/15/16 23:00,3,3,0
11/16/16 0:00,4,3,1
11/16/16 1:00,0,0,0
11/16/16 2:00,0,0,0
11/16/16 3:00,3,2,1
11/16/16 4:00,5,1,4
11/16/16 5:00,19,3,16
11/16/16 6:00,47,6,41
11/16/16 7:00,125,13,112
11/16/16 8:00,125,14,111
11/16/16 9:00,34,7,27
11/16/16 10:00,22,2,20
11/16/16 11:00,19,5,14
11/16/16 12:00,15,9,6
11/16/16 13:00,17,8,9
11/16/16 14:00,17,13,4
11/16/16 15:00,32,23,9
11/16/16 16:00,69,56,13
11/16/16 17:00,120,109,11
11/16/16 18:00,74,63,11
11/16/16 19:00,29,18,11
11/16/16 20:00,13,12,1
11/16/16 21:00,12,10,2
11/16/16 22:00,9,5,4
11/16/16 23:00,5,3,2
11/17/16 0:00,2,2,0
11/17/16 1:00,2,1,1
11/17/16 2:00,1,0,1
11/17/16 3:00,1,0,1
11/17/16 4:00,3,0,3
11/17/16 5:00,14,0,14
11/17/16 6:00,52,5,47
11/17/16 7:00,115,12,103
11/17/16 8:00,119,6,113
11/17/16 9:00,43,4,39
11/17/16 10:00,17,5,12
11/17/16 11:00,17,7,10
11/17/16 12:00,14,9,5
11/17/16 13:00,14,4,10
11/17/16 14:00,27,16,11
11/17/16 15:00,47,28,19
11/17/16 16:00,86,68,18
11/17/16 17:00,125,104,21
11/17/16 18:00,83,66,17
11/17/16 19:00,29,25,4
11/17/16 20:00,14,12,2
11/17/16 21:00,10,8,2
11/17/16 22:00,1,1,0
11/17/16 23:00,2,2,0
11/18/16 0:00,0,0,0
11/18/16 1:00,2,1,1
11/18/16 2:00,2,1,1
11/18/16 3:00,1,1,0
11/18/16 4:00,6,0,6
11/18/16 5:00,17,3,14
11/18/16 6:00,41,4,37
11/18/16 7:00,95,7,88
11/18/16 8:00,108,8,100
11/18/16 9:00,33,6,27
11/18/16 10:00,25,4,21
11/18/16 11:00,16,4,12
11/18/16 12:00,21,12,9
11/18/16 13:00,21,12,9
11/18/16 14:00,36,20,16
11/18/16 15:00,51,34,17
11/18/16 16:00,66,56,10
11/18/16 17:00,95,79,16
11/18/16 18:00,56,48,8
11/18/16 19:00,20,14,6
11/18/16 20:00,8,3,5
11/18/16 21:00,4,4,0
11/18/16 22:00,3,2,1
11/18/16 23:00,2,1,1
11/19/16 0:00,2,1,1
11/19/16 1:00,0,0,0
11/19/16 2:00,2,1,1
11/19/16 3:00,4,4,0
11/19/16 4:00,4,2,2
11/19/16 5:00,9,0,9
11/19/16 6:00,4,0,4
11/19/16 7:00,2,0,2
11/19/16 8:00,11,4,7
11/19/16 9:00,12,5,7
11/19/16 10:00,15,7,8
11/19/16 11:00,13,3,10
11/19/16 12:00,15,8,7
11/19/16 13:00,24,11,13
11/19/16 14:00,26,10,16
11/19/16 15:00,29,13,16
11/19/16 16:00,16,11,5
11/19/16 17:00,16,9,7
11/19/16 18:00,14,9,5
11/19/16 19:00,3,1,2
11/19/16 20:00,4,3,1
11/19/16 21:00,3,2,1
11/19/16 22:00,4,4,0
11/19/16 23:00,2,1,1
11/20/16 0:00,3,2,1
11/20/16 1:00,1,0,1
11/20/16 2:00,3,1,2
11/20/16 3:00,0,0,0
11/20/16 4:00,2,2,0
11/20/16 5:00,5,1,4
11/20/16 6:00,5,3,2
11/20/16 7:00,3,0,3
11/20/16 8:00,9,3,6
11/20/16 9:00,22,12,10
11/20/16 10:00,10,4,6
11/20/16 11:00,7,2,5
11/20/16 12:00,14,3,11
11/20/16 13:00,12,4,8
11/20/16 14:00,13,4,9
11/20/16 15:00,8,4,4
11/20/16 16:00,10,7,3
11/20/16 17:00,7,5,2
11/20/16 18:00,4,4,0
11/20/16 19:00,1,1,0
11/20/16 20:00,4,2,2
11/20/16 21:00,5,4,1
11/20/16 22:00,2,1,1
11/20/16 23:00,1,1,0
11/21/16 0:00,1,0,1
11/21/16 1:00,2,2,0
11/21/16 2:00,3,2,1
11/21/16 3:00,3,1,2
11/21/16 4:00,4,0,4
11/21/16 5:00,16,1,15
11/21/16 6:00,47,6,41
11/21/16 7:00,106,9,97
11/21/16 8:00,109,5,104
11/21/16 9:00,50,3,47
11/21/16 10:00,17,5,12
11/21/16 11:00,21,7,14
11/21/16 12:00,16,7,9
11/21/16 13:00,18,6,12
11/21/16 14:00,30,18,12
11/21/16 15:00,31,24,7
11/21/16 16:00,69,56,13
11/21/16 17:00,119,107,12
11/21/16 18:00,77,66,11
11/21/16 19:00,39,29,10
11/21/16 20:00,13,8,5
11/21/16 21:00,9,8,1
11/21/16 22:00,6,3,3
11/21/16 23:00,2,2,0
11/22/16 0:00,1,1,0
11/22/16 1:00,4,1,3
11/22/16 2:00,4,3,1
11/22/16 3:00,4,1,3
11/22/16 4:00,3,0,3
11/22/16 5:00,18,1,17
11/22/16 6:00,39,9,30
11/22/16 7:00,82,3,79
11/22/16 8:00,95,10,85
11/22/16 9:00,38,4,34
11/22/16 10:00,15,0,15
11/22/16 11:00,7,3,4
11/22/16 12:00,7,4,3
11/22/16 13:00,15,6,9
11/22/16 14:00,17,10,7
11/22/16 15:00,27,19,8
11/22/16 16:00,42,33,9
11/22/16 17:00,84,72,12
11/22/16 18:00,59,55,4
11/22/16 19:00,25,22,3
11/22/16 20:00,14,11,3
11/22/16 21:00,5,4,1
11/22/16 22:00,6,5,1
11/22/16 23:00,1,1,0
11/23/16 0:00,1,1,0
11/23/16 1:00,1,0,1
11/23/16 2:00,2,2,0
11/23/16 3:00,1,0,1
11/23/16 4:00,4,2,2
11/23/16 5:00,13,1,12
11/23/16 6:00,26,3,23
11/23/16 7:00,72,9,63
11/23/16 8:00,68,4,64
11/23/16 9:00,34,5,29
11/23/16 10:00,11,2,9
11/23/16 11:00,11,4,7
11/23/16 12:00,13,6,7
11/23/16 13:00,25,15,10
11/23/16 14:00,24,18,6
11/23/16 15:00,44,32,12
11/23/16 16:00,58,51,7
11/23/16 17:00,56,47,9
11/23/16 18:00,28,23,5
11/23/16 19:00,10,7,3
11/23/16 20:00,7,5,2
11/23/16 21:00,5,5,0
11/23/16 22:00,3,3,0
11/23/16 23:00,0,0,0
11/24/16 0:00,0,0,0
11/24/16 1:00,4,2,2
11/24/16 2:00,0,0,0
11/24/16 3:00,2,1,1
11/24/16 4:00,0,0,0
11/24/16 5:00,3,2,1
11/24/16 6:00,3,0,3
11/24/16 7:00,1,0,1
11/24/16 8:00,0,0,0
11/24/16 9:00,3,1,2
11/24/16 10:00,7,4,3
11/24/16 11:00,2,0,2
11/24/16 12:00,4,2,2
11/24/16 13:00,6,2,4
11/24/16 14:00,2,0,2
11/24/16 15:00,4,4,0
11/24/16 16:00,3,2,1
11/24/16 17:00,0,0,0
11/24/16 18:00,5,3,2
11/24/16 19:00,1,1,0
11/24/16 20:00,1,0,1
11/24/16 21:00,1,1,0
11/24/16 22:00,0,0,0
11/24/16 23:00,2,2,0
11/25/16 0:00,0,0,0
11/25/16 1:00,2,1,1
11/25/16 2:00,1,1,0
11/25/16 3:00,0,0,0
11/25/16 4:00,0,0,0
11/25/16 5:00,5,0,5
11/25/16 6:00,6,0,6
11/25/16 7:00,17,2,15
11/25/16 8:00,12,0,12
11/25/16 9:00,16,6,10
11/25/16 10:00,18,6,12
11/25/16 11:00,24,16,8
11/25/16 12:00,24,16,8
11/25/16 13:00,48,22,26
11/25/16 14:00,31,19,12
11/25/16 15:00,31,17,14
11/25/16 16:00,22,12,10
11/25/16 17:00,18,12,6
11/25/16 18:00,8,6,2
11/25/16 19:00,3,2,1
11/25/16 20:00,6,6,0
11/25/16 21:00,3,3,0
11/25/16 22:00,3,1,2
11/25/16 23:00,3,2,1
11/26/16 0:00,0,0,0
11/26/16 1:00,1,0,1
11/26/16 2:00,1,0,1
11/26/16 3:00,0,0,0
11/26/16 4:00,4,2,2
11/26/16 5:00,6,1,5
11/26/16 6:00,2,0,2
11/26/16 7:00,5,2,3
11/26/16 8:00,4,0,4
11/26/16 9:00,5,4,1
11/26/16 10:00,1,0,1
11/26/16 11:00,5,1,4
11/26/16 12:00,5,2,3
11/26/16 13:00,17,10,7
11/26/16 14:00,6,0,6
11/26/16 15:00,11,4,7
11/26/16 16:00,13,7,6
11/26/16 17:00,5,4,1
11/26/16 18:00,7,4,3
11/26/16 19:00,4,3,1
11/26/16 20:00,2,2,0
11/26/16 21:00,3,3,0
11/26/16 22:00,0,0,0
11/26/16 23:00,1,1,0
11/27/16 0:00,2,1,1
11/27/16 1:00,1,0,1
11/27/16 2:00,1,1,0
11/27/16 3:00,0,0,0
11/27/16 4:00,4,3,1
11/27/16 5:00,4,0,4
11/27/16 6:00,4,1,3
11/27/16 7:00,3,0,3
11/27/16 8:00,4,3,1
11/27/16 9:00,18,12,6
11/27/16 10:00,15,7,8
11/27/16 11:00,23,5,18
11/27/16 12:00,21,14,7
11/27/16 13:00,11,4,7
11/27/16 14:00,7,7,0
11/27/16 15:00,3,2,1
11/27/16 16:00,6,3,3
11/27/16 17:00,3,2,1
11/27/16 18:00,0,0,0
11/27/16 19:00,3,1,2
11/27/16 20:00,1,1,0
11/27/16 21:00,0,0,0
11/27/16 22:00,2,1,1
11/27/16 23:00,0,0,0
11/28/16 0:00,0,0,0
11/28/16 1:00,0,0,0
11/28/16 2:00,0,0,0
11/28/16 3:00,1,1,0
11/28/16 4:00,3,0,3
11/28/16 5:00,17,1,16
11/28/16 6:00,55,4,51
11/28/16 7:00,106,7,99
11/28/16 8:00,121,5,116
11/28/16 9:00,43,2,41
11/28/16 10:00,18,6,12
11/28/16 11:00,14,6,8
11/28/16 12:00,15,8,7
11/28/16 13:00,13,7,6
11/28/16 14:00,18,8,10
11/28/16 15:00,42,30,12
11/28/16 16:00,69,59,10
11/28/16 17:00,125,112,13
11/28/16 18:00,74,65,9
11/28/16 19:00,24,22,2
11/28/16 20:00,19,14,5
11/28/16 21:00,6,6,0
11/28/16 22:00,9,8,1
11/28/16 23:00,3,2,1
11/29/16 0:00,1,1,0
11/29/16 1:00,0,0,0
11/29/16 2:00,0,0,0
11/29/16 3:00,3,1,2
11/29/16 4:00,5,3,2
11/29/16 5:00,27,1,26
11/29/16 6:00,56,8,48
11/29/16 7:00,114,14,100
11/29/16 8:00,119,8,111
11/29/16 9:00,64,3,61
11/29/16 10:00,22,13,9
11/29/16 11:00,11,4,7
11/29/16 12:00,27,6,21
11/29/16 13:00,14,5,9
11/29/16 14:00,19,14,5
11/29/16 15:00,39,31,8
11/29/16 16:00,53,41,12
11/29/16 17:00,119,105,14
11/29/16 18:00,109,97,12
11/29/16 19:00,35,25,10
11/29/16 20:00,12,10,2
11/29/16 21:00,10,5,5
11/29/16 22:00,7,6,1
11/29/16 23:00,6,5,1
11/30/16 0:00,0,0,0
11/30/16 1:00,2,1,1
11/30/16 2:00,2,0,2
11/30/16 3:00,3,2,1
11/30/16 4:00,1,0,1
11/30/16 5:00,14,0,14
11/30/16 6:00,50,4,46
11/30/16 7:00,86,11,75
11/30/16 8:00,95,3,92
11/30/16 9:00,41,5,36
11/30/16 10:00,11,0,11
11/30/16 11:00,8,4,4
11/30/16 12:00,12,7,5
11/30/16 13:00,10,5,5
11/30/16 14:00,16,9,7
11/30/16 15:00,26,23,3
11/30/16 16:00,57,49,8
11/30/16 17:00,92,83,9
11/30/16 18:00,68,60,8
11/30/16 19:00,33,23,10
11/30/16 20:00,7,6,1
11/30/16 21:00,10,10,0
11/30/16 22:00,3,3,0
11/30/16 23:00,2,1,1
12/1/16 0:00,0,0,0
12/1/16 1:00,0,0,0
12/1/16 2:00,0,0,0
12/1/16 3:00,3,0,3
12/1/16 4:00,6,1,5
12/1/16 5:00,17,0,17
12/1/16 6:00,56,6,50
12/1/16 7:00,93,11,82
12/1/16 8:00,123,7,116
12/1/16 9:00,57,5,52
12/1/16 10:00,20,7,13
12/1/16 11:00,14,3,11
12/1/16 12:00,14,8,6
12/1/16 13:00,20,13,7
12/1/16 14:00,19,9,10
12/1/16 15:00,27,18,9
12/1/16 16:00,68,58,10
12/1/16 17:00,110,102,8
12/1/16 18:00,74,63,11
12/1/16 19:00,46,33,13
12/1/16 20:00,15,13,2
12/1/16 21:00,10,9,1
12/1/16 22:00,4,3,1
12/1/16 23:00,5,1,4
12/2/16 0:00,1,0,1
12/2/16 1:00,0,0,0
12/2/16 2:00,1,1,0
12/2/16 3:00,1,0,1
12/2/16 4:00,1,0,1
12/2/16 5:00,7,0,7
12/2/16 6:00,39,3,36
12/2/16 7:00,56,4,52
12/2/16 8:00,68,3,65
12/2/16 9:00,29,1,28
12/2/16 10:00,8,1,7
12/2/16 11:00,7,3,4
12/2/16 12:00,10,3,7
12/2/16 13:00,5,2,3
12/2/16 14:00,14,9,5
12/2/16 15:00,17,15,2
12/2/16 16:00,38,34,4
12/2/16 17:00,66,64,2
12/2/16 18:00,33,29,4
12/2/16 19:00,6,6,0
12/2/16 20:00,5,4,1
12/2/16 21:00,6,5,1
12/2/16 22:00,3,2,1
12/2/16 23:00,2,2,0
12/3/16 0:00,1,1,0
12/3/16 1:00,1,0,1
12/3/16 2:00,0,0,0
12/3/16 3:00,1,0,1
12/3/16 4:00,4,2,2
12/3/16 5:00,3,0,3
12/3/16 6:00,9,0,9
12/3/16 7:00,4,2,2
12/3/16 8:00,14,5,9
12/3/16 9:00,5,2,3
12/3/16 10:00,21,13,8
12/3/16 11:00,19,6,13
12/3/16 12:00,14,5,9
12/3/16 13:00,25,14,11
12/3/16 14:00,16,7,9
12/3/16 15:00,17,8,9
12/3/16 16:00,13,11,2
12/3/16 17:00,12,8,4
12/3/16 18:00,5,4,1
12/3/16 19:00,7,7,0
12/3/16 20:00,3,0,3
12/3/16 21:00,2,2,0
12/3/16 22:00,0,0,0
12/3/16 23:00,1,1,0
12/4/16 0:00,1,0,1
12/4/16 1:00,0,0,0
12/4/16 2:00,0,0,0
12/4/16 3:00,0,0,0
12/4/16 4:00,3,3,0
12/4/16 5:00,3,0,3
12/4/16 6:00,1,0,1
12/4/16 7:00,3,2,1
12/4/16 8:00,11,6,5
12/4/16 9:00,2,1,1
12/4/16 10:00,12,3,9
12/4/16 11:00,20,11,9
12/4/16 12:00,37,14,23
12/4/16 13:00,46,22,24
12/4/16 14:00,39,19,20
12/4/16 15:00,26,12,14
12/4/16 16:00,26,13,13
12/4/16 17:00,13,5,8
12/4/16 18:00,3,1,2
12/4/16 19:00,0,0,0
12/4/16 20:00,2,1,1
12/4/16 21:00,5,4,1
12/4/16 22:00,1,0,1
12/4/16 23:00,1,0,1
12/5/16 0:00,3,2,1
12/5/16 1:00,1,1,0
12/5/16 2:00,0,0,0
12/5/16 3:00,4,1,3
12/5/16 4:00,0,0,0
12/5/16 5:00,12,0,12
12/5/16 6:00,30,4,26
12/5/16 7:00,54,5,49
12/5/16 8:00,59,6,53
12/5/16 9:00,28,5,23
12/5/16 10:00,5,0,5
12/5/16 11:00,5,1,4
12/5/16 12:00,2,0,2
12/5/16 13:00,10,4,6
12/5/16 14:00,13,8,5
12/5/16 15:00,14,14,0
12/5/16 16:00,46,31,15
12/5/16 17:00,68,63,5
12/5/16 18:00,31,28,3
12/5/16 19:00,18,15,3
12/5/16 20:00,8,6,2
12/5/16 21:00,3,2,1
12/5/16 22:00,3,3,0
12/5/16 23:00,0,0,0
12/6/16 0:00,0,0,0
12/6/16 1:00,1,1,0
12/6/16 2:00,0,0,0
12/6/16 3:00,2,1,1
12/6/16 4:00,2,0,2
12/6/16 5:00,12,0,12
12/6/16 6:00,18,3,15
12/6/16 7:00,55,5,50
12/6/16 8:00,92,2,90
12/6/16 9:00,34,4,30
12/6/16 10:00,9,2,7
12/6/16 11:00,13,2,11
12/6/16 12:00,6,5,1
12/6/16 13:00,16,5,11
12/6/16 14:00,11,7,4
12/6/16 15:00,28,19,9
12/6/16 16:00,46,33,13
12/6/16 17:00,68,65,3
12/6/16 18:00,48,42,6
12/6/16 19:00,20,15,5
12/6/16 20:00,9,9,0
12/6/16 21:00,9,8,1
12/6/16 22:00,2,2,0
12/6/16 23:00,2,2,0
12/7/16 0:00,1,1,0
12/7/16 1:00,0,0,0
12/7/16 2:00,5,2,3
12/7/16 3:00,2,1,1
12/7/16 4:00,2,0,2
12/7/16 5:00,13,3,10
12/7/16 6:00,26,2,24
12/7/16 7:00,62,10,52
12/7/16 8:00,75,7,68
12/7/16 9:00,28,5,23
12/7/16 10:00,11,2,9
12/7/16 11:00,15,5,10
12/7/16 12:00,14,5,9
12/7/16 13:00,12,3,9
12/7/16 14:00,13,5,8
12/7/16 15:00,23,16,7
12/7/16 16:00,43,34,9
12/7/16 17:00,67,53,14
12/7/16 18:00,40,36,4
12/7/16 19:00,28,24,4
12/7/16 20:00,8,6,2
12/7/16 21:00,10,8,2
12/7/16 22:00,5,4,1
12/7/16 23:00,1,0,1
12/8/16 0:00,1,1,0
12/8/16 1:00,0,0,0
12/8/16 2:00,1,1,0
12/8/16 3:00,2,1,1
12/8/16 4:00,2,0,2
12/8/16 5:00,10,1,9
12/8/16 6:00,27,4,23
12/8/16 7:00,45,3,42
12/8/16 8:00,63,6,57
12/8/16 9:00,27,3,24
12/8/16 10:00,9,0,9
12/8/16 11:00,8,3,5
12/8/16 12:00,8,5,3
12/8/16 13:00,8,4,4
12/8/16 14:00,17,13,4
12/8/16 15:00,20,11,9
12/8/16 16:00,40,34,6
12/8/16 17:00,62,56,6
12/8/16 18:00,36,33,3
12/8/16 19:00,13,11,2
12/8/16 20:00,5,4,1
12/8/16 21:00,5,5,0
12/8/16 22:00,2,1,1
12/8/16 23:00,1,1,0
12/9/16 0:00,0,0,0
12/9/16 1:00,3,2,1
12/9/16 2:00,0,0,0
12/9/16 3:00,0,0,0
12/9/16 4:00,0,0,0
12/9/16 5:00,6,0,6
12/9/16 6:00,7,1,6
12/9/16 7:00,9,0,9
12/9/16 8:00,17,0,17
12/9/16 9:00,16,2,14
12/9/16 10:00,7,0,7
12/9/16 11:00,2,1,1
12/9/16 12:00,1,0,1
12/9/16 13:00,1,1,0
12/9/16 14:00,2,1,1
12/9/16 15:00,10,8,2
12/9/16 16:00,17,14,3
12/9/16 17:00,16,14,2
12/9/16 18:00,19,17,2
12/9/16 19:00,5,4,1
12/9/16 20:00,0,0,0
12/9/16 21:00,2,2,0
12/9/16 22:00,2,1,1
12/9/16 23:00,0,0,0
12/10/16 0:00,0,0,0
12/10/16 1:00,0,0,0
12/10/16 2:00,0,0,0
12/10/16 3:00,0,0,0
12/10/16 4:00,1,0,1
12/10/16 5:00,1,0,1
12/10/16 6:00,2,0,2
12/10/16 7:00,3,1,2
12/10/16 8:00,9,4,5
12/10/16 9:00,10,4,6
12/10/16 10:00,12,4,8
12/10/16 11:00,5,3,2
12/10/16 12:00,9,5,4
12/10/16 13:00,7,3,4
12/10/16 14:00,5,3,2
12/10/16 15:00,6,4,2
12/10/16 16:00,11,7,4
12/10/16 17:00,3,2,1
12/10/16 18:00,7,3,4
12/10/16 19:00,3,2,1
12/10/16 20:00,0,0,0
12/10/16 21:00,2,1,1
12/10/16 22:00,3,3,0
12/10/16 23:00,1,0,1
12/11/16 0:00,3,1,2
12/11/16 1:00,1,0,1
12/11/16 2:00,0,0,0
12/11/16 3:00,0,0,0
12/11/16 4:00,1,1,0
12/11/16 5:00,3,0,3
12/11/16 6:00,1,0,1
12/11/16 7:00,1,1,0
12/11/16 8:00,2,0,2
12/11/16 9:00,5,4,1
12/11/16 10:00,18,9,9
12/11/16 11:00,8,6,2
12/11/16 12:00,17,5,12
12/11/16 13:00,7,2,5
12/11/16 14:00,9,3,6
12/11/16 15:00,6,3,3
12/11/16 16:00,6,4,2
12/11/16 17:00,5,3,2
12/11/16 18:00,2,1,1
12/11/16 19:00,1,1,0
12/11/16 20:00,5,1,4
12/11/16 21:00,5,3,2
12/11/16 22:00,0,0,0
12/11/16 23:00,1,1,0
12/12/16 0:00,0,0,0
12/12/16 1:00,0,0,0
12/12/16 2:00,1,0,1
12/12/16 3:00,2,1,1
12/12/16 4:00,5,0,5
12/12/16 5:00,14,1,13
12/12/16 6:00,32,0,32
12/12/16 7:00,62,5,57
12/12/16 8:00,92,7,85
12/12/16 9:00,36,6,30
12/12/16 10:00,16,3,13
12/12/16 11:00,10,3,7
12/12/16 12:00,5,2,3
12/12/16 13:00,8,5,3
12/12/16 14:00,14,6,8
12/12/16 15:00,18,16,2
12/12/16 16:00,49,42,7
12/12/16 17:00,90,83,7
12/12/16 18:00,49,45,4
12/12/16 19:00,20,18,2
12/12/16 20:00,8,6,2
12/12/16 21:00,11,11,0
12/12/16 22:00,2,2,0
12/12/16 23:00,6,4,2
12/13/16 0:00,2,1,1
12/13/16 1:00,0,0,0
12/13/16 2:00,1,1,0
12/13/16 3:00,3,1,2
12/13/16 4:00,1,0,1
12/13/16 5:00,16,1,15
12/13/16 6:00,39,2,37
12/13/16 7:00,68,7,61
12/13/16 8:00,104,9,95
12/13/16 9:00,41,6,35
12/13/16 10:00,26,6,20
12/13/16 11:00,12,5,7
12/13/16 12:00,6,1,5
12/13/16 13:00,8,3,5
12/13/16 14:00,15,10,5
12/13/16 15:00,26,16,10
12/13/16 16:00,52,43,9
12/13/16 17:00,97,87,10
12/13/16 18:00,54,47,7
12/13/16 19:00,26,22,4
12/13/16 20:00,7,6,1
12/13/16 21:00,10,8,2
12/13/16 22:00,2,1,1
12/13/16 23:00,4,3,1
12/14/16 0:00,0,0,0
12/14/16 1:00,2,1,1
12/14/16 2:00,2,2,0
12/14/16 3:00,2,1,1
12/14/16 4:00,2,1,1
12/14/16 5:00,9,0,9
12/14/16 6:00,33,4,29
12/14/16 7:00,55,4,51
12/14/16 8:00,59,8,51
12/14/16 9:00,46,5,41
12/14/16 10:00,12,3,9
12/14/16 11:00,10,1,9
12/14/16 12:00,9,2,7
12/14/16 13:00,10,6,4
12/14/16 14:00,10,5,5
12/14/16 15:00,16,11,5
12/14/16 16:00,38,30,8
12/14/16 17:00,82,72,10
12/14/16 18:00,46,42,4
12/14/16 19:00,17,11,6
12/14/16 20:00,14,13,1
12/14/16 21:00,3,3,0
12/14/16 22:00,4,3,1
12/14/16 23:00,6,3,3
12/15/16 0:00,0,0,0
12/15/16 1:00,2,1,1
12/15/16 2:00,1,0,1
12/15/16 3:00,1,0,1
12/15/16 4:00,1,0,1
12/15/16 5:00,7,1,6
12/15/16 6:00,27,2,25
12/15/16 7:00,54,6,48
12/15/16 8:00,82,4,78
12/15/16 9:00,37,3,34
12/15/16 10:00,11,1,10
12/15/16 11:00,7,1,6
12/15/16 12:00,16,6,10
12/15/16 13:00,11,6,5
12/15/16 14:00,14,8,6
12/15/16 15:00,30,20,10
12/15/16 16:00,43,35,8
12/15/16 17:00,79,67,12
12/15/16 18:00,62,50,12
12/15/16 19:00,19,12,7
12/15/16 20:00,4,4,0
12/15/16 21:00,15,13,2
12/15/16 22:00,3,1,2
12/15/16 23:00,2,2,0
12/16/16 0:00,1,1,0
12/16/16 1:00,1,1,0
12/16/16 2:00,2,1,1
12/16/16 3:00,1,0,1
12/16/16 4:00,1,0,1
12/16/16 5:00,7,1,6
12/16/16 6:00,14,0,14
12/16/16 7:00,46,4,42
12/16/16 8:00,57,3,54
12/16/16 9:00,25,3,22
12/16/16 10:00,13,6,7
12/16/16 11:00,12,5,7
12/16/16 12:00,11,6,5
12/16/16 13:00,11,6,5
12/16/16 14:00,14,9,5
12/16/16 15:00,20,14,6
12/16/16 16:00,31,26,5
12/16/16 17:00,45,39,6
12/16/16 18:00,34,27,7
12/16/16 19:00,12,9,3
12/16/16 20:00,2,2,0
12/16/16 21:00,1,1,0
12/16/16 22:00,3,2,1
12/16/16 23:00,3,3,0
12/17/16 0:00,0,0,0
12/17/16 1:00,2,1,1
12/17/16 2:00,0,0,0
12/17/16 3:00,0,0,0
12/17/16 4:00,1,0,1
12/17/16 5:00,1,0,1
12/17/16 6:00,3,0,3
12/17/16 7:00,2,0,2
12/17/16 8:00,3,1,2
12/17/16 9:00,12,3,9
12/17/16 10:00,9,6,3
12/17/16 11:00,13,2,11
12/17/16 12:00,10,2,8
12/17/16 13:00,9,4,5
12/17/16 14:00,14,7,7
12/17/16 15:00,8,4,4
12/17/16 16:00,12,9,3
12/17/16 17:00,5,1,4
12/17/16 18:00,10,6,4
12/17/16 19:00,2,1,1
12/17/16 20:00,1,1,0
12/17/16 21:00,2,2,0
12/17/16 22:00,5,3,2
12/17/16 23:00,5,2,3
12/18/16 0:00,3,3,0
12/18/16 1:00,5,2,3
12/18/16 2:00,2,0,2
12/18/16 3:00,1,0,1
12/18/16 4:00,1,1,0
12/18/16 5:00,3,0,3
12/18/16 6:00,3,3,0
12/18/16 7:00,2,1,1
12/18/16 8:00,6,3,3
12/18/16 9:00,5,0,5
12/18/16 10:00,11,4,7
12/18/16 11:00,9,1,8
12/18/16 12:00,5,3,2
12/18/16 13:00,12,6,6
12/18/16 14:00,6,4,2
12/18/16 15:00,18,10,8
12/18/16 16:00,21,11,10
12/18/16 17:00,17,10,7
12/18/16 18:00,4,3,1
12/18/16 19:00,3,1,2
12/18/16 20:00,5,1,4
12/18/16 21:00,3,2,1
12/18/16 22:00,1,1,0
12/18/16 23:00,1,0,1
12/19/16 0:00,2,1,1
12/19/16 1:00,1,1,0
12/19/16 2:00,0,0,0
12/19/16 3:00,1,0,1
12/19/16 4:00,3,1,2
12/19/16 5:00,6,0,6
12/19/16 6:00,24,3,21
12/19/16 7:00,50,5,45
12/19/16 8:00,54,1,53
12/19/16 9:00,27,2,25
12/19/16 10:00,12,1,11
12/19/16 11:00,2,1,1
12/19/16 12:00,7,4,3
12/19/16 13:00,6,2,4
12/19/16 14:00,10,7,3
12/19/16 15:00,15,11,4
12/19/16 16:00,27,22,5
12/19/16 17:00,66,60,6
12/19/16 18:00,38,32,6
12/19/16 19:00,15,13,2
12/19/16 20:00,6,3,3
12/19/16 21:00,4,3,1
12/19/16 22:00,0,0,0
12/19/16 23:00,0,0,0
12/20/16 0:00,3,3,0
12/20/16 1:00,1,0,1
12/20/16 2:00,6,4,2
12/20/16 3:00,2,1,1
12/20/16 4:00,2,0,2
12/20/16 5:00,13,2,11
12/20/16 6:00,30,4,26
12/20/16 7:00,53,8,45
12/20/16 8:00,64,4,60
12/20/16 9:00,25,2,23
12/20/16 10:00,12,4,8
12/20/16 11:00,8,4,4
12/20/16 12:00,10,5,5
12/20/16 13:00,13,7,6
12/20/16 14:00,12,7,5
12/20/16 15:00,21,12,9
12/20/16 16:00,41,34,7
12/20/16 17:00,74,68,6
12/20/16 18:00,43,38,5
12/20/16 19:00,8,7,1
12/20/16 20:00,3,2,1
12/20/16 21:00,5,3,2
12/20/16 22:00,3,1,2
12/20/16 23:00,2,2,0
12/21/16 0:00,0,0,0
12/21/16 1:00,1,1,0
12/21/16 2:00,0,0,0
12/21/16 3:00,6,4,2
12/21/16 4:00,2,1,1
12/21/16 5:00,12,1,11
12/21/16 6:00,37,2,35
12/21/16 7:00,64,7,57
12/21/16 8:00,63,4,59
12/21/16 9:00,40,8,32
12/21/16 10:00,16,2,14
12/21/16 11:00,13,3,10
12/21/16 12:00,9,2,7
12/21/16 13:00,18,10,8
12/21/16 14:00,20,12,8
12/21/16 15:00,23,17,6
12/21/16 16:00,50,43,7
12/21/16 17:00,70,60,10
12/21/16 18:00,49,36,13
12/21/16 19:00,11,7,4
12/21/16 20:00,16,13,3
12/21/16 21:00,7,6,1
12/21/16 22:00,4,3,1
12/21/16 23:00,2,1,1
12/22/16 0:00,2,1,1
12/22/16 1:00,1,1,0
12/22/16 2:00,0,0,0
12/22/16 3:00,0,0,0
12/22/16 4:00,1,0,1
12/22/16 5:00,12,3,9
12/22/16 6:00,27,1,26
12/22/16 7:00,49,7,42
12/22/16 8:00,54,1,53
12/22/16 9:00,27,0,27
12/22/16 10:00,17,2,15
12/22/16 11:00,9,3,6
12/22/16 12:00,5,2,3
12/22/16 13:00,10,3,7
12/22/16 14:00,11,6,5
12/22/16 15:00,20,15,5
12/22/16 16:00,43,36,7
12/22/16 17:00,40,37,3
12/22/16 18:00,30,25,5
12/22/16 19:00,15,11,4
12/22/16 20:00,3,3,0
12/22/16 21:00,5,4,1
12/22/16 22:00,3,2,1
12/22/16 23:00,1,1,0
12/23/16 0:00,1,1,0
12/23/16 1:00,0,0,0
12/23/16 2:00,0,0,0
12/23/16 3:00,1,0,1
12/23/16 4:00,1,0,1
12/23/16 5:00,5,0,5
12/23/16 6:00,12,2,10
12/23/16 7:00,14,2,12
12/23/16 8:00,22,1,21
12/23/16 9:00,6,1,5
12/23/16 10:00,5,1,4
12/23/16 11:00,2,1,1
12/23/16 12:00,3,2,1
12/23/16 13:00,5,4,1
12/23/16 14:00,8,6,2
12/23/16 15:00,9,7,2
12/23/16 16:00,12,10,2
12/23/16 17:00,15,14,1
12/23/16 18:00,3,3,0
12/23/16 19:00,2,2,0
12/23/16 20:00,4,3,1
12/23/16 21:00,1,1,0
12/23/16 22:00,0,0,0
12/23/16 23:00,0,0,0
12/24/16 0:00,2,0,2
12/24/16 1:00,1,0,1
12/24/16 2:00,1,1,0
12/24/16 3:00,0,0,0
12/24/16 4:00,1,0,1
12/24/16 5:00,5,1,4
12/24/16 6:00,1,0,1
12/24/16 7:00,2,0,2
12/24/16 8:00,11,2,9
12/24/16 9:00,10,4,6
12/24/16 10:00,6,3,3
12/24/16 11:00,10,4,6
12/24/16 12:00,15,6,9
12/24/16 13:00,8,5,3
12/24/16 14:00,16,9,7
12/24/16 15:00,12,7,5
12/24/16 16:00,13,7,6
12/24/16 17:00,7,4,3
12/24/16 18:00,11,8,3
12/24/16 19:00,3,0,3
12/24/16 20:00,0,0,0
12/24/16 21:00,2,2,0
12/24/16 22:00,0,0,0
12/24/16 23:00,0,0,0
12/25/16 0:00,1,1,0
12/25/16 1:00,1,0,1
12/25/16 2:00,0,0,0
12/25/16 3:00,1,1,0
12/25/16 4:00,0,0,0
12/25/16 5:00,3,0,3
12/25/16 6:00,0,0,0
12/25/16 7:00,1,0,1
12/25/16 8:00,41,19,22
12/25/16 9:00,10,5,5
12/25/16 10:00,3,0,3
12/25/16 11:00,5,4,1
12/25/16 12:00,26,18,8
12/25/16 13:00,35,10,25
12/25/16 14:00,24,10,14
12/25/16 15:00,19,12,7
12/25/16 16:00,8,2,6
12/25/16 17:00,2,1,1
12/25/16 18:00,0,0,0
12/25/16 19:00,1,0,1
12/25/16 20:00,1,0,1
12/25/16 21:00,3,1,2
12/25/16 22:00,0,0,0
12/25/16 23:00,1,0,1
12/26/16 0:00,0,0,0
12/26/16 1:00,2,0,2
12/26/16 2:00,0,0,0
12/26/16 3:00,0,0,0
12/26/16 4:00,1,1,0
12/26/16 5:00,2,0,2
12/26/16 6:00,3,0,3
12/26/16 7:00,7,2,5
12/26/16 8:00,10,4,6
12/26/16 9:00,12,2,10
12/26/16 10:00,18,5,13
12/26/16 11:00,10,4,6
12/26/16 12:00,8,6,2
12/26/16 13:00,13,7,6
12/26/16 14:00,14,5,9
12/26/16 15:00,13,5,8
12/26/16 16:00,11,9,2
12/26/16 17:00,5,4,1
12/26/16 18:00,5,2,3
12/26/16 19:00,0,0,0
12/26/16 20:00,2,1,1
12/26/16 21:00,3,2,1
12/26/16 22:00,0,0,0
12/26/16 23:00,1,1,0
12/27/16 0:00,1,1,0
12/27/16 1:00,0,0,0
12/27/16 2:00,1,0,1
12/27/16 3:00,1,1,0
12/27/16 4:00,1,0,1
12/27/16 5:00,9,1,8
12/27/16 6:00,11,1,10
12/27/16 7:00,40,3,37
12/27/16 8:00,35,4,31
12/27/16 9:00,24,1,23
12/27/16 10:00,9,3,6
12/27/16 11:00,14,4,10
12/27/16 12:00,7,3,4
12/27/16 13:00,7,3,4
12/27/16 14:00,11,9,2
12/27/16 15:00,12,6,6
12/27/16 16:00,35,27,8
12/27/16 17:00,44,37,7
12/27/16 18:00,27,21,6
12/27/16 19:00,4,4,0
12/27/16 20:00,3,3,0
12/27/16 21:00,6,5,1
12/27/16 22:00,1,1,0
12/27/16 23:00,1,1,0
12/28/16 0:00,0,0,0
12/28/16 1:00,2,1,1
12/28/16 2:00,2,2,0
12/28/16 3:00,0,0,0
12/28/16 4:00,1,1,0
12/28/16 5:00,11,1,10
12/28/16 6:00,30,4,26
12/28/16 7:00,40,3,37
12/28/16 8:00,50,6,44
12/28/16 9:00,34,4,30
12/28/16 10:00,16,7,9
12/28/16 11:00,17,6,11
12/28/16 12:00,15,5,10
12/28/16 13:00,18,8,10
12/28/16 14:00,20,11,9
12/28/16 15:00,24,18,6
12/28/16 16:00,36,25,11
12/28/16 17:00,62,54,8
12/28/16 18:00,25,21,4
12/28/16 19:00,11,8,3
12/28/16 20:00,5,5,0
12/28/16 21:00,5,5,0
12/28/16 22:00,1,1,0
12/28/16 23:00,2,2,0
12/29/16 0:00,0,0,0
12/29/16 1:00,0,0,0
12/29/16 2:00,0,0,0
12/29/16 3:00,2,0,2
12/29/16 4:00,2,1,1
12/29/16 5:00,6,0,6
12/29/16 6:00,25,4,21
12/29/16 7:00,39,5,34
12/29/16 8:00,49,2,47
12/29/16 9:00,30,4,26
12/29/16 10:00,6,1,5
12/29/16 11:00,10,3,7
12/29/16 12:00,6,3,3
12/29/16 13:00,10,7,3
12/29/16 14:00,7,3,4
12/29/16 15:00,14,10,4
12/29/16 16:00,35,30,5
12/29/16 17:00,48,44,4
12/29/16 18:00,27,23,4
12/29/16 19:00,31,27,4
12/29/16 20:00,5,4,1
12/29/16 21:00,5,3,2
12/29/16 22:00,5,1,4
12/29/16 23:00,13,3,10
12/30/16 0:00,12,1,11
12/30/16 1:00,0,0,0
12/30/16 2:00,2,1,1
12/30/16 3:00,1,1,0
12/30/16 4:00,1,0,1
12/30/16 5:00,4,0,4
12/30/16 6:00,9,3,6
12/30/16 7:00,25,4,21
12/30/16 8:00,35,0,35
12/30/16 9:00,19,6,13
12/30/16 10:00,18,3,15
12/30/16 11:00,9,4,5
12/30/16 12:00,18,8,10
12/30/16 13:00,19,4,15
12/30/16 14:00,30,21,9
12/30/16 15:00,34,24,10
12/30/16 16:00,27,21,6
12/30/16 17:00,34,26,8
12/30/16 18:00,10,8,2
12/30/16 19:00,9,6,3
12/30/16 20:00,4,1,3
12/30/16 21:00,2,2,0
12/30/16 22:00,2,1,1
12/30/16 23:00,1,1,0
12/31/16 0:00,0,0,0
12/31/16 1:00,0,0,0
12/31/16 2:00,0,0,0
12/31/16 3:00,1,0,1
12/31/16 4:00,2,1,1
12/31/16 5:00,2,0,2
12/31/16 6:00,3,0,3
12/31/16 7:00,4,1,3
12/31/16 8:00,5,1,4
12/31/16 9:00,4,2,2
12/31/16 10:00,12,4,8
12/31/16 11:00,6,2,4
12/31/16 12:00,17,12,5
12/31/16 13:00,10,5,5
12/31/16 14:00,12,7,5
12/31/16 15:00,6,4,2
12/31/16 16:00,8,4,4
12/31/16 17:00,3,1,2
12/31/16 18:00,1,0,1
12/31/16 19:00,5,3,2
12/31/16 20:00,1,1,0
12/31/16 21:00,2,1,1
12/31/16 22:00,5,1,4
12/31/16 23:00,1,1,0
1/1/17 0:00,2,0,2
1/1/17 1:00,0,0,0
1/1/17 2:00,1,1,0
1/1/17 3:00,3,3,0
1/1/17 4:00,0,0,0
1/1/17 5:00,4,2,2
1/1/17 6:00,1,0,1
1/1/17 7:00,3,1,2
1/1/17 8:00,0,0,0
1/1/17 9:00,1,0,1
1/1/17 10:00,4,4,0
1/1/17 11:00,3,1,2
1/1/17 12:00,4,3,1
1/1/17 13:00,9,3,6
1/1/17 14:00,11,3,8
1/1/17 15:00,12,8,4
1/1/17 16:00,8,4,4
1/1/17 17:00,2,0,2
1/1/17 18:00,4,3,1
1/1/17 19:00,3,1,2
1/1/17 20:00,2,2,0
1/1/17 21:00,3,2,1
1/1/17 22:00,0,0,0
1/1/17 23:00,0,0,0
1/2/17 0:00,0,0,0
1/2/17 1:00,0,0,0
1/2/17 2:00,1,1,0
1/2/17 3:00,0,0,0
1/2/17 4:00,3,2,1
1/2/17 5:00,2,0,2
1/2/17 6:00,1,0,1
1/2/17 7:00,4,1,3
1/2/17 8:00,7,0,7
1/2/17 9:00,7,0,7
1/2/17 10:00,10,4,6
1/2/17 11:00,10,5,5
1/2/17 12:00,8,6,2
1/2/17 13:00,20,6,14
1/2/17 14:00,25,11,14
1/2/17 15:00,13,8,5
1/2/17 16:00,17,8,9
1/2/17 17:00,15,7,8
1/2/17 18:00,5,5,0
1/2/17 19:00,3,2,1
1/2/17 20:00,1,0,1
1/2/17 21:00,0,0,0
1/2/17 22:00,0,0,0
1/2/17 23:00,2,2,0
1/3/17 0:00,1,0,1
1/3/17 1:00,1,1,0
1/3/17 2:00,0,0,0
1/3/17 3:00,2,1,1
1/3/17 4:00,3,1,2
1/3/17 5:00,5,0,5
1/3/17 6:00,30,7,23
1/3/17 7:00,50,5,45
1/3/17 8:00,62,2,60
1/3/17 9:00,24,3,21
1/3/17 10:00,9,3,6
1/3/17 11:00,8,3,5
1/3/17 12:00,5,2,3
1/3/17 13:00,11,7,4
1/3/17 14:00,11,3,8
1/3/17 15:00,8,4,4
1/3/17 16:00,32,25,7
1/3/17 17:00,81,71,10
1/3/17 18:00,54,47,7
1/3/17 19:00,10,7,3
1/3/17 20:00,8,6,2
1/3/17 21:00,2,2,0
1/3/17 22:00,4,4,0
1/3/17 23:00,1,1,0
1/4/17 0:00,1,1,0
1/4/17 1:00,1,1,0
1/4/17 2:00,1,1,0
1/4/17 3:00,1,1,0
1/4/17 4:00,1,0,1
1/4/17 5:00,8,1,7
1/4/17 6:00,33,3,30
1/4/17 7:00,50,7,43
1/4/17 8:00,68,4,64
1/4/17 9:00,37,7,30
1/4/17 10:00,14,3,11
1/4/17 11:00,10,3,7
1/4/17 12:00,10,5,5
1/4/17 13:00,13,2,11
1/4/17 14:00,12,6,6
1/4/17 15:00,19,17,2
1/4/17 16:00,34,24,10
1/4/17 17:00,65,55,10
1/4/17 18:00,45,40,5
1/4/17 19:00,19,16,3
1/4/17 20:00,11,10,1
1/4/17 21:00,5,5,0
1/4/17 22:00,3,3,0
1/4/17 23:00,0,0,0
1/5/17 0:00,0,0,0
1/5/17 1:00,1,0,1
1/5/17 2:00,2,1,1
1/5/17 3:00,0,0,0
1/5/17 4:00,2,1,1
1/5/17 5:00,9,1,8
1/5/17 6:00,25,5,20
1/5/17 7:00,35,2,33
1/5/17 8:00,62,5,57
1/5/17 9:00,31,6,25
1/5/17 10:00,17,4,13
1/5/17 11:00,10,1,9
1/5/17 12:00,7,2,5
1/5/17 13:00,12,6,6
1/5/17 14:00,13,6,7
1/5/17 15:00,20,11,9
1/5/17 16:00,37,28,9
1/5/17 17:00,73,63,10
1/5/17 18:00,47,41,6
1/5/17 19:00,16,12,4
1/5/17 20:00,7,4,3
1/5/17 21:00,6,4,2
1/5/17 22:00,3,3,0
1/5/17 23:00,1,1,0
1/6/17 0:00,0,0,0
1/6/17 1:00,1,0,1
1/6/17 2:00,1,1,0
1/6/17 3:00,0,0,0
1/6/17 4:00,1,0,1
1/6/17 5:00,8,1,7
1/6/17 6:00,21,2,19
1/6/17 7:00,44,7,37
1/6/17 8:00,62,8,54
1/6/17 9:00,26,1,25
1/6/17 10:00,8,1,7
1/6/17 11:00,24,16,8
1/6/17 12:00,19,2,17
1/6/17 13:00,7,4,3
1/6/17 14:00,18,9,9
1/6/17 15:00,16,7,9
1/6/17 16:00,42,36,6
1/6/17 17:00,55,45,10
1/6/17 18:00,36,31,5
1/6/17 19:00,16,15,1
1/6/17 20:00,4,3,1
1/6/17 21:00,7,4,3
1/6/17 22:00,0,0,0
1/6/17 23:00,0,0,0
1/7/17 0:00,4,2,2
1/7/17 1:00,1,0,1
1/7/17 2:00,1,1,0
1/7/17 3:00,0,0,0
1/7/17 4:00,1,0,1
1/7/17 5:00,2,0,2
1/7/17 6:00,5,1,4
1/7/17 7:00,4,0,4
1/7/17 8:00,5,3,2
1/7/17 9:00,6,2,4
1/7/17 10:00,19,7,12
1/7/17 11:00,19,6,13
1/7/17 12:00,28,18,10
1/7/17 13:00,23,11,12
1/7/17 14:00,26,18,8
1/7/17 15:00,19,9,10
1/7/17 16:00,10,5,5
1/7/17 17:00,14,6,8
1/7/17 18:00,5,3,2
1/7/17 19:00,1,0,1
1/7/17 20:00,12,10,2
1/7/17 21:00,4,3,1
1/7/17 22:00,7,1,6
1/7/17 23:00,2,2,0
1/8/17 0:00,0,0,0
1/8/17 1:00,3,2,1
1/8/17 2:00,1,1,0
1/8/17 3:00,0,0,0
1/8/17 4:00,1,1,0
1/8/17 5:00,1,0,1
1/8/17 6:00,1,0,1
1/8/17 7:00,1,1,0
1/8/17 8:00,5,0,5
1/8/17 9:00,1,0,1
1/8/17 10:00,14,11,3
1/8/17 11:00,15,2,13
1/8/17 12:00,5,3,2
1/8/17 13:00,3,2,1
1/8/17 14:00,0,0,0
1/8/17 15:00,1,0,1
1/8/17 16:00,2,2,0
1/8/17 17:00,2,0,2
1/8/17 18:00,3,3,0
1/8/17 19:00,0,0,0
1/8/17 20:00,0,0,0
1/8/17 21:00,1,0,1
1/8/17 22:00,1,1,0
1/8/17 23:00,0,0,0
1/9/17 0:00,1,0,1
1/9/17 1:00,2,0,2
1/9/17 2:00,1,1,0
1/9/17 3:00,1,1,0
1/9/17 4:00,3,0,3
1/9/17 5:00,7,1,6
1/9/17 6:00,30,3,27
1/9/17 7:00,66,5,61
1/9/17 8:00,85,3,82
1/9/17 9:00,31,3,28
1/9/17 10:00,17,3,14
1/9/17 11:00,9,4,5
1/9/17 12:00,14,4,10
1/9/17 13:00,8,2,6
1/9/17 14:00,11,6,5
1/9/17 15:00,16,13,3
1/9/17 16:00,49,40,9
1/9/17 17:00,81,70,11
1/9/17 18:00,53,48,5
1/9/17 19:00,19,16,3
1/9/17 20:00,7,5,2
1/9/17 21:00,4,3,1
1/9/17 22:00,1,1,0
1/9/17 23:00,1,1,0
1/10/17 0:00,1,1,0
1/10/17 1:00,2,1,1
1/10/17 2:00,3,3,0
1/10/17 3:00,0,0,0
1/10/17 4:00,2,1,1
1/10/17 5:00,12,0,12
1/10/17 6:00,26,1,25
1/10/17 7:00,59,8,51
1/10/17 8:00,65,9,56
1/10/17 9:00,27,4,23
1/10/17 10:00,13,2,11
1/10/17 11:00,6,2,4
1/10/17 12:00,6,4,2
1/10/17 13:00,7,4,3
1/10/17 14:00,8,3,5
1/10/17 15:00,11,10,1
1/10/17 16:00,43,36,7
1/10/17 17:00,70,61,9
1/10/17 18:00,54,48,6
1/10/17 19:00,22,16,6
1/10/17 20:00,7,6,1
1/10/17 21:00,12,9,3
1/10/17 22:00,1,1,0
1/10/17 23:00,2,2,0
1/11/17 0:00,2,1,1
1/11/17 1:00,2,0,2
1/11/17 2:00,0,0,0
1/11/17 3:00,0,0,0
1/11/17 4:00,1,0,1
1/11/17 5:00,6,1,5
1/11/17 6:00,25,2,23
1/11/17 7:00,52,5,47
1/11/17 8:00,56,5,51
1/11/17 9:00,43,1,42
1/11/17 10:00,13,2,11
1/11/17 11:00,10,2,8
1/11/17 12:00,11,7,4
1/11/17 13:00,4,1,3
1/11/17 14:00,12,5,7
1/11/17 15:00,19,14,5
1/11/17 16:00,26,20,6
1/11/17 17:00,81,66,15
1/11/17 18:00,43,37,6
1/11/17 19:00,17,13,4
1/11/17 20:00,12,10,2
1/11/17 21:00,8,6,2
1/11/17 22:00,3,3,0
1/11/17 23:00,2,2,0
1/12/17 0:00,2,1,1
1/12/17 1:00,1,1,0
1/12/17 2:00,0,0,0
1/12/17 3:00,2,1,1
1/12/17 4:00,1,0,1
1/12/17 5:00,10,1,9
1/12/17 6:00,27,6,21
1/12/17 7:00,51,4,47
1/12/17 8:00,64,5,59
1/12/17 9:00,31,0,31
1/12/17 10:00,16,2,14
1/12/17 11:00,13,5,8
1/12/17 12:00,16,5,11
1/12/17 13:00,9,3,6
1/12/17 14:00,13,6,7
1/12/17 15:00,16,10,6
1/12/17 16:00,54,31,23
1/12/17 17:00,81,56,25
1/12/17 18:00,52,45,7
1/12/17 19:00,29,24,5
1/12/17 20:00,6,5,1
1/12/17 21:00,6,5,1
1/12/17 22:00,4,4,0
1/12/17 23:00,2,0,2
1/13/17 0:00,1,1,0
1/13/17 1:00,1,0,1
1/13/17 2:00,2,1,1
1/13/17 3:00,2,0,2
1/13/17 4:00,2,0,2
1/13/17 5:00,8,3,5
1/13/17 6:00,25,3,22
1/13/17 7:00,34,6,28
1/13/17 8:00,55,3,52
1/13/17 9:00,19,3,16
1/13/17 10:00,15,2,13
1/13/17 11:00,9,3,6
1/13/17 12:00,14,8,6
1/13/17 13:00,13,4,9
1/13/17 14:00,6,3,3
1/13/17 15:00,18,11,7
1/13/17 16:00,38,33,5
1/13/17 17:00,47,43,4
1/13/17 18:00,31,27,4
1/13/17 19:00,13,10,3
1/13/17 20:00,5,4,1
1/13/17 21:00,4,3,1
1/13/17 22:00,4,2,2
1/13/17 23:00,3,1,2
1/14/17 0:00,0,0,0
1/14/17 1:00,0,0,0
1/14/17 2:00,0,0,0
1/14/17 3:00,0,0,0
1/14/17 4:00,1,0,1
1/14/17 5:00,4,1,3
1/14/17 6:00,3,0,3
1/14/17 7:00,3,1,2
1/14/17 8:00,16,12,4
1/14/17 9:00,8,5,3
1/14/17 10:00,35,14,21
1/14/17 11:00,20,6,14
1/14/17 12:00,36,17,19
1/14/17 13:00,39,25,14
1/14/17 14:00,22,15,7
1/14/17 15:00,19,7,12
1/14/17 16:00,16,9,7
1/14/17 17:00,13,4,9
1/14/17 18:00,5,5,0
1/14/17 19:00,2,1,1
1/14/17 20:00,3,3,0
1/14/17 21:00,2,2,0
1/14/17 22:00,2,0,2
1/14/17 23:00,2,0,2
1/15/17 0:00,0,0,0
1/15/17 1:00,3,0,3
1/15/17 2:00,1,1,0
1/15/17 3:00,1,0,1
1/15/17 4:00,1,1,0
1/15/17 5:00,4,1,3
1/15/17 6:00,2,0,2
1/15/17 7:00,2,0,2
1/15/17 8:00,6,3,3
1/15/17 9:00,26,24,2
1/15/17 10:00,16,5,11
1/15/17 11:00,19,7,12
1/15/17 12:00,26,10,16
1/15/17 13:00,48,27,21
1/15/17 14:00,44,20,24
1/15/17 15:00,31,17,14
1/15/17 16:00,20,13,7
1/15/17 17:00,11,6,5
1/15/17 18:00,1,0,1
1/15/17 19:00,6,4,2
1/15/17 20:00,3,1,2
1/15/17 21:00,2,2,0
1/15/17 22:00,3,1,2
1/15/17 23:00,1,1,0
1/16/17 0:00,1,1,0
1/16/17 1:00,1,1,0
1/16/17 2:00,0,0,0
1/16/17 3:00,0,0,0
1/16/17 4:00,3,0,3
1/16/17 5:00,10,2,8
1/16/17 6:00,18,4,14
1/16/17 7:00,34,5,29
1/16/17 8:00,46,4,42
1/16/17 9:00,22,5,17
1/16/17 10:00,20,3,17
1/16/17 11:00,12,6,6
1/16/17 12:00,15,8,7
1/16/17 13:00,16,8,8
1/16/17 14:00,22,10,12
1/16/17 15:00,25,13,12
1/16/17 16:00,39,25,14
1/16/17 17:00,48,43,5
1/16/17 18:00,36,24,12
1/16/17 19:00,6,6,0
1/16/17 20:00,7,6,1
1/16/17 21:00,6,3,3
1/16/17 22:00,1,1,0
1/16/17 23:00,2,1,1
1/17/17 0:00,0,0,0
1/17/17 1:00,0,0,0
1/17/17 2:00,1,0,1
1/17/17 3:00,1,1,0
1/17/17 4:00,4,1,3
1/17/17 5:00,15,1,14
1/17/17 6:00,29,5,24
1/17/17 7:00,62,7,55
1/17/17 8:00,80,6,74
1/17/17 9:00,44,5,39
1/17/17 10:00,9,1,8
1/17/17 11:00,4,1,3
1/17/17 12:00,17,1,16
1/17/17 13:00,49,22,27
1/17/17 14:00,77,16,61
1/17/17 15:00,13,10,3
1/17/17 16:00,39,35,4
1/17/17 17:00,72,63,9
1/17/17 18:00,50,45,5
1/17/17 19:00,13,13,0
1/17/17 20:00,6,4,2
1/17/17 21:00,3,2,1
1/17/17 22:00,0,0,0
1/17/17 23:00,2,1,1
1/18/17 0:00,2,2,0
1/18/17 1:00,3,2,1
1/18/17 2:00,0,0,0
1/18/17 3:00,1,1,0
1/18/17 4:00,1,0,1
1/18/17 5:00,6,1,5
1/18/17 6:00,23,2,21
1/18/17 7:00,42,6,36
1/18/17 8:00,43,4,39
1/18/17 9:00,31,3,28
1/18/17 10:00,13,1,12
1/18/17 11:00,4,2,2
1/18/17 12:00,5,2,3
1/18/17 13:00,4,2,2
1/18/17 14:00,4,2,2
1/18/17 15:00,6,6,0
1/18/17 16:00,33,27,6
1/18/17 17:00,55,47,8
1/18/17 18:00,32,31,1
1/18/17 19:00,15,12,3
1/18/17 20:00,7,7,0
1/18/17 21:00,8,7,1
1/18/17 22:00,1,1,0
1/18/17 23:00,3,1,2
1/19/17 0:00,2,1,1
1/19/17 1:00,2,2,0
1/19/17 2:00,0,0,0
1/19/17 3:00,0,0,0
1/19/17 4:00,3,1,2
1/19/17 5:00,9,2,7
1/19/17 6:00,28,6,22
1/19/17 7:00,57,3,54
1/19/17 8:00,91,6,85
1/19/17 9:00,33,3,30
1/19/17 10:00,15,4,11
1/19/17 11:00,4,0,4
1/19/17 12:00,5,2,3
1/19/17 13:00,8,5,3
1/19/17 14:00,5,3,2
1/19/17 15:00,20,15,5
1/19/17 16:00,39,32,7
1/19/17 17:00,86,79,7
1/19/17 18:00,58,48,10
1/19/17 19:00,35,28,7
1/19/17 20:00,3,3,0
1/19/17 21:00,9,6,3
1/19/17 22:00,16,3,13
1/19/17 23:00,1,0,1
1/20/17 0:00,0,0,0
1/20/17 1:00,3,1,2
1/20/17 2:00,1,1,0
1/20/17 3:00,0,0,0
1/20/17 4:00,1,0,1
1/20/17 5:00,14,5,9
1/20/17 6:00,25,2,23
1/20/17 7:00,56,5,51
1/20/17 8:00,94,5,89
1/20/17 9:00,34,2,32
1/20/17 10:00,21,10,11
1/20/17 11:00,13,5,8
1/20/17 12:00,14,9,5
1/20/17 13:00,21,14,7
1/20/17 14:00,19,11,8
1/20/17 15:00,35,24,11
1/20/17 16:00,49,40,9
1/20/17 17:00,76,70,6
1/20/17 18:00,47,40,7
1/20/17 19:00,18,13,5
1/20/17 20:00,8,7,1
1/20/17 21:00,5,3,2
1/20/17 22:00,1,1,0
1/20/17 23:00,2,1,1
1/21/17 0:00,1,1,0
1/21/17 1:00,4,2,2
1/21/17 2:00,0,0,0
1/21/17 3:00,1,0,1
1/21/17 4:00,1,1,0
1/21/17 5:00,4,1,3
1/21/17 6:00,3,1,2
1/21/17 7:00,3,0,3
1/21/17 8:00,15,3,12
1/21/17 9:00,24,4,20
1/21/17 10:00,12,4,8
1/21/17 11:00,27,10,17
1/21/17 12:00,43,20,23
1/21/17 13:00,26,16,10
1/21/17 14:00,28,18,10
1/21/17 15:00,32,26,6
1/21/17 16:00,25,16,9
1/21/17 17:00,17,11,6
1/21/17 18:00,5,4,1
1/21/17 19:00,1,1,0
1/21/17 20:00,2,1,1
1/21/17 21:00,1,0,1
1/21/17 22:00,3,2,1
1/21/17 23:00,3,2,1
1/22/17 0:00,0,0,0
1/22/17 1:00,1,0,1
1/22/17 2:00,2,2,0
1/22/17 3:00,2,1,1
1/22/17 4:00,0,0,0
1/22/17 5:00,4,2,2
1/22/17 6:00,2,1,1
1/22/17 7:00,2,1,1
1/22/17 8:00,11,2,9
1/22/17 9:00,16,14,2
1/22/17 10:00,8,6,2
1/22/17 11:00,11,4,7
1/22/17 12:00,5,1,4
1/22/17 13:00,13,5,8
1/22/17 14:00,17,10,7
1/22/17 15:00,19,12,7
1/22/17 16:00,20,6,14
1/22/17 17:00,7,3,4
1/22/17 18:00,4,1,3
1/22/17 19:00,1,1,0
1/22/17 20:00,3,2,1
1/22/17 21:00,0,0,0
1/22/17 22:00,1,0,1
1/22/17 23:00,1,1,0
1/23/17 0:00,1,1,0
1/23/17 1:00,3,0,3
1/23/17 2:00,1,1,0
1/23/17 3:00,1,1,0
1/23/17 4:00,4,0,4
1/23/17 5:00,16,1,15
1/23/17 6:00,48,5,43
1/23/17 7:00,82,3,79
1/23/17 8:00,88,7,81
1/23/17 9:00,39,1,38
1/23/17 10:00,19,5,14
1/23/17 11:00,9,4,5
1/23/17 12:00,14,7,7
1/23/17 13:00,13,7,6
1/23/17 14:00,16,9,7
1/23/17 15:00,28,18,10
1/23/17 16:00,70,62,8
1/23/17 17:00,100,91,9
1/23/17 18:00,70,65,5
1/23/17 19:00,23,19,4
1/23/17 20:00,8,8,0
1/23/17 21:00,3,1,2
1/23/17 22:00,2,2,0
1/23/17 23:00,0,0,0
1/24/17 0:00,1,0,1
1/24/17 1:00,1,1,0
1/24/17 2:00,0,0,0
1/24/17 3:00,3,0,3
1/24/17 4:00,3,2,1
1/24/17 5:00,13,1,12
1/24/17 6:00,45,4,41
1/24/17 7:00,84,7,77
1/24/17 8:00,90,4,86
1/24/17 9:00,43,3,40
1/24/17 10:00,9,2,7
1/24/17 11:00,16,5,11
1/24/17 12:00,13,5,8
1/24/17 13:00,19,11,8
1/24/17 14:00,16,6,10
1/24/17 15:00,32,18,14
1/24/17 16:00,72,54,18
1/24/17 17:00,118,103,15
1/24/17 18:00,60,52,8
1/24/17 19:00,26,22,4
1/24/17 20:00,10,9,1
1/24/17 21:00,7,4,3
1/24/17 22:00,4,4,0
1/24/17 23:00,3,3,0
1/25/17 0:00,3,2,1
1/25/17 1:00,1,1,0
1/25/17 2:00,1,1,0
1/25/17 3:00,3,1,2
1/25/17 4:00,3,1,2
1/25/17 5:00,13,2,11
1/25/17 6:00,40,8,32
1/25/17 7:00,76,5,71
1/25/17 8:00,84,6,78
1/25/17 9:00,46,4,42
1/25/17 10:00,15,3,12
1/25/17 11:00,9,3,6
1/25/17 12:00,16,5,11
1/25/17 13:00,7,3,4
1/25/17 14:00,13,5,8
1/25/17 15:00,24,16,8
1/25/17 16:00,57,49,8
1/25/17 17:00,109,88,21
1/25/17 18:00,60,47,13
1/25/17 19:00,16,16,0
1/25/17 20:00,15,12,3
1/25/17 21:00,9,8,1
1/25/17 22:00,1,1,0
1/25/17 23:00,1,1,0
1/26/17 0:00,4,3,1
1/26/17 1:00,2,1,1
1/26/17 2:00,1,1,0
1/26/17 3:00,4,1,3
1/26/17 4:00,2,1,1
1/26/17 5:00,11,1,10
1/26/17 6:00,44,7,37
1/26/17 7:00,77,7,70
1/26/17 8:00,76,9,67
1/26/17 9:00,45,2,43
1/26/17 10:00,13,3,10
1/26/17 11:00,12,4,8
1/26/17 12:00,18,10,8
1/26/17 13:00,18,10,8
1/26/17 14:00,28,15,13
1/26/17 15:00,28,17,11
1/26/17 16:00,53,38,15
1/26/17 17:00,109,93,16
1/26/17 18:00,62,55,7
1/26/17 19:00,28,19,9
1/26/17 20:00,14,12,2
1/26/17 21:00,8,6,2
1/26/17 22:00,4,1,3
1/26/17 23:00,2,0,2
1/27/17 0:00,1,0,1
1/27/17 1:00,5,3,2
1/27/17 2:00,6,5,1
1/27/17 3:00,3,2,1
1/27/17 4:00,1,0,1
1/27/17 5:00,11,1,10
1/27/17 6:00,35,9,26
1/27/17 7:00,61,5,56
1/27/17 8:00,82,6,76
1/27/17 9:00,26,1,25
1/27/17 10:00,23,5,18
1/27/17 11:00,18,6,12
1/27/17 12:00,35,21,14
1/27/17 13:00,27,12,15
1/27/17 14:00,25,16,9
1/27/17 15:00,45,30,15
1/27/17 16:00,64,49,15
1/27/17 17:00,83,74,9
1/27/17 18:00,39,32,7
1/27/17 19:00,16,12,4
1/27/17 20:00,8,4,4
1/27/17 21:00,4,4,0
1/27/17 22:00,9,4,5
1/27/17 23:00,4,4,0
1/28/17 0:00,0,0,0
1/28/17 1:00,0,0,0
1/28/17 2:00,0,0,0
1/28/17 3:00,1,0,1
1/28/17 4:00,1,1,0
1/28/17 5:00,3,0,3
1/28/17 6:00,4,0,4
1/28/17 7:00,7,1,6
1/28/17 8:00,22,2,20
1/28/17 9:00,32,19,13
1/28/17 10:00,27,13,14
1/28/17 11:00,52,22,30
1/28/17 12:00,62,32,30
1/28/17 13:00,52,23,29
1/28/17 14:00,53,32,21
1/28/17 15:00,59,39,20
1/28/17 16:00,35,19,16
1/28/17 17:00,30,11,19
1/28/17 18:00,4,1,3
1/28/17 19:00,11,2,9
1/28/17 20:00,9,4,5
1/28/17 21:00,4,1,3
1/28/17 22:00,2,0,2
1/28/17 23:00,5,4,1
1/29/17 0:00,1,0,1
1/29/17 1:00,1,1,0
1/29/17 2:00,0,0,0
1/29/17 3:00,2,1,1
1/29/17 4:00,0,0,0
1/29/17 5:00,5,1,4
1/29/17 6:00,2,0,2
1/29/17 7:00,4,1,3
1/29/17 8:00,16,7,9
1/29/17 9:00,14,7,7
1/29/17 10:00,26,9,17
1/29/17 11:00,34,16,18
1/29/17 12:00,32,19,13
1/29/17 13:00,34,19,15
1/29/17 14:00,23,13,10
1/29/17 15:00,7,2,5
1/29/17 16:00,9,4,5
1/29/17 17:00,13,6,7
1/29/17 18:00,5,1,4
1/29/17 19:00,7,7,0
1/29/17 20:00,8,7,1
1/29/17 21:00,3,3,0
1/29/17 22:00,2,0,2
1/29/17 23:00,2,1,1
1/30/17 0:00,2,0,2
1/30/17 1:00,0,0,0
1/30/17 2:00,1,0,1
1/30/17 3:00,0,0,0
1/30/17 4:00,6,0,6
1/30/17 5:00,15,0,15
1/30/17 6:00,45,7,38
1/30/17 7:00,91,11,80
1/30/17 8:00,90,8,82
1/30/17 9:00,39,3,36
1/30/17 10:00,19,4,15
1/30/17 11:00,10,5,5
1/30/17 12:00,13,5,8
1/30/17 13:00,13,5,8
1/30/17 14:00,14,6,8
1/30/17 15:00,35,24,11
1/30/17 16:00,70,53,17
1/30/17 17:00,103,86,17
1/30/17 18:00,68,64,4
1/30/17 19:00,27,25,2
1/30/17 20:00,9,8,1
1/30/17 21:00,1,1,0
1/30/17 22:00,5,3,2
1/30/17 23:00,2,2,0
1/31/17 0:00,0,0,0
1/31/17 1:00,0,0,0
1/31/17 2:00,0,0,0
1/31/17 3:00,1,0,1
1/31/17 4:00,2,1,1
1/31/17 5:00,19,4,15
1/31/17 6:00,45,4,41
1/31/17 7:00,85,5,80
1/31/17 8:00,95,5,90
1/31/17 9:00,34,0,34
1/31/17 10:00,12,2,10
1/31/17 11:00,15,5,10
1/31/17 12:00,17,10,7
1/31/17 13:00,24,11,13
1/31/17 14:00,24,9,15
1/31/17 15:00,27,15,12
1/31/17 16:00,74,57,17
1/31/17 17:00,116,101,15
1/31/17 18:00,50,42,8
1/31/17 19:00,19,18,1
1/31/17 20:00,10,8,2
1/31/17 21:00,7,7,0
1/31/17 22:00,4,4,0
1/31/17 23:00,3,3,0
2/1/17 0:00,6,4,2
2/1/17 1:00,0,0,0
2/1/17 2:00,0,0,0
2/1/17 3:00,1,0,1
2/1/17 4:00,3,1,2
2/1/17 5:00,9,1,8
2/1/17 6:00,36,8,28
2/1/17 7:00,73,6,67
2/1/17 8:00,94,4,90
2/1/17 9:00,43,4,39
2/1/17 10:00,19,3,16
2/1/17 11:00,19,10,9
2/1/17 12:00,25,8,17
2/1/17 13:00,25,15,10
2/1/17 14:00,28,15,13
2/1/17 15:00,29,25,4
2/1/17 16:00,48,40,8
2/1/17 17:00,93,83,10
2/1/17 18:00,55,46,9
2/1/17 19:00,24,19,5
2/1/17 20:00,22,12,10
2/1/17 21:00,7,7,0
2/1/17 22:00,2,1,1
2/1/17 23:00,3,2,1
2/2/17 0:00,4,2,2
2/2/17 1:00,0,0,0
2/2/17 2:00,0,0,0
2/2/17 3:00,0,0,0
2/2/17 4:00,2,1,1
2/2/17 5:00,10,1,9
2/2/17 6:00,38,9,29
2/2/17 7:00,75,12,63
2/2/17 8:00,85,7,78
2/2/17 9:00,25,0,25
2/2/17 10:00,10,2,8
2/2/17 11:00,11,3,8
2/2/17 12:00,12,4,8
2/2/17 13:00,16,7,9
2/2/17 14:00,12,6,6
2/2/17 15:00,30,18,12
2/2/17 16:00,58,41,17
2/2/17 17:00,87,75,12
2/2/17 18:00,67,57,10
2/2/17 19:00,27,18,9
2/2/17 20:00,8,8,0
2/2/17 21:00,9,8,1
2/2/17 22:00,4,2,2
2/2/17 23:00,1,1,0
2/3/17 0:00,0,0,0
2/3/17 1:00,1,0,1
2/3/17 2:00,2,1,1
2/3/17 3:00,3,2,1
2/3/17 4:00,1,0,1
2/3/17 5:00,6,1,5
2/3/17 6:00,18,5,13
2/3/17 7:00,28,4,24
2/3/17 8:00,40,3,37
2/3/17 9:00,19,3,16
2/3/17 10:00,8,1,7
2/3/17 11:00,4,2,2
2/3/17 12:00,6,2,4
2/3/17 13:00,1,0,1
2/3/17 14:00,7,5,2
2/3/17 15:00,16,14,2
2/3/17 16:00,28,22,6
2/3/17 17:00,38,35,3
2/3/17 18:00,35,29,6
2/3/17 19:00,5,4,1
2/3/17 20:00,5,5,0
2/3/17 21:00,2,1,1
2/3/17 22:00,1,0,1
2/3/17 23:00,3,3,0
2/4/17 0:00,4,2,2
2/4/17 1:00,4,1,3
2/4/17 2:00,1,1,0
2/4/17 3:00,0,0,0
2/4/17 4:00,0,0,0
2/4/17 5:00,2,0,2
2/4/17 6:00,4,1,3
2/4/17 7:00,4,0,4
2/4/17 8:00,8,3,5
2/4/17 9:00,6,3,3
2/4/17 10:00,7,3,4
2/4/17 11:00,6,2,4
2/4/17 12:00,6,4,2
2/4/17 13:00,9,4,5
2/4/17 14:00,5,3,2
2/4/17 15:00,4,3,1
2/4/17 16:00,6,5,1
2/4/17 17:00,8,3,5
2/4/17 18:00,2,2,0
2/4/17 19:00,2,1,1
2/4/17 20:00,1,0,1
2/4/17 21:00,0,0,0
2/4/17 22:00,3,3,0
2/4/17 23:00,3,3,0
2/5/17 0:00,2,0,2
2/5/17 1:00,3,1,2
2/5/17 2:00,3,1,2
2/5/17 3:00,0,0,0
2/5/17 4:00,1,1,0
2/5/17 5:00,4,2,2
2/5/17 6:00,0,0,0
2/5/17 7:00,2,0,2
2/5/17 8:00,7,0,7
2/5/17 9:00,6,3,3
2/5/17 10:00,11,5,6
2/5/17 11:00,5,3,2
2/5/17 12:00,5,2,3
2/5/17 13:00,5,3,2
2/5/17 14:00,5,3,2
2/5/17 15:00,4,3,1
2/5/17 16:00,1,1,0
2/5/17 17:00,2,1,1
2/5/17 18:00,3,2,1
2/5/17 19:00,1,0,1
2/5/17 20:00,1,1,0
2/5/17 21:00,1,1,0
2/5/17 22:00,1,0,1
2/5/17 23:00,0,0,0
2/6/17 0:00,3,1,2
2/6/17 1:00,0,0,0
2/6/17 2:00,0,0,0
2/6/17 3:00,0,0,0
2/6/17 4:00,1,1,0
2/6/17 5:00,6,1,5
2/6/17 6:00,4,0,4
2/6/17 7:00,14,2,12
2/6/17 8:00,14,3,11
2/6/17 9:00,5,2,3
2/6/17 10:00,2,0,2
2/6/17 11:00,0,0,0
2/6/17 12:00,1,0,1
2/6/17 13:00,3,1,2
2/6/17 14:00,12,8,4
2/6/17 15:00,4,4,0
2/6/17 16:00,9,9,0
2/6/17 17:00,11,8,3
2/6/17 18:00,4,3,1
2/6/17 19:00,2,2,0
2/6/17 20:00,4,4,0
2/6/17 21:00,0,0,0
2/6/17 22:00,1,1,0
2/6/17 23:00,1,1,0
2/7/17 0:00,0,0,0
2/7/17 1:00,0,0,0
2/7/17 2:00,1,0,1
2/7/17 3:00,0,0,0
2/7/17 4:00,2,1,1
2/7/17 5:00,4,0,4
2/7/17 6:00,9,1,8
2/7/17 7:00,19,1,18
2/7/17 8:00,19,2,17
2/7/17 9:00,10,3,7
2/7/17 10:00,7,0,7
2/7/17 11:00,9,3,6
2/7/17 12:00,7,3,4
2/7/17 13:00,14,4,10
2/7/17 14:00,11,4,7
2/7/17 15:00,7,6,1
2/7/17 16:00,16,12,4
2/7/17 17:00,28,21,7
2/7/17 18:00,19,17,2
2/7/17 19:00,9,8,1
2/7/17 20:00,7,7,0
2/7/17 21:00,6,5,1
2/7/17 22:00,1,1,0
2/7/17 23:00,1,1,0
2/8/17 0:00,1,0,1
2/8/17 1:00,1,0,1
2/8/17 2:00,2,1,1
2/8/17 3:00,1,0,1
2/8/17 4:00,3,1,2
2/8/17 5:00,3,0,3
2/8/17 6:00,20,2,18
2/8/17 7:00,31,2,29
2/8/17 8:00,61,3,58
2/8/17 9:00,22,1,21
2/8/17 10:00,4,1,3
2/8/17 11:00,3,0,3
2/8/17 12:00,4,1,3
2/8/17 13:00,4,2,2
2/8/17 14:00,7,4,3
2/8/17 15:00,14,10,4
2/8/17 16:00,27,24,3
2/8/17 17:00,47,43,4
2/8/17 18:00,36,34,2
2/8/17 19:00,14,11,3
2/8/17 20:00,4,4,0
2/8/17 21:00,2,2,0
2/8/17 22:00,3,2,1
2/8/17 23:00,2,2,0
2/9/17 0:00,2,1,1
2/9/17 1:00,1,0,1
2/9/17 2:00,0,0,0
2/9/17 3:00,0,0,0
2/9/17 4:00,3,1,2
2/9/17 5:00,6,1,5
2/9/17 6:00,24,4,20
2/9/17 7:00,34,3,31
2/9/17 8:00,33,2,31
2/9/17 9:00,21,2,19
2/9/17 10:00,6,2,4
2/9/17 11:00,4,2,2
2/9/17 12:00,12,4,8
2/9/17 13:00,7,3,4
2/9/17 14:00,17,8,9
2/9/17 15:00,5,4,1
2/9/17 16:00,18,14,4
2/9/17 17:00,40,36,4
2/9/17 18:00,38,35,3
2/9/17 19:00,13,12,1
2/9/17 20:00,4,4,0
2/9/17 21:00,6,5,1
2/9/17 22:00,3,2,1
2/9/17 23:00,2,1,1
2/10/17 0:00,0,0,0
2/10/17 1:00,2,1,1
2/10/17 2:00,2,2,0
2/10/17 3:00,0,0,0
2/10/17 4:00,0,0,0
2/10/17 5:00,6,0,6
2/10/17 6:00,21,4,17
2/10/17 7:00,54,4,50
2/10/17 8:00,69,4,65
2/10/17 9:00,21,1,20
2/10/17 10:00,9,0,9
2/10/17 11:00,3,0,3
2/10/17 12:00,2,0,2
2/10/17 13:00,7,4,3
2/10/17 14:00,5,3,2
2/10/17 15:00,14,11,3
2/10/17 16:00,38,31,7
2/10/17 17:00,64,56,8
2/10/17 18:00,39,34,5
2/10/17 19:00,13,8,5
2/10/17 20:00,3,1,2
2/10/17 21:00,2,2,0
2/10/17 22:00,1,0,1
2/10/17 23:00,4,3,1
2/11/17 0:00,0,0,0
2/11/17 1:00,0,0,0
2/11/17 2:00,0,0,0
2/11/17 3:00,1,0,1
2/11/17 4:00,1,0,1
2/11/17 5:00,1,0,1
2/11/17 6:00,1,1,0
2/11/17 7:00,9,3,6
2/11/17 8:00,18,3,15
2/11/17 9:00,20,16,4
2/11/17 10:00,27,14,13
2/11/17 11:00,22,10,12
2/11/17 12:00,37,13,24
2/11/17 13:00,48,28,20
2/11/17 14:00,41,23,18
2/11/17 15:00,31,12,19
2/11/17 16:00,30,18,12
2/11/17 17:00,12,9,3
2/11/17 18:00,6,4,2
2/11/17 19:00,7,4,3
2/11/17 20:00,0,0,0
2/11/17 21:00,2,1,1
2/11/17 22:00,2,1,1
2/11/17 23:00,1,0,1
2/12/17 0:00,0,0,0
2/12/17 1:00,1,0,1
2/12/17 2:00,0,0,0
2/12/17 3:00,0,0,0
2/12/17 4:00,2,2,0
2/12/17 5:00,3,1,2
2/12/17 6:00,0,0,0
2/12/17 7:00,7,3,4
2/12/17 8:00,13,3,10
2/12/17 9:00,29,14,15
2/12/17 10:00,31,18,13
2/12/17 11:00,50,34,16
2/12/17 12:00,55,33,22
2/12/17 13:00,59,30,29
2/12/17 14:00,47,29,18
2/12/17 15:00,58,26,32
2/12/17 16:00,44,23,21
2/12/17 17:00,22,7,15
2/12/17 18:00,11,1,10
2/12/17 19:00,2,1,1
2/12/17 20:00,3,3,0
2/12/17 21:00,0,0,0
2/12/17 22:00,2,1,1
2/12/17 23:00,2,1,1
2/13/17 0:00,1,0,1
2/13/17 1:00,2,1,1
2/13/17 2:00,1,1,0
2/13/17 3:00,2,1,1
2/13/17 4:00,10,2,8
2/13/17 5:00,21,2,19
2/13/17 6:00,46,5,41
2/13/17 7:00,90,8,82
2/13/17 8:00,112,5,107
2/13/17 9:00,41,5,36
2/13/17 10:00,19,6,13
2/13/17 11:00,17,7,10
2/13/17 12:00,16,9,7
2/13/17 13:00,28,12,16
2/13/17 14:00,24,12,12
2/13/17 15:00,31,22,9
2/13/17 16:00,106,80,26
2/13/17 17:00,133,115,18
2/13/17 18:00,67,57,10
2/13/17 19:00,29,24,5
2/13/17 20:00,8,6,2
2/13/17 21:00,6,4,2
2/13/17 22:00,0,0,0
2/13/17 23:00,1,1,0
2/14/17 0:00,0,0,0
2/14/17 1:00,0,0,0
2/14/17 2:00,0,0,0
2/14/17 3:00,2,1,1
2/14/17 4:00,3,0,3
2/14/17 5:00,17,2,15
2/14/17 6:00,48,8,40
2/14/17 7:00,113,11,102
2/14/17 8:00,105,5,100
2/14/17 9:00,41,3,38
2/14/17 10:00,18,3,15
2/14/17 11:00,8,3,5
2/14/17 12:00,24,13,11
2/14/17 13:00,20,11,9
2/14/17 14:00,18,7,11
2/14/17 15:00,32,24,8
2/14/17 16:00,84,71,13
2/14/17 17:00,137,115,22
2/14/17 18:00,79,71,8
2/14/17 19:00,17,11,6
2/14/17 20:00,13,9,4
2/14/17 21:00,7,5,2
2/14/17 22:00,3,2,1
2/14/17 23:00,3,2,1
2/15/17 0:00,1,1,0
2/15/17 1:00,1,1,0
2/15/17 2:00,0,0,0
2/15/17 3:00,0,0,0
2/15/17 4:00,2,1,1
2/15/17 5:00,9,0,9
2/15/17 6:00,25,2,23
2/15/17 7:00,59,4,55
2/15/17 8:00,70,8,62
2/15/17 9:00,22,5,17
2/15/17 10:00,15,6,9
2/15/17 11:00,6,4,2
2/15/17 12:00,4,1,3
2/15/17 13:00,7,3,4
2/15/17 14:00,6,3,3
2/15/17 15:00,11,9,2
2/15/17 16:00,37,29,8
2/15/17 17:00,66,59,7
2/15/17 18:00,43,38,5
2/15/17 19:00,18,14,4
2/15/17 20:00,4,2,2
2/15/17 21:00,5,5,0
2/15/17 22:00,4,4,0
2/15/17 23:00,1,0,1
2/16/17 0:00,2,1,1
2/16/17 1:00,1,1,0
2/16/17 2:00,0,0,0
2/16/17 3:00,2,1,1
2/16/17 4:00,1,0,1
2/16/17 5:00,10,1,9
2/16/17 6:00,28,3,25
2/16/17 7:00,75,9,66
2/16/17 8:00,86,5,81
2/16/17 9:00,38,5,33
2/16/17 10:00,8,1,7
2/16/17 11:00,9,2,7
2/16/17 12:00,17,8,9
2/16/17 13:00,18,6,12
2/16/17 14:00,20,11,9
2/16/17 15:00,17,10,7
2/16/17 16:00,45,39,6
2/16/17 17:00,101,89,12
2/16/17 18:00,53,48,5
2/16/17 19:00,21,17,4
2/16/17 20:00,7,6,1
2/16/17 21:00,12,9,3
2/16/17 22:00,7,4,3
2/16/17 23:00,2,2,0
2/17/17 0:00,0,0,0
2/17/17 1:00,1,0,1
2/17/17 2:00,3,2,1
2/17/17 3:00,2,0,2
2/17/17 4:00,1,0,1
2/17/17 5:00,11,2,9
2/17/17 6:00,41,7,34
2/17/17 7:00,77,13,64
2/17/17 8:00,79,9,70
2/17/17 9:00,53,15,38
2/17/17 10:00,18,2,16
2/17/17 11:00,24,13,11
2/17/17 12:00,22,6,16
2/17/17 13:00,32,22,10
2/17/17 14:00,38,22,16
2/17/17 15:00,48,39,9
2/17/17 16:00,84,58,26
2/17/17 17:00,80,66,14
2/17/17 18:00,55,49,6
2/17/17 19:00,23,18,5
2/17/17 20:00,12,9,3
2/17/17 21:00,4,3,1
2/17/17 22:00,4,4,0
2/17/17 23:00,2,1,1
2/18/17 0:00,0,0,0
2/18/17 1:00,1,0,1
2/18/17 2:00,0,0,0
2/18/17 3:00,2,0,2
2/18/17 4:00,0,0,0
2/18/17 5:00,5,2,3
2/18/17 6:00,1,1,0
2/18/17 7:00,4,2,2
2/18/17 8:00,9,1,8
2/18/17 9:00,6,4,2
2/18/17 10:00,14,8,6
2/18/17 11:00,12,6,6
2/18/17 12:00,7,2,5
2/18/17 13:00,12,3,9
2/18/17 14:00,13,8,5
2/18/17 15:00,8,5,3
2/18/17 16:00,10,8,2
2/18/17 17:00,9,3,6
2/18/17 18:00,3,1,2
2/18/17 19:00,0,0,0
2/18/17 20:00,3,1,2
2/18/17 21:00,0,0,0
2/18/17 22:00,5,4,1
2/18/17 23:00,1,0,1
2/19/17 0:00,0,0,0
2/19/17 1:00,1,0,1
2/19/17 2:00,1,1,0
2/19/17 3:00,0,0,0
2/19/17 4:00,3,2,1
2/19/17 5:00,5,1,4
2/19/17 6:00,0,0,0
2/19/17 7:00,1,0,1
2/19/17 8:00,5,1,4
2/19/17 9:00,21,17,4
2/19/17 10:00,16,4,12
2/19/17 11:00,22,11,11
2/19/17 12:00,14,6,8
2/19/17 13:00,26,10,16
2/19/17 14:00,5,2,3
2/19/17 15:00,15,8,7
2/19/17 16:00,4,3,1
2/19/17 17:00,6,2,4
2/19/17 18:00,4,1,3
2/19/17 19:00,4,3,1
2/19/17 20:00,5,3,2
2/19/17 21:00,1,0,1
2/19/17 22:00,1,0,1
2/19/17 23:00,2,1,1
2/20/17 0:00,1,0,1
2/20/17 1:00,0,0,0
2/20/17 2:00,8,5,3
2/20/17 3:00,0,0,0
2/20/17 4:00,5,1,4
2/20/17 5:00,2,0,2
2/20/17 6:00,11,2,9
2/20/17 7:00,29,4,25
2/20/17 8:00,39,6,33
2/20/17 9:00,18,4,14
2/20/17 10:00,15,5,10
2/20/17 11:00,13,4,9
2/20/17 12:00,14,7,7
2/20/17 13:00,9,4,5
2/20/17 14:00,10,8,2
2/20/17 15:00,7,5,2
2/20/17 16:00,20,13,7
2/20/17 17:00,35,30,5
2/20/17 18:00,20,17,3
2/20/17 19:00,14,13,1
2/20/17 20:00,1,0,1
2/20/17 21:00,1,1,0
2/20/17 22:00,2,1,1
2/20/17 23:00,3,1,2
2/21/17 0:00,0,0,0
2/21/17 1:00,1,0,1
2/21/17 2:00,2,2,0
2/21/17 3:00,1,0,1
2/21/17 4:00,2,1,1
2/21/17 5:00,9,0,9
2/21/17 6:00,42,7,35
2/21/17 7:00,73,4,69
2/21/17 8:00,80,6,74
2/21/17 9:00,31,7,24
2/21/17 10:00,8,1,7
2/21/17 11:00,7,2,5
2/21/17 12:00,5,1,4
2/21/17 13:00,11,5,6
2/21/17 14:00,11,6,5
2/21/17 15:00,18,12,6
2/21/17 16:00,51,42,9
2/21/17 17:00,81,73,8
2/21/17 18:00,55,48,7
2/21/17 19:00,19,14,5
2/21/17 20:00,6,6,0
2/21/17 21:00,9,8,1
2/21/17 22:00,4,2,2
2/21/17 23:00,4,2,2
2/22/17 0:00,0,0,0
2/22/17 1:00,0,0,0
2/22/17 2:00,1,0,1
2/22/17 3:00,2,2,0
2/22/17 4:00,1,0,1
2/22/17 5:00,13,3,10
2/22/17 6:00,39,6,33
2/22/17 7:00,74,9,65
2/22/17 8:00,85,8,77
2/22/17 9:00,29,5,24
2/22/17 10:00,14,4,10
2/22/17 11:00,17,4,13
2/22/17 12:00,10,5,5
2/22/17 13:00,12,5,7
2/22/17 14:00,20,12,8
2/22/17 15:00,32,24,8
2/22/17 16:00,52,42,10
2/22/17 17:00,81,69,12
2/22/17 18:00,59,50,9
2/22/17 19:00,23,18,5
2/22/17 20:00,6,5,1
2/22/17 21:00,9,8,1
2/22/17 22:00,4,3,1
2/22/17 23:00,3,2,1
2/23/17 0:00,1,0,1
2/23/17 1:00,2,1,1
2/23/17 2:00,1,1,0
2/23/17 3:00,0,0,0
2/23/17 4:00,2,1,1
2/23/17 5:00,16,2,14
2/23/17 6:00,32,4,28
2/23/17 7:00,75,7,68
2/23/17 8:00,72,4,68
2/23/17 9:00,29,3,26
2/23/17 10:00,16,4,12
2/23/17 11:00,6,0,6
2/23/17 12:00,4,3,1
2/23/17 13:00,14,5,9
2/23/17 14:00,14,6,8
2/23/17 15:00,22,13,9
2/23/17 16:00,61,51,10
2/23/17 17:00,82,72,10
2/23/17 18:00,59,53,6
2/23/17 19:00,14,9,5
2/23/17 20:00,7,6,1
2/23/17 21:00,9,6,3
2/23/17 22:00,3,2,1
2/23/17 23:00,1,1,0
2/24/17 0:00,0,0,0
2/24/17 1:00,1,1,0
2/24/17 2:00,1,1,0
2/24/17 3:00,1,1,0
2/24/17 4:00,3,0,3
2/24/17 5:00,6,1,5
2/24/17 6:00,25,0,25
2/24/17 7:00,45,3,42
2/24/17 8:00,47,4,43
2/24/17 9:00,18,2,16
2/24/17 10:00,16,1,15
2/24/17 11:00,8,0,8
2/24/17 12:00,11,3,8
2/24/17 13:00,8,5,3
2/24/17 14:00,21,10,11
2/24/17 15:00,18,13,5
2/24/17 16:00,37,32,5
2/24/17 17:00,77,67,10
2/24/17 18:00,32,25,7
2/24/17 19:00,5,4,1
2/24/17 20:00,4,2,2
2/24/17 21:00,6,5,1
2/24/17 22:00,2,2,0
2/24/17 23:00,1,0,1
2/25/17 0:00,1,0,1
2/25/17 1:00,0,0,0
2/25/17 2:00,0,0,0
2/25/17 3:00,3,1,2
2/25/17 4:00,0,0,0
2/25/17 5:00,3,1,2
2/25/17 6:00,5,0,5
2/25/17 7:00,11,1,10
2/25/17 8:00,12,2,10
2/25/17 9:00,22,11,11
2/25/17 10:00,41,22,19
2/25/17 11:00,30,18,12
2/25/17 12:00,42,23,19
2/25/17 13:00,51,22,29
2/25/17 14:00,47,27,20
2/25/17 15:00,32,18,14
2/25/17 16:00,21,10,11
2/25/17 17:00,18,8,10
2/25/17 18:00,8,7,1
2/25/17 19:00,4,4,0
2/25/17 20:00,5,5,0
2/25/17 21:00,2,2,0
2/25/17 22:00,4,1,3
2/25/17 23:00,3,2,1
2/26/17 0:00,0,0,0
2/26/17 1:00,3,1,2
2/26/17 2:00,2,1,1
2/26/17 3:00,1,0,1
2/26/17 4:00,4,2,2
2/26/17 5:00,3,1,2
2/26/17 6:00,6,1,5
2/26/17 7:00,25,1,24
2/26/17 8:00,19,4,15
2/26/17 9:00,9,1,8
2/26/17 10:00,5,2,3
2/26/17 11:00,8,3,5
2/26/17 12:00,12,9,3
2/26/17 13:00,15,12,3
2/26/17 14:00,17,11,6
2/26/17 15:00,18,13,5
2/26/17 16:00,9,7,2
2/26/17 17:00,8,4,4
2/26/17 18:00,4,1,3
2/26/17 19:00,1,0,1
2/26/17 20:00,3,2,1
2/26/17 21:00,1,1,0
2/26/17 22:00,3,2,1
2/26/17 23:00,0,0,0
2/27/17 0:00,3,1,2
2/27/17 1:00,0,0,0
2/27/17 2:00,1,0,1
2/27/17 3:00,2,2,0
2/27/17 4:00,6,1,5
2/27/17 5:00,9,1,8
2/27/17 6:00,23,3,20
2/27/17 7:00,38,2,36
2/27/17 8:00,53,3,50
2/27/17 9:00,26,0,26
2/27/17 10:00,12,1,11
2/27/17 11:00,4,1,3
2/27/17 12:00,4,3,1
2/27/17 13:00,9,4,5
2/27/17 14:00,16,9,7
2/27/17 15:00,15,8,7
2/27/17 16:00,39,36,3
2/27/17 17:00,52,49,3
2/27/17 18:00,43,35,8
2/27/17 19:00,9,9,0
2/27/17 20:00,7,4,3
2/27/17 21:00,2,1,1
2/27/17 22:00,0,0,0
2/27/17 23:00,1,0,1
2/28/17 0:00,0,0,0
2/28/17 1:00,1,1,0
2/28/17 2:00,0,0,0
2/28/17 3:00,0,0,0
2/28/17 4:00,2,1,1
2/28/17 5:00,5,1,4
2/28/17 6:00,30,4,26
2/28/17 7:00,58,0,58
2/28/17 8:00,84,10,74
2/28/17 9:00,30,5,25
2/28/17 10:00,20,7,13
2/28/17 11:00,6,1,5
2/28/17 12:00,11,2,9
2/28/17 13:00,9,4,5
2/28/17 14:00,17,7,10
2/28/17 15:00,19,12,7
2/28/17 16:00,48,45,3
2/28/17 17:00,75,67,8
2/28/17 18:00,57,51,6
2/28/17 19:00,24,21,3
2/28/17 20:00,10,9,1
2/28/17 21:00,4,2,2
2/28/17 22:00,7,4,3
2/28/17 23:00,1,1,0
3/1/17 0:00,1,0,1
3/1/17 1:00,3,1,2
3/1/17 2:00,1,1,0
3/1/17 3:00,1,1,0
3/1/17 4:00,3,1,2
3/1/17 5:00,11,0,11
3/1/17 6:00,46,6,40
3/1/17 7:00,85,9,76
3/1/17 8:00,104,10,94
3/1/17 9:00,36,5,31
3/1/17 10:00,14,4,10
3/1/17 11:00,14,5,9
3/1/17 12:00,6,2,4
3/1/17 13:00,16,10,6
3/1/17 14:00,15,8,7
3/1/17 15:00,28,20,8
3/1/17 16:00,54,43,11
3/1/17 17:00,99,93,6
3/1/17 18:00,76,62,14
3/1/17 19:00,29,24,5
3/1/17 20:00,13,8,5
3/1/17 21:00,8,5,3
3/1/17 22:00,4,2,2
3/1/17 23:00,4,4,0
3/2/17 0:00,2,1,1
3/2/17 1:00,3,2,1
3/2/17 2:00,3,3,0
3/2/17 3:00,1,0,1
3/2/17 4:00,2,0,2
3/2/17 5:00,7,0,7
3/2/17 6:00,36,6,30
3/2/17 7:00,85,5,80
3/2/17 8:00,81,11,70
3/2/17 9:00,36,3,33
3/2/17 10:00,17,2,15
3/2/17 11:00,12,4,8
3/2/17 12:00,7,5,2
3/2/17 13:00,12,4,8
3/2/17 14:00,10,4,6
3/2/17 15:00,18,13,5
3/2/17 16:00,49,41,8
3/2/17 17:00,82,71,11
3/2/17 18:00,53,50,3
3/2/17 19:00,10,7,3
3/2/17 20:00,12,9,3
3/2/17 21:00,9,6,3
3/2/17 22:00,5,4,1
3/2/17 23:00,3,3,0
3/3/17 0:00,2,1,1
3/3/17 1:00,2,1,1
3/3/17 2:00,3,0,3
3/3/17 3:00,4,3,1
3/3/17 4:00,4,2,2
3/3/17 5:00,5,1,4
3/3/17 6:00,31,9,22
3/3/17 7:00,62,9,53
3/3/17 8:00,63,3,60
3/3/17 9:00,32,3,29
3/3/17 10:00,10,4,6
3/3/17 11:00,7,1,6
3/3/17 12:00,7,4,3
3/3/17 13:00,3,1,2
3/3/17 14:00,10,8,2
3/3/17 15:00,12,12,0
3/3/17 16:00,40,36,4
3/3/17 17:00,46,39,7
3/3/17 18:00,36,30,6
3/3/17 19:00,13,11,2
3/3/17 20:00,6,6,0
3/3/17 21:00,1,1,0
3/3/17 22:00,3,1,2
3/3/17 23:00,0,0,0
3/4/17 0:00,2,1,1
3/4/17 1:00,2,2,0
3/4/17 2:00,0,0,0
3/4/17 3:00,0,0,0
3/4/17 4:00,2,0,2
3/4/17 5:00,2,0,2
3/4/17 6:00,3,0,3
3/4/17 7:00,17,3,14
3/4/17 8:00,23,6,17
3/4/17 9:00,26,13,13
3/4/17 10:00,40,19,21
3/4/17 11:00,40,18,22
3/4/17 12:00,36,18,18
3/4/17 13:00,63,33,30
3/4/17 14:00,35,22,13
3/4/17 15:00,40,29,11
3/4/17 16:00,20,9,11
3/4/17 17:00,22,14,8
3/4/17 18:00,9,6,3
3/4/17 19:00,8,6,2
3/4/17 20:00,2,2,0
3/4/17 21:00,0,0,0
3/4/17 22:00,0,0,0
3/4/17 23:00,5,3,2
3/5/17 0:00,0,0,0
3/5/17 1:00,3,1,2
3/5/17 2:00,1,0,1
3/5/17 3:00,3,0,3
3/5/17 4:00,4,1,3
3/5/17 5:00,3,0,3
3/5/17 6:00,1,0,1
3/5/17 7:00,3,2,1
3/5/17 8:00,10,0,10
3/5/17 9:00,8,5,3
3/5/17 10:00,22,5,17
3/5/17 11:00,12,7,5
3/5/17 12:00,23,13,10
3/5/17 13:00,12,8,4
3/5/17 14:00,10,5,5
3/5/17 15:00,9,7,2
3/5/17 16:00,8,1,7
3/5/17 17:00,3,2,1
3/5/17 18:00,2,1,1
3/5/17 19:00,1,1,0
3/5/17 20:00,2,1,1
3/5/17 21:00,2,1,1
3/5/17 22:00,1,0,1
3/5/17 23:00,3,2,1
3/6/17 0:00,0,0,0
3/6/17 1:00,1,1,0
3/6/17 2:00,2,1,1
3/6/17 3:00,1,1,0
3/6/17 4:00,4,1,3
3/6/17 5:00,17,5,12
3/6/17 6:00,37,5,32
3/6/17 7:00,86,7,79
3/6/17 8:00,80,12,68
3/6/17 9:00,40,4,36
3/6/17 10:00,19,5,14
3/6/17 11:00,9,1,8
3/6/17 12:00,14,5,9
3/6/17 13:00,10,5,5
3/6/17 14:00,8,5,3
3/6/17 15:00,27,18,9
3/6/17 16:00,58,48,10
3/6/17 17:00,103,91,12
3/6/17 18:00,57,47,10
3/6/17 19:00,18,15,3
3/6/17 20:00,10,8,2
3/6/17 21:00,5,5,0
3/6/17 22:00,4,2,2
3/6/17 23:00,0,0,0
3/7/17 0:00,0,0,0
3/7/17 1:00,0,0,0
3/7/17 2:00,1,1,0
3/7/17 3:00,2,1,1
3/7/17 4:00,3,1,2
3/7/17 5:00,9,3,6
3/7/17 6:00,29,3,26
3/7/17 7:00,76,7,69
3/7/17 8:00,64,3,61
3/7/17 9:00,26,3,23
3/7/17 10:00,5,0,5
3/7/17 11:00,5,3,2
3/7/17 12:00,4,1,3
3/7/17 13:00,9,3,6
3/7/17 14:00,4,3,1
3/7/17 15:00,13,9,4
3/7/17 16:00,44,37,7
3/7/17 17:00,69,62,7
3/7/17 18:00,59,54,5
3/7/17 19:00,15,14,1
3/7/17 20:00,10,8,2
3/7/17 21:00,2,2,0
3/7/17 22:00,2,2,0
3/7/17 23:00,0,0,0
3/8/17 0:00,3,1,2
3/8/17 1:00,2,2,0
3/8/17 2:00,0,0,0
3/8/17 3:00,1,0,1
3/8/17 4:00,7,2,5
3/8/17 5:00,15,2,13
3/8/17 6:00,36,6,30
3/8/17 7:00,83,10,73
3/8/17 8:00,97,4,93
3/8/17 9:00,30,3,27
3/8/17 10:00,12,3,9
3/8/17 11:00,9,3,6
3/8/17 12:00,5,4,1
3/8/17 13:00,12,6,6
3/8/17 14:00,19,9,10
3/8/17 15:00,21,14,7
3/8/17 16:00,43,35,8
3/8/17 17:00,83,75,8
3/8/17 18:00,59,51,8
3/8/17 19:00,21,19,2
3/8/17 20:00,12,10,2
3/8/17 21:00,7,4,3
3/8/17 22:00,2,1,1
3/8/17 23:00,0,0,0
3/9/17 0:00,2,1,1
3/9/17 1:00,0,0,0
3/9/17 2:00,0,0,0
3/9/17 3:00,1,0,1
3/9/17 4:00,2,0,2
3/9/17 5:00,8,2,6
3/9/17 6:00,33,4,29
3/9/17 7:00,69,5,64
3/9/17 8:00,69,1,68
3/9/17 9:00,22,3,19
3/9/17 10:00,12,1,11
3/9/17 11:00,5,4,1
3/9/17 12:00,6,3,3
3/9/17 13:00,6,3,3
3/9/17 14:00,2,0,2
3/9/17 15:00,13,10,3
3/9/17 16:00,55,44,11
3/9/17 17:00,72,67,5
3/9/17 18:00,48,43,5
3/9/17 19:00,25,19,6
3/9/17 20:00,3,1,2
3/9/17 21:00,6,6,0
3/9/17 22:00,3,2,1
3/9/17 23:00,3,3,0
3/10/17 0:00,2,1,1
3/10/17 1:00,2,0,2
3/10/17 2:00,4,4,0
3/10/17 3:00,1,1,0
3/10/17 4:00,1,0,1
3/10/17 5:00,9,3,6
3/10/17 6:00,25,3,22
3/10/17 7:00,57,7,50
3/10/17 8:00,60,4,56
3/10/17 9:00,22,4,18
3/10/17 10:00,10,2,8
3/10/17 11:00,12,2,10
3/10/17 12:00,8,3,5
3/10/17 13:00,10,7,3
3/10/17 14:00,22,9,13
3/10/17 15:00,21,12,9
3/10/17 16:00,43,35,8
3/10/17 17:00,56,51,5
3/10/17 18:00,40,37,3
3/10/17 19:00,24,21,3
3/10/17 20:00,8,5,3
3/10/17 21:00,7,5,2
3/10/17 22:00,1,0,1
3/10/17 23:00,5,1,4
3/11/17 0:00,4,2,2
3/11/17 1:00,0,0,0
3/11/17 2:00,1,0,1
3/11/17 3:00,2,1,1
3/11/17 4:00,1,0,1
3/11/17 5:00,2,1,1
3/11/17 6:00,4,0,4
3/11/17 7:00,12,3,9
3/11/17 8:00,12,5,7
3/11/17 9:00,8,6,2
3/11/17 10:00,6,1,5
3/11/17 11:00,4,2,2
3/11/17 12:00,3,2,1
3/11/17 13:00,3,1,2
3/11/17 14:00,6,3,3
3/11/17 15:00,10,7,3
3/11/17 16:00,11,8,3
3/11/17 17:00,13,7,6
3/11/17 18:00,9,6,3
3/11/17 19:00,5,2,3
3/11/17 20:00,4,3,1
3/11/17 21:00,1,1,0
3/11/17 22:00,1,1,0
3/11/17 23:00,0,0,0
3/12/17 0:00,1,1,0
3/12/17 1:00,1,0,1
3/12/17 2:00,,,
3/12/17 3:00,0,0,0
3/12/17 4:00,2,0,2
3/12/17 5:00,5,1,4
3/12/17 6:00,2,0,2
3/12/17 7:00,3,1,2
3/12/17 8:00,10,2,8
3/12/17 9:00,10,9,1
3/12/17 10:00,21,10,11
3/12/17 11:00,19,11,8
3/12/17 12:00,14,5,9
3/12/17 13:00,19,6,13
3/12/17 14:00,10,5,5
3/12/17 15:00,23,17,6
3/12/17 16:00,12,6,6
3/12/17 17:00,15,9,6
3/12/17 18:00,18,6,12
3/12/17 19:00,3,2,1
3/12/17 20:00,1,1,0
3/12/17 21:00,3,3,0
3/12/17 22:00,3,2,1
3/12/17 23:00,2,2,0
3/13/17 0:00,1,1,0
3/13/17 1:00,2,0,2
3/13/17 2:00,2,0,2
3/13/17 3:00,0,0,0
3/13/17 4:00,7,1,6
3/13/17 5:00,8,2,6
3/13/17 6:00,25,6,19
3/13/17 7:00,56,10,46
3/13/17 8:00,79,10,69
3/13/17 9:00,34,2,32
3/13/17 10:00,8,2,6
3/13/17 11:00,3,0,3
3/13/17 12:00,9,5,4
3/13/17 13:00,7,4,3
3/13/17 14:00,6,5,1
3/13/17 15:00,19,12,7
3/13/17 16:00,38,32,6
3/13/17 17:00,78,70,8
3/13/17 18:00,52,48,4
3/13/17 19:00,21,19,2
3/13/17 20:00,7,4,3
3/13/17 21:00,1,1,0
3/13/17 22:00,1,1,0
3/13/17 23:00,0,0,0
3/14/17 0:00,0,0,0
3/14/17 1:00,2,1,1
3/14/17 2:00,2,1,1
3/14/17 3:00,1,1,0
3/14/17 4:00,2,0,2
3/14/17 5:00,10,1,9
3/14/17 6:00,33,8,25
3/14/17 7:00,68,7,61
3/14/17 8:00,86,5,81
3/14/17 9:00,46,4,42
3/14/17 10:00,8,1,7
3/14/17 11:00,10,4,6
3/14/17 12:00,11,8,3
3/14/17 13:00,8,2,6
3/14/17 14:00,9,4,5
3/14/17 15:00,25,17,8
3/14/17 16:00,51,39,12
3/14/17 17:00,95,88,7
3/14/17 18:00,53,48,5
3/14/17 19:00,27,24,3
3/14/17 20:00,11,7,4
3/14/17 21:00,7,5,2
3/14/17 22:00,4,3,1
3/14/17 23:00,1,1,0
3/15/17 0:00,4,1,3
3/15/17 1:00,1,0,1
3/15/17 2:00,2,2,0
3/15/17 3:00,1,1,0
3/15/17 4:00,2,2,0
3/15/17 5:00,11,1,10
3/15/17 6:00,29,5,24
3/15/17 7:00,68,10,58
3/15/17 8:00,62,6,56
3/15/17 9:00,24,4,20
3/15/17 10:00,11,3,8
3/15/17 11:00,6,0,6
3/15/17 12:00,4,2,2
3/15/17 13:00,8,1,7
3/15/17 14:00,12,7,5
3/15/17 15:00,18,15,3
3/15/17 16:00,41,34,7
3/15/17 17:00,62,57,5
3/15/17 18:00,59,54,5
3/15/17 19:00,18,16,2
3/15/17 20:00,11,6,5
3/15/17 21:00,7,7,0
3/15/17 22:00,1,0,1
3/15/17 23:00,2,1,1
3/16/17 0:00,4,3,1
3/16/17 1:00,1,1,0
3/16/17 2:00,3,2,1
3/16/17 3:00,4,2,2
3/16/17 4:00,1,0,1
3/16/17 5:00,21,5,16
3/16/17 6:00,42,9,33
3/16/17 7:00,90,9,81
3/16/17 8:00,93,7,86
3/16/17 9:00,43,4,39
3/16/17 10:00,15,5,10
3/16/17 11:00,15,7,8
3/16/17 12:00,18,6,12
3/16/17 13:00,22,9,13
3/16/17 14:00,29,20,9
3/16/17 15:00,30,18,12
3/16/17 16:00,77,63,14
3/16/17 17:00,123,101,22
3/16/17 18:00,69,61,8
3/16/17 19:00,28,21,7
3/16/17 20:00,14,10,4
3/16/17 21:00,17,11,6
3/16/17 22:00,1,0,1
3/16/17 23:00,4,1,3
3/17/17 0:00,1,1,0
3/17/17 1:00,0,0,0
3/17/17 2:00,3,3,0
3/17/17 3:00,2,1,1
3/17/17 4:00,1,0,1
3/17/17 5:00,7,3,4
3/17/17 6:00,36,4,32
3/17/17 7:00,58,5,53
3/17/17 8:00,88,5,83
3/17/17 9:00,32,4,28
3/17/17 10:00,12,1,11
3/17/17 11:00,16,6,10
3/17/17 12:00,11,7,4
3/17/17 13:00,4,3,1
3/17/17 14:00,11,7,4
3/17/17 15:00,12,12,0
3/17/17 16:00,51,45,6
3/17/17 17:00,58,55,3
3/17/17 18:00,33,31,2
3/17/17 19:00,8,6,2
3/17/17 20:00,3,2,1
3/17/17 21:00,4,4,0
3/17/17 22:00,0,0,0
3/17/17 23:00,2,0,2
3/18/17 0:00,1,0,1
3/18/17 1:00,0,0,0
3/18/17 2:00,0,0,0
3/18/17 3:00,2,1,1
3/18/17 4:00,1,0,1
3/18/17 5:00,1,0,1
3/18/17 6:00,1,0,1
3/18/17 7:00,2,1,1
3/18/17 8:00,1,0,1
3/18/17 9:00,2,1,1
3/18/17 10:00,3,2,1
3/18/17 11:00,2,0,2
3/18/17 12:00,2,1,1
3/18/17 13:00,9,4,5
3/18/17 14:00,17,8,9
3/18/17 15:00,11,1,10
3/18/17 16:00,20,12,8
3/18/17 17:00,15,9,6
3/18/17 18:00,10,7,3
3/18/17 19:00,3,0,3
3/18/17 20:00,5,3,2
3/18/17 21:00,2,1,1
3/18/17 22:00,6,3,3
3/18/17 23:00,3,1,2
3/19/17 0:00,1,1,0
3/19/17 1:00,1,0,1
3/19/17 2:00,0,0,0
3/19/17 3:00,3,2,1
3/19/17 4:00,2,2,0
3/19/17 5:00,4,0,4
3/19/17 6:00,2,0,2
3/19/17 7:00,2,0,2
3/19/17 8:00,25,9,16
3/19/17 9:00,29,13,16
3/19/17 10:00,36,19,17
3/19/17 11:00,63,35,28
3/19/17 12:00,91,43,48
3/19/17 13:00,90,48,42
3/19/17 14:00,87,41,46
3/19/17 15:00,69,40,29
3/19/17 16:00,67,36,31
3/19/17 17:00,57,25,32
3/19/17 18:00,32,16,16
3/19/17 19:00,10,4,6
3/19/17 20:00,6,3,3
3/19/17 21:00,5,5,0
3/19/17 22:00,1,0,1
3/19/17 23:00,0,0,0
3/20/17 0:00,5,1,4
3/20/17 1:00,2,2,0
3/20/17 2:00,4,2,2
3/20/17 3:00,2,1,1
3/20/17 4:00,5,2,3
3/20/17 5:00,14,3,11
3/20/17 6:00,30,8,22
3/20/17 7:00,131,7,124
3/20/17 8:00,122,8,114
3/20/17 9:00,52,10,42
3/20/17 10:00,26,8,18
3/20/17 11:00,16,4,12
3/20/17 12:00,22,7,15
3/20/17 13:00,17,9,8
3/20/17 14:00,28,14,14
3/20/17 15:00,30,22,8
3/20/17 16:00,81,73,8
3/20/17 17:00,122,114,8
3/20/17 18:00,85,74,11
3/20/17 19:00,27,20,7
3/20/17 20:00,12,10,2
3/20/17 21:00,10,10,0
3/20/17 22:00,5,3,2
3/20/17 23:00,5,2,3
3/21/17 0:00,1,1,0
3/21/17 1:00,0,0,0
3/21/17 2:00,1,0,1
3/21/17 3:00,2,1,1
3/21/17 4:00,3,1,2
3/21/17 5:00,11,2,9
3/21/17 6:00,32,8,24
3/21/17 7:00,77,10,67
3/21/17 8:00,86,8,78
3/21/17 9:00,31,3,28
3/21/17 10:00,18,2,16
3/21/17 11:00,9,5,4
3/21/17 12:00,12,6,6
3/21/17 13:00,12,6,6
3/21/17 14:00,13,8,5
3/21/17 15:00,19,12,7
3/21/17 16:00,46,39,7
3/21/17 17:00,106,87,19
3/21/17 18:00,56,51,5
3/21/17 19:00,27,25,2
3/21/17 20:00,9,8,1
3/21/17 21:00,10,5,5
3/21/17 22:00,1,1,0
3/21/17 23:00,1,1,0
3/22/17 0:00,3,2,1
3/22/17 1:00,0,0,0
3/22/17 2:00,1,1,0
3/22/17 3:00,2,1,1
3/22/17 4:00,3,2,1
3/22/17 5:00,10,3,7
3/22/17 6:00,41,8,33
3/22/17 7:00,101,7,94
3/22/17 8:00,96,12,84
3/22/17 9:00,39,6,33
3/22/17 10:00,18,2,16
3/22/17 11:00,18,7,11
3/22/17 12:00,7,5,2
3/22/17 13:00,11,4,7
3/22/17 14:00,27,17,10
3/22/17 15:00,27,20,7
3/22/17 16:00,58,45,13
3/22/17 17:00,101,94,7
3/22/17 18:00,76,69,7
3/22/17 19:00,28,21,7
3/22/17 20:00,18,13,5
3/22/17 21:00,10,9,1
3/22/17 22:00,3,2,1
3/22/17 23:00,1,1,0
3/23/17 0:00,3,1,2
3/23/17 1:00,0,0,0
3/23/17 2:00,1,1,0
3/23/17 3:00,5,2,3
3/23/17 4:00,0,0,0
3/23/17 5:00,22,6,16
3/23/17 6:00,50,7,43
3/23/17 7:00,103,8,95
3/23/17 8:00,105,14,91
3/23/17 9:00,40,5,35
3/23/17 10:00,21,7,14
3/23/17 11:00,22,8,14
3/23/17 12:00,22,14,8
3/23/17 13:00,28,9,19
3/23/17 14:00,20,10,10
3/23/17 15:00,35,25,10
3/23/17 16:00,85,63,22
3/23/17 17:00,133,116,17
3/23/17 18:00,66,57,9
3/23/17 19:00,19,16,3
3/23/17 20:00,11,8,3
3/23/17 21:00,7,5,2
3/23/17 22:00,6,3,3
3/23/17 23:00,1,0,1
3/24/17 0:00,1,0,1
3/24/17 1:00,0,0,0
3/24/17 2:00,1,1,0
3/24/17 3:00,3,1,2
3/24/17 4:00,1,1,0
3/24/17 5:00,10,2,8
3/24/17 6:00,26,6,20
3/24/17 7:00,50,7,43
3/24/17 8:00,53,4,49
3/24/17 9:00,28,3,25
3/24/17 10:00,6,2,4
3/24/17 11:00,8,2,6
3/24/17 12:00,5,3,2
3/24/17 13:00,10,5,5
3/24/17 14:00,9,6,3
3/24/17 15:00,23,16,7
3/24/17 16:00,38,33,5
3/24/17 17:00,59,51,8
3/24/17 18:00,41,31,10
3/24/17 19:00,12,11,1
3/24/17 20:00,6,2,4
3/24/17 21:00,4,2,2
3/24/17 22:00,2,2,0
3/24/17 23:00,5,3,2
3/25/17 0:00,0,0,0
3/25/17 1:00,1,1,0
3/25/17 2:00,1,1,0
3/25/17 3:00,1,0,1
3/25/17 4:00,2,1,1
3/25/17 5:00,4,1,3
3/25/17 6:00,5,1,4
3/25/17 7:00,10,3,7
3/25/17 8:00,15,9,6
3/25/17 9:00,28,16,12
3/25/17 10:00,38,19,19
3/25/17 11:00,40,23,17
3/25/17 12:00,66,32,34
3/25/17 13:00,55,22,33
3/25/17 14:00,45,24,21
3/25/17 15:00,66,36,30
3/25/17 16:00,39,23,16
3/25/17 17:00,33,17,16
3/25/17 18:00,22,11,11
3/25/17 19:00,13,10,3
3/25/17 20:00,6,4,2
3/25/17 21:00,3,2,1
3/25/17 22:00,3,1,2
3/25/17 23:00,2,0,2
3/26/17 0:00,0,0,0
3/26/17 1:00,3,1,2
3/26/17 2:00,3,2,1
3/26/17 3:00,3,2,1
3/26/17 4:00,1,1,0
3/26/17 5:00,4,0,4
3/26/17 6:00,2,0,2
3/26/17 7:00,3,0,3
3/26/17 8:00,8,2,6
3/26/17 9:00,8,3,5
3/26/17 10:00,8,6,2
3/26/17 11:00,6,2,4
3/26/17 12:00,5,3,2
3/26/17 13:00,10,4,6
3/26/17 14:00,10,9,1
3/26/17 15:00,12,4,8
3/26/17 16:00,8,4,4
3/26/17 17:00,7,5,2
3/26/17 18:00,5,3,2
3/26/17 19:00,3,2,1
3/26/17 20:00,2,2,0
3/26/17 21:00,3,1,2
3/26/17 22:00,2,1,1
3/26/17 23:00,2,1,1
3/27/17 0:00,2,1,1
3/27/17 1:00,0,0,0
3/27/17 2:00,0,0,0
3/27/17 3:00,0,0,0
3/27/17 4:00,7,0,7
3/27/17 5:00,15,2,13
3/27/17 6:00,38,6,32
3/27/17 7:00,93,8,85
3/27/17 8:00,110,8,102
3/27/17 9:00,38,5,33
3/27/17 10:00,8,2,6
3/27/17 11:00,7,1,6
3/27/17 12:00,11,5,6
3/27/17 13:00,18,7,11
3/27/17 14:00,6,2,4
3/27/17 15:00,30,26,4
3/27/17 16:00,57,50,7
3/27/17 17:00,97,83,14
3/27/17 18:00,81,72,9
3/27/17 19:00,23,20,3
3/27/17 20:00,6,4,2
3/27/17 21:00,3,3,0
3/27/17 22:00,1,1,0
3/27/17 23:00,0,0,0
3/28/17 0:00,1,1,0
3/28/17 1:00,0,0,0
3/28/17 2:00,1,0,1
3/28/17 3:00,2,1,1
3/28/17 4:00,2,0,2
3/28/17 5:00,20,3,17
3/28/17 6:00,42,10,32
3/28/17 7:00,88,9,79
3/28/17 8:00,81,8,73
3/28/17 9:00,33,4,29
3/28/17 10:00,9,2,7
3/28/17 11:00,9,2,7
3/28/17 12:00,7,5,2
3/28/17 13:00,4,2,2
3/28/17 14:00,15,12,3
3/28/17 15:00,22,12,10
3/28/17 16:00,50,44,6
3/28/17 17:00,94,83,11
3/28/17 18:00,67,58,9
3/28/17 19:00,33,23,10
3/28/17 20:00,10,9,1
3/28/17 21:00,4,3,1
3/28/17 22:00,3,3,0
3/28/17 23:00,3,2,1
3/29/17 0:00,3,0,3
3/29/17 1:00,3,3,0
3/29/17 2:00,0,0,0
3/29/17 3:00,4,3,1
3/29/17 4:00,3,2,1
3/29/17 5:00,7,1,6
3/29/17 6:00,32,5,27
3/29/17 7:00,73,6,67
3/29/17 8:00,83,7,76
3/29/17 9:00,29,2,27
3/29/17 10:00,11,0,11
3/29/17 11:00,12,4,8
3/29/17 12:00,6,4,2
3/29/17 13:00,6,1,5
3/29/17 14:00,8,6,2
3/29/17 15:00,27,21,6
3/29/17 16:00,45,36,9
3/29/17 17:00,73,62,11
3/29/17 18:00,65,57,8
3/29/17 19:00,36,33,3
3/29/17 20:00,13,12,1
3/29/17 21:00,5,5,0
3/29/17 22:00,7,4,3
3/29/17 23:00,4,1,3
3/30/17 0:00,1,0,1
3/30/17 1:00,4,2,2
3/30/17 2:00,1,1,0
3/30/17 3:00,0,0,0
3/30/17 4:00,2,0,2
3/30/17 5:00,16,3,13
3/30/17 6:00,56,8,48
3/30/17 7:00,96,10,86
3/30/17 8:00,111,13,98
3/30/17 9:00,55,7,48
3/30/17 10:00,28,11,17
3/30/17 11:00,18,6,12
3/30/17 12:00,21,11,10
3/30/17 13:00,21,9,12
3/30/17 14:00,29,10,19
3/30/17 15:00,37,23,14
3/30/17 16:00,73,62,11
3/30/17 17:00,120,103,17
3/30/17 18:00,82,74,8
3/30/17 19:00,34,25,9
3/30/17 20:00,9,9,0
3/30/17 21:00,10,6,4
3/30/17 22:00,3,0,3
3/30/17 23:00,2,2,0
3/31/17 0:00,6,3,3
3/31/17 1:00,5,2,3
3/31/17 2:00,5,2,3
3/31/17 3:00,0,0,0
3/31/17 4:00,3,2,1
3/31/17 5:00,15,6,9
3/31/17 6:00,44,8,36
3/31/17 7:00,107,14,93
3/31/17 8:00,105,18,87
3/31/17 9:00,52,9,43
3/31/17 10:00,19,8,11
3/31/17 11:00,19,4,15
3/31/17 12:00,17,5,12
3/31/17 13:00,30,12,18
3/31/17 14:00,19,15,4
3/31/17 15:00,51,39,12
3/31/17 16:00,84,67,17
3/31/17 17:00,111,88,23
3/31/17 18:00,72,62,10
3/31/17 19:00,22,15,7
3/31/17 20:00,6,4,2
3/31/17 21:00,16,11,5
3/31/17 22:00,9,7,2
3/31/17 23:00,4,1,3
4/1/17 0:00,3,3,0
4/1/17 1:00,3,1,2
4/1/17 2:00,7,5,2
4/1/17 3:00,1,0,1
4/1/17 4:00,1,1,0
4/1/17 5:00,4,1,3
4/1/17 6:00,6,1,5
4/1/17 7:00,3,0,3
4/1/17 8:00,6,4,2
4/1/17 9:00,14,8,6
4/1/17 10:00,14,3,11
4/1/17 11:00,11,7,4
4/1/17 12:00,27,18,9
4/1/17 13:00,24,12,12
4/1/17 14:00,25,11,14
4/1/17 15:00,19,10,9
4/1/17 16:00,35,22,13
4/1/17 17:00,20,12,8
4/1/17 18:00,11,8,3
4/1/17 19:00,11,4,7
4/1/17 20:00,5,3,2
4/1/17 21:00,2,0,2
4/1/17 22:00,2,2,0
4/1/17 23:00,2,2,0
4/2/17 0:00,1,1,0
4/2/17 1:00,1,1,0
4/2/17 2:00,1,1,0
4/2/17 3:00,0,0,0
4/2/17 4:00,1,1,0
4/2/17 5:00,4,1,3
4/2/17 6:00,4,2,2
4/2/17 7:00,7,3,4
4/2/17 8:00,19,5,14
4/2/17 9:00,25,4,21
4/2/17 10:00,37,18,19
4/2/17 11:00,46,28,18
4/2/17 12:00,49,30,19
4/2/17 13:00,52,28,24
4/2/17 14:00,48,26,22
4/2/17 15:00,31,18,13
4/2/17 16:00,40,14,26
4/2/17 17:00,11,8,3
4/2/17 18:00,19,10,9
4/2/17 19:00,6,5,1
4/2/17 20:00,4,1,3
4/2/17 21:00,2,2,0
4/2/17 22:00,3,2,1
4/2/17 23:00,2,1,1
4/3/17 0:00,0,0,0
4/3/17 1:00,0,0,0
4/3/17 2:00,2,2,0
4/3/17 3:00,1,1,0
4/3/17 4:00,4,1,3
4/3/17 5:00,22,6,16
4/3/17 6:00,60,11,49
4/3/17 7:00,130,13,117
4/3/17 8:00,131,14,117
4/3/17 9:00,43,9,34
4/3/17 10:00,22,6,16
4/3/17 11:00,24,8,16
4/3/17 12:00,22,9,13
4/3/17 13:00,35,19,16
4/3/17 14:00,32,20,12
4/3/17 15:00,53,41,12
4/3/17 16:00,100,67,33
4/3/17 17:00,146,124,22
4/3/17 18:00,88,76,12
4/3/17 19:00,43,35,8
4/3/17 20:00,23,11,12
4/3/17 21:00,6,6,0
4/3/17 22:00,4,3,1
4/3/17 23:00,3,2,1
4/4/17 0:00,0,0,0
4/4/17 1:00,1,0,1
4/4/17 2:00,1,1,0
4/4/17 3:00,2,2,0
4/4/17 4:00,7,3,4
4/4/17 5:00,21,9,12
4/4/17 6:00,59,9,50
4/4/17 7:00,135,9,126
4/4/17 8:00,140,17,123
4/4/17 9:00,41,8,33
4/4/17 10:00,18,6,12
4/4/17 11:00,17,2,15
4/4/17 12:00,28,12,16
4/4/17 13:00,19,5,14
4/4/17 14:00,31,23,8
4/4/17 15:00,42,33,9
4/4/17 16:00,90,76,14
4/4/17 17:00,166,142,24
4/4/17 18:00,87,72,15
4/4/17 19:00,23,20,3
4/4/17 20:00,12,12,0
4/4/17 21:00,8,6,2
4/4/17 22:00,4,3,1
4/4/17 23:00,5,5,0
4/5/17 0:00,3,2,1
4/5/17 1:00,0,0,0
4/5/17 2:00,0,0,0
4/5/17 3:00,1,1,0
4/5/17 4:00,4,1,3
4/5/17 5:00,14,3,11
4/5/17 6:00,32,4,28
4/5/17 7:00,63,9,54
4/5/17 8:00,70,9,61
4/5/17 9:00,14,0,14
4/5/17 10:00,7,2,5
4/5/17 11:00,7,0,7
4/5/17 12:00,6,2,4
4/5/17 13:00,4,2,2
4/5/17 14:00,9,3,6
4/5/17 15:00,13,11,2
4/5/17 16:00,48,38,10
4/5/17 17:00,77,70,7
4/5/17 18:00,51,46,5
4/5/17 19:00,19,17,2
4/5/17 20:00,10,9,1
4/5/17 21:00,7,7,0
4/5/17 22:00,4,4,0
4/5/17 23:00,4,3,1
4/6/17 0:00,1,0,1
4/6/17 1:00,3,2,1
4/6/17 2:00,0,0,0
4/6/17 3:00,1,0,1
4/6/17 4:00,1,0,1
4/6/17 5:00,16,6,10
4/6/17 6:00,32,6,26
4/6/17 7:00,77,6,71
4/6/17 8:00,76,9,67
4/6/17 9:00,22,1,21
4/6/17 10:00,8,2,6
4/6/17 11:00,5,3,2
4/6/17 12:00,8,2,6
4/6/17 13:00,14,8,6
4/6/17 14:00,15,6,9
4/6/17 15:00,32,20,12
4/6/17 16:00,69,58,11
4/6/17 17:00,113,83,30
4/6/17 18:00,72,64,8
4/6/17 19:00,29,17,12
4/6/17 20:00,51,47,4
4/6/17 21:00,19,7,12
4/6/17 22:00,18,7,11
4/6/17 23:00,2,0,2
4/7/17 0:00,5,2,3
4/7/17 1:00,0,0,0
4/7/17 2:00,0,0,0
4/7/17 3:00,0,0,0
4/7/17 4:00,0,0,0
4/7/17 5:00,7,3,4
4/7/17 6:00,27,3,24
4/7/17 7:00,73,11,62
4/7/17 8:00,64,5,59
4/7/17 9:00,21,3,18
4/7/17 10:00,10,3,7
4/7/17 11:00,11,0,11
4/7/17 12:00,5,5,0
4/7/17 13:00,9,6,3
4/7/17 14:00,17,10,7
4/7/17 15:00,16,10,6
4/7/17 16:00,41,34,7
4/7/17 17:00,54,43,11
4/7/17 18:00,31,26,5
4/7/17 19:00,12,5,7
4/7/17 20:00,7,7,0
4/7/17 21:00,3,1,2
4/7/17 22:00,2,0,2
4/7/17 23:00,3,3,0
4/8/17 0:00,2,2,0
4/8/17 1:00,4,3,1
4/8/17 2:00,1,1,0
4/8/17 3:00,0,0,0
4/8/17 4:00,1,1,0
4/8/17 5:00,3,0,3
4/8/17 6:00,3,0,3
4/8/17 7:00,8,3,5
4/8/17 8:00,17,3,14
4/8/17 9:00,21,12,9
4/8/17 10:00,34,16,18
4/8/17 11:00,23,10,13
4/8/17 12:00,20,10,10
4/8/17 13:00,23,14,9
4/8/17 14:00,16,7,9
4/8/17 15:00,19,8,11
4/8/17 16:00,24,17,7
4/8/17 17:00,11,6,5
4/8/17 18:00,12,8,4
4/8/17 19:00,5,2,3
4/8/17 20:00,9,5,4
4/8/17 21:00,4,4,0
4/8/17 22:00,2,1,1
4/8/17 23:00,0,0,0
4/9/17 0:00,3,1,2
4/9/17 1:00,3,2,1
4/9/17 2:00,1,1,0
4/9/17 3:00,0,0,0
4/9/17 4:00,1,1,0
4/9/17 5:00,3,1,2
4/9/17 6:00,4,0,4
4/9/17 7:00,5,2,3
4/9/17 8:00,30,13,17
4/9/17 9:00,31,11,20
4/9/17 10:00,59,32,27
4/9/17 11:00,65,45,20
4/9/17 12:00,65,28,37
4/9/17 13:00,82,60,22
4/9/17 14:00,53,26,27
4/9/17 15:00,81,38,43
4/9/17 16:00,61,22,39
4/9/17 17:00,37,17,20
4/9/17 18:00,26,14,12
4/9/17 19:00,16,7,9
4/9/17 20:00,7,3,4
4/9/17 21:00,4,3,1
4/9/17 22:00,3,1,2
4/9/17 23:00,5,4,1
4/10/17 0:00,0,0,0
4/10/17 1:00,0,0,0
4/10/17 2:00,0,0,0
4/10/17 3:00,2,2,0
4/10/17 4:00,3,0,3
4/10/17 5:00,12,3,9
4/10/17 6:00,35,8,27
4/10/17 7:00,85,8,77
4/10/17 8:00,100,7,93
4/10/17 9:00,42,8,34
4/10/17 10:00,21,7,14
4/10/17 11:00,17,6,11
4/10/17 12:00,10,5,5
4/10/17 13:00,9,4,5
4/10/17 14:00,14,8,6
4/10/17 15:00,28,17,11
4/10/17 16:00,47,41,6
4/10/17 17:00,106,96,10
4/10/17 18:00,62,57,5
4/10/17 19:00,24,19,5
4/10/17 20:00,12,7,5
4/10/17 21:00,3,2,1
4/10/17 22:00,0,0,0
4/10/17 23:00,0,0,0
4/11/17 0:00,0,0,0
4/11/17 1:00,2,2,0
4/11/17 2:00,1,1,0
4/11/17 3:00,2,2,0
4/11/17 4:00,6,1,5
4/11/17 5:00,21,3,18
4/11/17 6:00,58,7,51
4/11/17 7:00,133,9,124
4/11/17 8:00,120,11,109
4/11/17 9:00,69,16,53
4/11/17 10:00,25,11,14
4/11/17 11:00,18,9,9
4/11/17 12:00,20,8,12
4/11/17 13:00,35,18,17
4/11/17 14:00,28,15,13
4/11/17 15:00,45,32,13
4/11/17 16:00,78,60,18
4/11/17 17:00,152,137,15
4/11/17 18:00,107,93,14
4/11/17 19:00,39,25,14
4/11/17 20:00,19,18,1
4/11/17 21:00,10,8,2
4/11/17 22:00,6,3,3
4/11/17 23:00,5,4,1
4/12/17 0:00,2,1,1
4/12/17 1:00,1,0,1
4/12/17 2:00,0,0,0
4/12/17 3:00,1,1,0
4/12/17 4:00,3,0,3
4/12/17 5:00,12,4,8
4/12/17 6:00,20,4,16
4/12/17 7:00,66,6,60
4/12/17 8:00,57,1,56
4/12/17 9:00,25,5,20
4/12/17 10:00,6,1,5
4/12/17 11:00,4,1,3
4/12/17 12:00,5,1,4
4/12/17 13:00,7,1,6
4/12/17 14:00,15,11,4
4/12/17 15:00,15,12,3
4/12/17 16:00,33,25,8
4/12/17 17:00,94,77,17
4/12/17 18:00,64,55,9
4/12/17 19:00,19,15,4
4/12/17 20:00,12,8,4
4/12/17 21:00,5,5,0
4/12/17 22:00,3,2,1
4/12/17 23:00,1,1,0
4/13/17 0:00,2,2,0
4/13/17 1:00,1,0,1
4/13/17 2:00,1,1,0
4/13/17 3:00,1,1,0
4/13/17 4:00,3,0,3
4/13/17 5:00,18,5,13
4/13/17 6:00,35,7,28
4/13/17 7:00,99,11,88
4/13/17 8:00,97,7,90
4/13/17 9:00,40,4,36
4/13/17 10:00,15,3,12
4/13/17 11:00,10,3,7
4/13/17 12:00,12,7,5
4/13/17 13:00,15,5,10
4/13/17 14:00,16,9,7
4/13/17 15:00,32,26,6
4/13/17 16:00,44,37,7
4/13/17 17:00,105,96,9
4/13/17 18:00,63,57,6
4/13/17 19:00,27,22,5
4/13/17 20:00,14,13,1
4/13/17 21:00,13,8,5
4/13/17 22:00,5,3,2
4/13/17 23:00,3,1,2
4/14/17 0:00,1,1,0
4/14/17 1:00,0,0,0
4/14/17 2:00,0,0,0
4/14/17 3:00,0,0,0
4/14/17 4:00,2,0,2
4/14/17 5:00,11,2,9
4/14/17 6:00,28,5,23
4/14/17 7:00,76,8,68
4/14/17 8:00,63,7,56
4/14/17 9:00,24,1,23
4/14/17 10:00,9,2,7
4/14/17 11:00,13,6,7
4/14/17 12:00,20,6,14
4/14/17 13:00,13,8,5
4/14/17 14:00,14,12,2
4/14/17 15:00,34,19,15
4/14/17 16:00,49,36,13
4/14/17 17:00,76,64,12
4/14/17 18:00,32,28,4
4/14/17 19:00,24,14,10
4/14/17 20:00,5,3,2
4/14/17 21:00,5,3,2
4/14/17 22:00,2,1,1
4/14/17 23:00,3,2,1
4/15/17 0:00,3,3,0
4/15/17 1:00,0,0,0
4/15/17 2:00,0,0,0
4/15/17 3:00,0,0,0
4/15/17 4:00,1,1,0
4/15/17 5:00,4,3,1
4/15/17 6:00,5,2,3
4/15/17 7:00,21,7,14
4/15/17 8:00,21,7,14
4/15/17 9:00,48,36,12
4/15/17 10:00,44,15,29
4/15/17 11:00,61,28,33
4/15/17 12:00,45,24,21
4/15/17 13:00,59,23,36
4/15/17 14:00,51,21,30
4/15/17 15:00,36,20,16
4/15/17 16:00,66,35,31
4/15/17 17:00,28,14,14
4/15/17 18:00,30,16,14
4/15/17 19:00,8,3,5
4/15/17 20:00,7,5,2
4/15/17 21:00,12,9,3
4/15/17 22:00,4,3,1
4/15/17 23:00,3,2,1
4/16/17 0:00,3,2,1
4/16/17 1:00,1,0,1
4/16/17 2:00,0,0,0
4/16/17 3:00,0,0,0
4/16/17 4:00,2,1,1
4/16/17 5:00,3,2,1
4/16/17 6:00,10,3,7
4/16/17 7:00,7,2,5
4/16/17 8:00,25,8,17
4/16/17 9:00,40,12,28
4/16/17 10:00,35,19,16
4/16/17 11:00,58,34,24
4/16/17 12:00,43,23,20
4/16/17 13:00,64,26,38
4/16/17 14:00,57,36,21
4/16/17 15:00,50,23,27
4/16/17 16:00,46,29,17
4/16/17 17:00,41,23,18
4/16/17 18:00,19,6,13
4/16/17 19:00,10,4,6
4/16/17 20:00,14,5,9
4/16/17 21:00,1,1,0
4/16/17 22:00,3,0,3
4/16/17 23:00,4,3,1
4/17/17 0:00,2,1,1
4/17/17 1:00,4,1,3
4/17/17 2:00,1,1,0
4/17/17 3:00,1,1,0
4/17/17 4:00,7,1,6
4/17/17 5:00,18,4,14
4/17/17 6:00,48,9,39
4/17/17 7:00,111,12,99
4/17/17 8:00,98,8,90
4/17/17 9:00,49,12,37
4/17/17 10:00,29,8,21
4/17/17 11:00,17,9,8
4/17/17 12:00,19,9,10
4/17/17 13:00,20,6,14
4/17/17 14:00,22,9,13
4/17/17 15:00,31,20,11
4/17/17 16:00,56,51,5
4/17/17 17:00,113,102,11
4/17/17 18:00,63,59,4
4/17/17 19:00,19,18,1
4/17/17 20:00,9,7,2
4/17/17 21:00,5,5,0
4/17/17 22:00,5,5,0
4/17/17 23:00,2,0,2
4/18/17 0:00,1,0,1
4/18/17 1:00,1,1,0
4/18/17 2:00,1,1,0
4/18/17 3:00,2,2,0
4/18/17 4:00,5,1,4
4/18/17 5:00,19,3,16
4/18/17 6:00,49,9,40
4/18/17 7:00,97,14,83
4/18/17 8:00,92,6,86
4/18/17 9:00,36,5,31
4/18/17 10:00,10,3,7
4/18/17 11:00,10,2,8
4/18/17 12:00,13,6,7
4/18/17 13:00,13,6,7
4/18/17 14:00,22,16,6
4/18/17 15:00,30,23,7
4/18/17 16:00,68,55,13
4/18/17 17:00,107,94,13
4/18/17 18:00,74,64,10
4/18/17 19:00,41,31,10
4/18/17 20:00,13,11,2
4/18/17 21:00,8,5,3
4/18/17 22:00,8,6,2
4/18/17 23:00,4,4,0
4/19/17 0:00,2,1,1
4/19/17 1:00,1,1,0
4/19/17 2:00,2,1,1
4/19/17 3:00,2,1,1
4/19/17 4:00,9,1,8
4/19/17 5:00,19,5,14
4/19/17 6:00,55,8,47
4/19/17 7:00,114,15,99
4/19/17 8:00,81,5,76
4/19/17 9:00,53,10,43
4/19/17 10:00,17,5,12
4/19/17 11:00,4,1,3
4/19/17 12:00,9,5,4
4/19/17 13:00,7,4,3
4/19/17 14:00,6,3,3
4/19/17 15:00,28,25,3
4/19/17 16:00,76,61,15
4/19/17 17:00,108,96,12
4/19/17 18:00,71,62,9
4/19/17 19:00,39,29,10
4/19/17 20:00,16,11,5
4/19/17 21:00,6,4,2
4/19/17 22:00,2,1,1
4/19/17 23:00,2,2,0
4/20/17 0:00,1,0,1
4/20/17 1:00,0,0,0
4/20/17 2:00,2,2,0
4/20/17 3:00,2,2,0
4/20/17 4:00,2,0,2
4/20/17 5:00,16,3,13
4/20/17 6:00,59,12,47
4/20/17 7:00,108,19,89
4/20/17 8:00,93,9,84
4/20/17 9:00,42,9,33
4/20/17 10:00,17,6,11
4/20/17 11:00,12,3,9
4/20/17 12:00,13,8,5
6/1/17 18:00,102,91,11
6/1/17 19:00,102,87,15
6/1/17 20:00,31,24,7
6/1/17 21:00,12,8,4
6/1/17 22:00,16,10,6
6/1/17 23:00,4,3,1
6/2/17 0:00,3,1,2
6/2/17 1:00,4,3,1
6/2/17 2:00,2,1,1
6/2/17 3:00,0,0,0
6/2/17 4:00,7,1,6
6/2/17 5:00,13,3,10
6/2/17 6:00,72,13,59
6/2/17 7:00,144,15,129
6/2/17 8:00,127,12,115
6/2/17 9:00,62,13,49
6/2/17 10:00,39,9,30
6/2/17 11:00,34,15,19
6/2/17 12:00,20,9,11
6/2/17 13:00,23,15,8
6/2/17 14:00,44,32,12
6/2/17 15:00,70,39,31
6/2/17 16:00,135,116,19
6/2/17 17:00,156,121,35
6/2/17 18:00,108,81,27
6/2/17 19:00,44,23,21
6/2/17 20:00,32,26,6
6/2/17 21:00,12,10,2
6/2/17 22:00,11,7,4
6/2/17 23:00,3,2,1
6/3/17 0:00,10,7,3
6/3/17 1:00,2,0,2
6/3/17 2:00,3,3,0
6/3/17 3:00,0,0,0
6/3/17 4:00,0,0,0
6/3/17 5:00,6,2,4
6/3/17 6:00,14,4,10
6/3/17 7:00,19,7,12
6/3/17 8:00,27,14,13
6/3/17 9:00,41,18,23
6/3/17 10:00,60,29,31
6/3/17 11:00,73,41,32
6/3/17 12:00,56,28,28
6/3/17 13:00,60,33,27
6/3/17 14:00,61,20,41
6/3/17 15:00,50,26,24
6/3/17 16:00,43,25,18
6/3/17 17:00,50,28,22
6/3/17 18:00,35,22,13
6/3/17 19:00,23,10,13
6/3/17 20:00,22,12,10
6/3/17 21:00,7,4,3
6/3/17 22:00,14,10,4
6/3/17 23:00,2,0,2
6/4/17 0:00,4,3,1
6/4/17 1:00,1,0,1
6/4/17 2:00,3,1,2
6/4/17 3:00,0,0,0
6/4/17 4:00,1,1,0
6/4/17 5:00,4,1,3
6/4/17 6:00,13,6,7
6/4/17 7:00,16,5,11
6/4/17 8:00,38,13,25
6/4/17 9:00,85,67,18
6/4/17 10:00,95,45,50
6/4/17 11:00,65,36,29
6/4/17 12:00,70,34,36
6/4/17 13:00,92,35,57
6/4/17 14:00,71,33,38
4/20/17 13:00,20,5,15
4/20/17 14:00,21,15,6
4/20/17 15:00,38,25,13
4/20/17 16:00,67,51,16
4/20/17 17:00,118,101,17
4/20/17 18:00,83,68,15
4/20/17 19:00,65,57,8
4/20/17 20:00,19,14,5
4/20/17 21:00,20,11,9
4/20/17 22:00,13,7,6
4/20/17 23:00,23,5,18
4/21/17 0:00,2,0,2
4/21/17 1:00,2,1,1
4/21/17 2:00,2,2,0
4/21/17 3:00,1,1,0
4/21/17 4:00,1,0,1
4/21/17 5:00,28,9,19
4/21/17 6:00,66,13,53
4/21/17 7:00,143,18,125
4/21/17 8:00,118,21,97
4/21/17 9:00,62,11,51
4/21/17 10:00,38,13,25
4/21/17 11:00,25,10,15
4/21/17 12:00,49,23,26
4/21/17 13:00,32,17,15
4/21/17 14:00,62,38,24
4/21/17 15:00,94,68,26
4/21/17 16:00,160,123,37
4/21/17 17:00,151,119,32
4/21/17 18:00,95,79,16
4/21/17 19:00,32,21,11
4/21/17 20:00,13,7,6
4/21/17 21:00,13,10,3
4/21/17 22:00,1,0,1
4/21/17 23:00,4,3,1
4/22/17 0:00,4,3,1
4/22/17 1:00,4,2,2
4/22/17 2:00,5,3,2
4/22/17 3:00,2,1,1
4/22/17 4:00,4,2,2
4/22/17 5:00,7,2,5
4/22/17 6:00,16,2,14
4/22/17 7:00,26,9,17
4/22/17 8:00,28,23,5
4/22/17 9:00,29,15,14
4/22/17 10:00,43,24,19
4/22/17 11:00,20,4,16
4/22/17 12:00,13,6,7
4/22/17 13:00,21,7,14
4/22/17 14:00,26,11,15
4/22/17 15:00,15,10,5
4/22/17 16:00,18,12,6
4/22/17 17:00,14,9,5
4/22/17 18:00,10,7,3
4/22/17 19:00,2,2,0
4/22/17 20:00,2,1,1
4/22/17 21:00,7,5,2
4/22/17 22:00,5,3,2
4/22/17 23:00,0,0,0
4/23/17 0:00,3,3,0
4/23/17 1:00,3,1,2
4/23/17 2:00,2,0,2
4/23/17 3:00,1,1,0
4/23/17 4:00,1,1,0
4/23/17 5:00,4,0,4
4/23/17 6:00,5,3,2
4/23/17 7:00,20,5,15
4/23/17 8:00,30,8,22
4/23/17 9:00,27,14,13
4/23/17 10:00,24,16,8
4/23/17 11:00,19,15,4
4/23/17 12:00,24,19,5
4/23/17 13:00,17,7,10
4/23/17 14:00,21,6,15
4/23/17 15:00,13,8,5
4/23/17 16:00,11,4,7
4/23/17 17:00,7,2,5
4/23/17 18:00,7,4,3
4/23/17 19:00,5,2,3
4/23/17 20:00,4,1,3
4/23/17 21:00,2,2,0
4/23/17 22:00,3,2,1
4/23/17 23:00,0,0,0
4/24/17 0:00,1,0,1
4/24/17 1:00,1,0,1
4/24/17 2:00,0,0,0
4/24/17 3:00,1,1,0
4/24/17 4:00,2,1,1
4/24/17 5:00,16,3,13
4/24/17 6:00,37,9,28
4/24/17 7:00,123,12,111
4/24/17 8:00,106,12,94
4/24/17 9:00,32,4,28
4/24/17 10:00,20,4,16
4/24/17 11:00,10,3,7
4/24/17 12:00,23,10,13
4/24/17 13:00,7,4,3
4/24/17 14:00,19,10,9
4/24/17 15:00,26,16,10
4/24/17 16:00,86,68,18
4/24/17 17:00,135,115,20
4/24/17 18:00,99,84,15
4/24/17 19:00,29,22,7
4/24/17 20:00,21,12,9
4/24/17 21:00,10,6,4
4/24/17 22:00,4,1,3
4/24/17 23:00,3,2,1
4/25/17 0:00,1,1,0
4/25/17 1:00,0,0,0
4/25/17 2:00,4,3,1
4/25/17 3:00,2,2,0
4/25/17 4:00,3,1,2
4/25/17 5:00,25,5,20
4/25/17 6:00,82,16,66
4/25/17 7:00,135,18,117
4/25/17 8:00,109,11,98
4/25/17 9:00,53,13,40
4/25/17 10:00,21,4,17
4/25/17 11:00,19,6,13
4/25/17 12:00,22,8,14
4/25/17 13:00,18,9,9
4/25/17 14:00,15,5,10
4/25/17 15:00,45,35,10
4/25/17 16:00,87,75,12
4/25/17 17:00,145,133,12
4/25/17 18:00,84,73,11
4/25/17 19:00,40,32,8
4/25/17 20:00,19,18,1
4/25/17 21:00,12,7,5
4/25/17 22:00,1,1,0
4/25/17 23:00,1,0,1
4/26/17 0:00,4,3,1
4/26/17 1:00,0,0,0
4/26/17 2:00,0,0,0
4/26/17 3:00,2,2,0
4/26/17 4:00,2,0,2
4/26/17 5:00,18,3,15
4/26/17 6:00,63,8,55
4/26/17 7:00,126,15,111
4/26/17 8:00,92,8,84
4/26/17 9:00,34,6,28
4/26/17 10:00,19,1,18
4/26/17 11:00,10,4,6
4/26/17 12:00,13,4,9
4/26/17 13:00,10,5,5
4/26/17 14:00,18,11,7
4/26/17 15:00,30,22,8
4/26/17 16:00,71,60,11
4/26/17 17:00,120,104,16
4/26/17 18:00,74,67,7
4/26/17 19:00,19,18,1
4/26/17 20:00,21,18,3
4/26/17 21:00,7,6,1
4/26/17 22:00,5,5,0
4/26/17 23:00,1,0,1
4/27/17 0:00,2,1,1
4/27/17 1:00,2,1,1
4/27/17 2:00,2,2,0
4/27/17 3:00,1,1,0
4/27/17 4:00,6,1,5
4/27/17 5:00,19,6,13
4/27/17 6:00,52,6,46
4/27/17 7:00,120,15,105
4/27/17 8:00,116,11,105
4/27/17 9:00,36,7,29
4/27/17 10:00,30,7,23
4/27/17 11:00,14,1,13
4/27/17 12:00,21,11,10
4/27/17 13:00,13,5,8
4/27/17 14:00,15,11,4
4/27/17 15:00,36,23,13
4/27/17 16:00,85,69,16
4/27/17 17:00,121,108,13
4/27/17 18:00,77,67,10
4/27/17 19:00,46,31,15
4/27/17 20:00,16,13,3
4/27/17 21:00,11,11,0
4/27/17 22:00,2,1,1
4/27/17 23:00,1,1,0
4/28/17 0:00,3,2,1
4/28/17 1:00,2,1,1
4/28/17 2:00,3,2,1
4/28/17 3:00,2,1,1
4/28/17 4:00,5,1,4
4/28/17 5:00,19,3,16
4/28/17 6:00,58,13,45
4/28/17 7:00,135,19,116
4/28/17 8:00,126,16,110
4/28/17 9:00,31,5,26
4/28/17 10:00,26,5,21
4/28/17 11:00,27,16,11
4/28/17 12:00,20,10,10
4/28/17 13:00,36,18,18
4/28/17 14:00,42,25,17
4/28/17 15:00,69,47,22
4/28/17 16:00,120,96,24
4/28/17 17:00,143,108,35
4/28/17 18:00,77,60,17
4/28/17 19:00,36,28,8
4/28/17 20:00,15,9,6
4/28/17 21:00,17,15,2
4/28/17 22:00,8,3,5
4/28/17 23:00,8,4,4
4/29/17 0:00,4,1,3
4/29/17 1:00,7,4,3
4/29/17 2:00,4,2,2
4/29/17 3:00,2,2,0
4/29/17 4:00,1,1,0
4/29/17 5:00,5,1,4
4/29/17 6:00,18,4,14
4/29/17 7:00,19,7,12
4/29/17 8:00,50,26,24
4/29/17 9:00,72,51,21
4/29/17 10:00,39,15,24
4/29/17 11:00,76,32,44
4/29/17 12:00,44,18,26
4/29/17 13:00,46,20,26
4/29/17 14:00,32,19,13
4/29/17 15:00,60,21,39
4/29/17 16:00,23,14,9
4/29/17 17:00,19,6,13
4/29/17 18:00,17,8,9
4/29/17 19:00,14,9,5
4/29/17 20:00,7,5,2
4/29/17 21:00,7,4,3
4/29/17 22:00,7,2,5
4/29/17 23:00,1,1,0
4/30/17 0:00,3,3,0
4/30/17 1:00,2,1,1
4/30/17 2:00,1,1,0
4/30/17 3:00,2,2,0
4/30/17 4:00,3,2,1
4/30/17 5:00,3,1,2
4/30/17 6:00,2,2,0
4/30/17 7:00,13,4,9
4/30/17 8:00,36,15,21
4/30/17 9:00,31,22,9
4/30/17 10:00,35,19,16
4/30/17 11:00,34,11,23
4/30/17 12:00,41,21,20
4/30/17 13:00,55,36,19
4/30/17 14:00,44,25,19
4/30/17 15:00,36,13,23
4/30/17 16:00,46,22,24
4/30/17 17:00,28,20,8
4/30/17 18:00,15,8,7
4/30/17 19:00,5,4,1
4/30/17 20:00,6,4,2
4/30/17 21:00,5,4,1
4/30/17 22:00,1,0,1
4/30/17 23:00,2,2,0
5/1/17 0:00,2,1,1
5/1/17 1:00,2,1,1
5/1/17 2:00,1,1,0
5/1/17 3:00,1,1,0
5/1/17 4:00,1,0,1
5/1/17 5:00,32,5,27
5/1/17 6:00,83,15,68
5/1/17 7:00,153,13,140
5/1/17 8:00,137,8,129
5/1/17 9:00,51,5,46
5/1/17 10:00,17,5,12
5/1/17 11:00,11,2,9
5/1/17 12:00,7,3,4
5/1/17 13:00,13,8,5
5/1/17 14:00,23,11,12
5/1/17 15:00,55,45,10
5/1/17 16:00,104,91,13
5/1/17 17:00,171,154,17
5/1/17 18:00,98,90,8
5/1/17 19:00,36,31,5
5/1/17 20:00,17,13,4
5/1/17 21:00,5,5,0
5/1/17 22:00,5,4,1
5/1/17 23:00,5,3,2
5/2/17 0:00,1,1,0
5/2/17 1:00,0,0,0
5/2/17 2:00,2,1,1
5/2/17 3:00,3,3,0
5/2/17 4:00,4,0,4
5/2/17 5:00,29,6,23
5/2/17 6:00,83,16,67
5/2/17 7:00,174,14,160
5/2/17 8:00,152,10,142
5/2/17 9:00,51,7,44
5/2/17 10:00,24,8,16
5/2/17 11:00,23,12,11
5/2/17 12:00,25,14,11
5/2/17 13:00,28,12,16
5/2/17 14:00,20,11,9
5/2/17 15:00,52,34,18
5/2/17 16:00,101,81,20
5/2/17 17:00,171,157,14
5/2/17 18:00,102,89,13
5/2/17 19:00,49,41,8
5/2/17 20:00,12,8,4
5/2/17 21:00,14,11,3
5/2/17 22:00,4,1,3
5/2/17 23:00,3,2,1
5/3/17 0:00,5,4,1
5/3/17 1:00,2,2,0
5/3/17 2:00,2,1,1
5/3/17 3:00,1,1,0
5/3/17 4:00,4,2,2
5/3/17 5:00,26,8,18
5/3/17 6:00,91,9,82
5/3/17 7:00,172,16,156
5/3/17 8:00,146,15,131
5/3/17 9:00,53,6,47
5/3/17 10:00,28,10,18
5/3/17 11:00,24,9,15
5/3/17 12:00,30,13,17
5/3/17 13:00,21,7,14
5/3/17 14:00,34,19,15
5/3/17 15:00,63,42,21
5/3/17 16:00,158,125,33
5/3/17 17:00,218,182,36
5/3/17 18:00,179,133,46
5/3/17 19:00,76,54,22
5/3/17 20:00,33,22,11
5/3/17 21:00,8,8,0
5/3/17 22:00,12,8,4
5/3/17 23:00,3,2,1
5/4/17 0:00,7,5,2
5/4/17 1:00,2,1,1
5/4/17 2:00,2,2,0
5/4/17 3:00,0,0,0
5/4/17 4:00,0,0,0
5/4/17 5:00,24,3,21
5/4/17 6:00,88,21,67
5/4/17 7:00,173,14,159
5/4/17 8:00,141,7,134
5/4/17 9:00,56,10,46
5/4/17 10:00,26,5,21
5/4/17 11:00,26,11,15
5/4/17 12:00,42,20,22
5/4/17 13:00,43,22,21
5/4/17 14:00,48,20,28
5/4/17 15:00,85,60,25
5/4/17 16:00,118,101,17
5/4/17 17:00,100,92,8
5/4/17 18:00,72,61,11
5/4/17 19:00,32,25,7
5/4/17 20:00,14,9,5
5/4/17 21:00,14,10,4
5/4/17 22:00,3,1,2
5/4/17 23:00,5,3,2
5/5/17 0:00,5,3,2
5/5/17 1:00,1,0,1
5/5/17 2:00,4,4,0
5/5/17 3:00,2,0,2
5/5/17 4:00,5,2,3
5/5/17 5:00,16,6,10
5/5/17 6:00,57,11,46
5/5/17 7:00,118,8,110
5/5/17 8:00,82,10,72
5/5/17 9:00,41,2,39
5/5/17 10:00,14,5,9
5/5/17 11:00,14,3,11
5/5/17 12:00,19,12,7
5/5/17 13:00,20,9,11
5/5/17 14:00,23,15,8
5/5/17 15:00,42,29,13
5/5/17 16:00,88,76,12
5/5/17 17:00,134,118,16
5/5/17 18:00,56,49,7
5/5/17 19:00,25,17,8
5/5/17 20:00,16,11,5
5/5/17 21:00,8,7,1
5/5/17 22:00,4,3,1
5/5/17 23:00,3,2,1
5/6/17 0:00,5,2,3
5/6/17 1:00,4,0,4
5/6/17 2:00,1,1,0
5/6/17 3:00,1,0,1
5/6/17 4:00,1,1,0
5/6/17 5:00,3,0,3
5/6/17 6:00,14,3,11
5/6/17 7:00,23,10,13
5/6/17 8:00,20,12,8
5/6/17 9:00,40,19,21
5/6/17 10:00,111,76,35
5/6/17 11:00,65,19,46
5/6/17 12:00,49,27,22
5/6/17 13:00,52,22,30
5/6/17 14:00,66,44,22
5/6/17 15:00,54,28,26
5/6/17 16:00,59,29,30
5/6/17 17:00,61,41,20
5/6/17 18:00,41,21,20
5/6/17 19:00,21,11,10
5/6/17 20:00,11,5,6
5/6/17 21:00,8,5,3
5/6/17 22:00,6,2,4
5/6/17 23:00,5,1,4
5/7/17 0:00,5,5,0
5/7/17 1:00,1,0,1
5/7/17 2:00,1,1,0
5/7/17 3:00,0,0,0
5/7/17 4:00,1,1,0
5/7/17 5:00,6,3,3
5/7/17 6:00,12,3,9
5/7/17 7:00,20,6,14
5/7/17 8:00,32,6,26
5/7/17 9:00,48,16,32
5/7/17 10:00,46,21,25
5/7/17 11:00,67,45,22
5/7/17 12:00,69,43,26
5/7/17 13:00,63,30,33
5/7/17 14:00,93,46,47
5/7/17 15:00,67,35,32
5/7/17 16:00,82,40,42
5/7/17 17:00,47,26,21
5/7/17 18:00,35,23,12
5/7/17 19:00,31,11,20
5/7/17 20:00,7,3,4
5/7/17 21:00,11,7,4
5/7/17 22:00,1,0,1
5/7/17 23:00,4,2,2
5/8/17 0:00,1,0,1
5/8/17 1:00,2,1,1
5/8/17 2:00,7,2,5
5/8/17 3:00,3,1,2
5/8/17 4:00,5,1,4
5/8/17 5:00,29,5,24
5/8/17 6:00,106,15,91
5/8/17 7:00,194,14,180
5/8/17 8:00,155,12,143
5/8/17 9:00,53,11,42
5/8/17 10:00,19,2,17
5/8/17 11:00,16,8,8
5/8/17 12:00,23,9,14
5/8/17 13:00,20,9,11
5/8/17 14:00,31,18,13
5/8/17 15:00,58,46,12
5/8/17 16:00,162,132,30
5/8/17 17:00,225,198,27
5/8/17 18:00,134,108,26
5/8/17 19:00,54,44,10
5/8/17 20:00,31,18,13
5/8/17 21:00,7,4,3
5/8/17 22:00,9,7,2
5/8/17 23:00,1,1,0
5/9/17 0:00,2,2,0
5/9/17 1:00,3,1,2
5/9/17 2:00,2,1,1
5/9/17 3:00,1,1,0
5/9/17 4:00,7,2,5
5/9/17 5:00,35,5,30
5/9/17 6:00,116,18,98
5/9/17 7:00,211,19,192
5/9/17 8:00,183,18,165
5/9/17 9:00,63,9,54
5/9/17 10:00,31,15,16
5/9/17 11:00,38,14,24
5/9/17 12:00,38,19,19
5/9/17 13:00,35,20,15
5/9/17 14:00,39,27,12
5/9/17 15:00,60,40,20
5/9/17 16:00,164,128,36
5/9/17 17:00,257,214,43
5/9/17 18:00,153,125,28
5/9/17 19:00,67,48,19
5/9/17 20:00,42,27,15
5/9/17 21:00,20,13,7
5/9/17 22:00,14,10,4
5/9/17 23:00,7,4,3
5/10/17 0:00,5,3,2
5/10/17 1:00,1,1,0
5/10/17 2:00,1,1,0
5/10/17 3:00,2,1,1
5/10/17 4:00,3,1,2
5/10/17 5:00,44,6,38
5/10/17 6:00,104,13,91
5/10/17 7:00,174,25,149
5/10/17 8:00,231,24,207
5/10/17 9:00,76,12,64
5/10/17 10:00,42,13,29
5/10/17 11:00,42,12,30
5/10/17 12:00,35,16,19
5/10/17 13:00,28,10,18
5/10/17 14:00,47,27,20
5/10/17 15:00,80,58,22
5/10/17 16:00,156,127,29
5/10/17 17:00,234,205,29
5/10/17 18:00,167,141,26
5/10/17 19:00,79,59,20
5/10/17 20:00,37,24,13
5/10/17 21:00,24,18,6
5/10/17 22:00,4,2,2
5/10/17 23:00,4,3,1
5/11/17 0:00,5,2,3
5/11/17 1:00,2,2,0
5/11/17 2:00,1,1,0
5/11/17 3:00,2,2,0
5/11/17 4:00,2,0,2
5/11/17 5:00,23,7,16
5/11/17 6:00,57,11,46
5/11/17 7:00,119,11,108
5/11/17 8:00,130,8,122
5/11/17 9:00,47,6,41
5/11/17 10:00,22,0,22
5/11/17 11:00,7,3,4
5/11/17 12:00,3,0,3
5/11/17 13:00,7,4,3
5/11/17 14:00,17,13,4
5/11/17 15:00,39,28,11
5/11/17 16:00,70,60,10
5/11/17 17:00,132,118,14
5/11/17 18:00,64,61,3
5/11/17 19:00,35,30,5
5/11/17 20:00,20,18,2
5/11/17 21:00,5,4,1
5/11/17 22:00,4,2,2
5/11/17 23:00,2,2,0
5/12/17 0:00,1,1,0
5/12/17 1:00,2,1,1
5/12/17 2:00,3,3,0
5/12/17 3:00,0,0,0
5/12/17 4:00,6,2,4
5/12/17 5:00,18,2,16
5/12/17 6:00,62,13,49
5/12/17 7:00,143,14,129
5/12/17 8:00,119,16,103
5/12/17 9:00,56,16,40
5/12/17 10:00,36,11,25
5/12/17 11:00,15,3,12
5/12/17 12:00,11,8,3
5/12/17 13:00,16,11,5
5/12/17 14:00,30,20,10
5/12/17 15:00,44,35,9
5/12/17 16:00,108,94,14
5/12/17 17:00,122,109,13
5/12/17 18:00,62,54,8
5/12/17 19:00,24,20,4
5/12/17 20:00,13,11,2
5/12/17 21:00,6,6,0
5/12/17 22:00,2,1,1
5/12/17 23:00,3,1,2
5/13/17 0:00,1,1,0
5/13/17 1:00,0,0,0
5/13/17 2:00,1,1,0
5/13/17 3:00,1,1,0
5/13/17 4:00,1,1,0
5/13/17 5:00,3,1,2
5/13/17 6:00,13,1,12
5/13/17 7:00,19,10,9
5/13/17 8:00,34,27,7
5/13/17 9:00,21,9,12
5/13/17 10:00,31,15,16
5/13/17 11:00,50,22,28
5/13/17 12:00,37,18,19
5/13/17 13:00,30,15,15
5/13/17 14:00,26,12,14
5/13/17 15:00,38,23,15
5/13/17 16:00,35,14,21
5/13/17 17:00,26,14,12
5/13/17 18:00,14,8,6
5/13/17 19:00,8,6,2
5/13/17 20:00,8,6,2
5/13/17 21:00,3,2,1
5/13/17 22:00,1,1,0
5/13/17 23:00,2,0,2
5/14/17 0:00,0,0,0
5/14/17 1:00,1,0,1
5/14/17 2:00,0,0,0
5/14/17 3:00,0,0,0
5/14/17 4:00,0,0,0
5/14/17 5:00,4,1,3
5/14/17 6:00,2,1,1
5/14/17 7:00,4,0,4
5/14/17 8:00,9,4,5
5/14/17 9:00,17,5,12
5/14/17 10:00,36,22,14
5/14/17 11:00,25,9,16
5/14/17 12:00,20,5,15
5/14/17 13:00,25,13,12
5/14/17 14:00,21,8,13
5/14/17 15:00,16,6,10
5/14/17 16:00,29,21,8
5/14/17 17:00,23,15,8
5/14/17 18:00,22,4,18
5/14/17 19:00,7,3,4
5/14/17 20:00,10,5,5
5/14/17 21:00,6,5,1
5/14/17 22:00,5,3,2
5/14/17 23:00,1,1,0
5/15/17 0:00,5,4,1
5/15/17 1:00,3,1,2
5/15/17 2:00,3,2,1
5/15/17 3:00,2,1,1
5/15/17 4:00,2,0,2
5/15/17 5:00,24,4,20
5/15/17 6:00,75,11,64
5/15/17 7:00,161,15,146
5/15/17 8:00,142,10,132
5/15/17 9:00,36,6,30
5/15/17 10:00,19,3,16
5/15/17 11:00,11,4,7
5/15/17 12:00,24,12,12
5/15/17 13:00,15,7,8
5/15/17 14:00,10,7,3
5/15/17 15:00,34,30,4
5/15/17 16:00,78,66,12
5/15/17 17:00,147,140,7
5/15/17 18:00,77,68,9
5/15/17 19:00,26,22,4
5/15/17 20:00,14,10,4
5/15/17 21:00,9,9,0
5/15/17 22:00,0,0,0
5/15/17 23:00,4,2,2
5/16/17 0:00,3,3,0
5/16/17 1:00,0,0,0
5/16/17 2:00,5,2,3
5/16/17 3:00,1,1,0
5/16/17 4:00,2,1,1
5/16/17 5:00,20,4,16
5/16/17 6:00,35,5,30
5/16/17 7:00,99,11,88
5/16/17 8:00,96,7,89
5/16/17 9:00,42,5,37
5/16/17 10:00,14,1,13
5/16/17 11:00,8,2,6
5/16/17 12:00,9,3,6
5/16/17 13:00,13,7,6
5/16/17 14:00,14,5,9
5/16/17 15:00,27,18,9
5/16/17 16:00,70,61,9
5/16/17 17:00,131,108,23
5/16/17 18:00,77,70,7
5/16/17 19:00,40,38,2
5/16/17 20:00,12,10,2
5/16/17 21:00,7,6,1
5/16/17 22:00,5,3,2
5/16/17 23:00,8,6,2
5/17/17 0:00,1,0,1
5/17/17 1:00,0,0,0
5/17/17 2:00,1,1,0
5/17/17 3:00,1,1,0
5/17/17 4:00,4,1,3
5/17/17 5:00,28,4,24
5/17/17 6:00,94,7,87
5/17/17 7:00,165,17,148
5/17/17 8:00,157,11,146
5/17/17 9:00,64,5,59
5/17/17 10:00,21,8,13
5/17/17 11:00,19,8,11
5/17/17 12:00,23,15,8
5/17/17 13:00,21,8,13
5/17/17 14:00,33,18,15
5/17/17 15:00,55,41,14
5/17/17 16:00,126,101,25
5/17/17 17:00,207,188,19
5/17/17 18:00,120,104,16
5/17/17 19:00,55,44,11
5/17/17 20:00,34,21,13
5/17/17 21:00,22,17,5
5/17/17 22:00,6,6,0
5/17/17 23:00,7,6,1
5/18/17 0:00,3,2,1
5/18/17 1:00,0,0,0
5/18/17 2:00,2,1,1
5/18/17 3:00,0,0,0
5/18/17 4:00,3,1,2
5/18/17 5:00,29,3,26
5/18/17 6:00,92,16,76
5/18/17 7:00,186,14,172
5/18/17 8:00,168,18,150
5/18/17 9:00,60,12,48
5/18/17 10:00,34,4,30
5/18/17 11:00,19,10,9
5/18/17 12:00,21,11,10
5/18/17 13:00,39,9,30
5/18/17 14:00,34,21,13
5/18/17 15:00,60,43,17
5/18/17 16:00,135,112,23
5/18/17 17:00,214,173,41
5/18/17 18:00,123,98,25
5/18/17 19:00,63,51,12
5/18/17 20:00,29,19,10
5/18/17 21:00,22,15,7
12/4/21 17:00,11,8,3
12/4/21 18:00,7,7,0
12/4/21 19:00,2,2,0
12/4/21 20:00,5,4,1
12/4/21 21:00,1,0,1
12/4/21 22:00,1,1,0
12/4/21 23:00,3,2,1
12/5/21 0:00,4,1,3
12/5/21 1:00,2,2,0
12/5/21 2:00,1,1,0
12/5/21 3:00,2,0,2
12/5/21 4:00,1,0,1
12/5/21 5:00,4,1,3
12/5/21 6:00,7,1,6
12/5/21 7:00,9,1,8
12/5/21 8:00,16,3,13
12/5/21 9:00,31,16,15
12/5/21 10:00,28,13,15
12/5/21 11:00,28,11,17
12/5/21 12:00,79,52,27
12/5/21 13:00,84,31,53
12/5/21 14:00,44,23,21
12/5/21 15:00,43,25,18
12/5/21 16:00,27,16,11
12/5/21 17:00,30,24,6
12/5/21 18:00,12,10,2
12/5/21 19:00,3,3,0
12/5/21 20:00,4,2,2
12/5/21 21:00,1,0,1
12/5/21 22:00,6,2,4
12/5/21 23:00,0,0,0
12/6/21 0:00,2,1,1
12/6/21 1:00,0,0,0
12/6/21 2:00,1,0,1
12/6/21 3:00,0,0,0
12/6/21 4:00,7,2,5
12/6/21 5:00,24,3,21
12/6/21 6:00,43,7,36
12/6/21 7:00,46,7,39
12/6/21 8:00,54,7,47
12/6/21 9:00,32,7,25
12/6/21 10:00,22,6,16
12/6/21 11:00,9,3,6
12/6/21 12:00,12,7,5
12/6/21 13:00,14,4,10
12/6/21 14:00,26,17,9
12/6/21 15:00,47,33,14
12/6/21 16:00,61,48,13
12/6/21 17:00,60,56,4
12/6/21 18:00,33,32,1
12/6/21 19:00,3,3,0
12/6/21 20:00,4,2,2
12/6/21 21:00,6,3,3
12/6/21 22:00,4,2,2
12/6/21 23:00,2,2,0
12/7/21 0:00,2,1,1
12/7/21 1:00,0,0,0
12/7/21 2:00,0,0,0
12/7/21 3:00,2,2,0
12/7/21 4:00,4,1,3
12/7/21 5:00,25,3,22
12/7/21 6:00,44,7,37
12/7/21 7:00,76,5,71
12/7/21 8:00,73,11,62
12/7/21 9:00,39,7,32
12/7/21 10:00,15,8,7
12/7/21 11:00,14,3,11
12/7/21 12:00,13,2,11
12/7/21 13:00,12,7,5
12/7/21 14:00,31,21,10
12/7/21 15:00,48,37,11
12/7/21 16:00,70,58,12
12/7/21 17:00,73,67,6
12/7/21 18:00,45,41,4
12/7/21 19:00,15,14,1
12/7/21 20:00,11,7,4
12/7/21 21:00,8,6,2
12/7/21 22:00,4,3,1
12/7/21 23:00,2,1,1
12/8/21 0:00,3,1,2
12/8/21 1:00,1,1,0
12/8/21 2:00,1,1,0
12/8/21 3:00,0,0,0
12/8/21 4:00,4,0,4
12/8/21 5:00,23,6,17
12/8/21 6:00,52,5,47
12/8/21 7:00,67,5,62
12/8/21 8:00,57,2,55
12/8/21 9:00,34,7,27
12/8/21 10:00,12,3,9
12/8/21 11:00,14,3,11
12/8/21 12:00,17,5,12
12/8/21 13:00,24,9,15
12/8/21 14:00,27,19,8
12/8/21 15:00,56,34,22
12/8/21 16:00,60,51,9
12/8/21 17:00,84,75,9
12/8/21 18:00,40,35,5
12/8/21 19:00,25,23,2
12/8/21 20:00,4,3,1
12/8/21 21:00,5,4,1
12/8/21 22:00,9,7,2
12/8/21 23:00,11,6,5
12/9/21 0:00,7,5,2
12/9/21 1:00,0,0,0
12/9/21 2:00,1,1,0
12/9/21 3:00,0,0,0
12/9/21 4:00,4,1,3
12/9/21 5:00,28,5,23
12/9/21 6:00,41,7,34
12/9/21 7:00,68,3,65
12/9/21 8:00,57,4,53
12/9/21 9:00,25,5,20
12/9/21 10:00,15,4,11
12/9/21 11:00,22,6,16
12/9/21 12:00,15,9,6
12/9/21 13:00,18,4,14
12/9/21 14:00,31,20,11
12/9/21 15:00,48,39,9
12/9/21 16:00,54,46,8
12/9/21 17:00,81,72,9
12/9/21 18:00,47,41,6
12/9/21 19:00,18,17,1
12/9/21 20:00,11,8,3
12/9/21 21:00,7,6,1
12/9/21 22:00,6,6,0
12/9/21 23:00,6,3,3
12/10/21 0:00,5,3,2
12/10/21 1:00,1,1,0
12/10/21 2:00,5,2,3
12/10/21 3:00,0,0,0
12/10/21 4:00,3,0,3
12/10/21 5:00,20,2,18
12/10/21 6:00,28,4,24
12/10/21 7:00,41,8,33
12/10/21 8:00,69,14,55
12/10/21 9:00,27,5,22
12/10/21 10:00,17,5,12
12/10/21 11:00,19,9,10
12/10/21 12:00,16,8,8
12/10/21 13:00,20,13,7
12/10/21 14:00,22,15,7
12/10/21 15:00,28,23,5
12/10/21 16:00,44,36,8
12/10/21 17:00,51,44,7
12/10/21 18:00,28,22,6
12/10/21 19:00,10,9,1
12/10/21 20:00,6,4,2
12/10/21 21:00,6,5,1
12/10/21 22:00,1,1,0
12/10/21 23:00,1,1,0
12/11/21 0:00,2,1,1
12/11/21 1:00,0,0,0
12/11/21 2:00,1,0,1
12/11/21 3:00,1,1,0
12/11/21 4:00,2,1,1
12/11/21 5:00,3,0,3
12/11/21 6:00,2,1,1
12/11/21 7:00,4,0,4
12/11/21 8:00,8,2,6
12/11/21 9:00,8,0,8
12/11/21 10:00,6,2,4
12/11/21 11:00,19,6,13
12/11/21 12:00,14,9,5
12/11/21 13:00,19,7,12
12/11/21 14:00,20,13,7
12/11/21 15:00,14,6,8
12/11/21 16:00,16,6,10
12/11/21 17:00,13,11,2
12/11/21 18:00,3,2,1
12/11/21 19:00,8,5,3
12/11/21 20:00,1,1,0
12/11/21 21:00,1,1,0
12/11/21 22:00,5,5,0
12/11/21 23:00,3,1,2
12/12/21 0:00,3,1,2
12/12/21 1:00,1,1,0
12/12/21 2:00,2,2,0
12/12/21 3:00,1,0,1
12/12/21 4:00,2,0,2
12/12/21 5:00,2,1,1
12/12/21 6:00,3,0,3
12/12/21 7:00,4,1,3
12/12/21 8:00,6,2,4
12/12/21 9:00,12,4,8
12/12/21 10:00,11,7,4
12/12/21 11:00,48,33,15
12/12/21 12:00,34,7,27
12/12/21 13:00,27,9,18
12/12/21 14:00,10,9,1
12/12/21 15:00,9,5,4
12/12/21 16:00,4,3,1
12/12/21 17:00,7,3,4
12/12/21 18:00,4,4,0
12/12/21 19:00,5,3,2
12/12/21 20:00,3,2,1
12/12/21 21:00,1,1,0
12/12/21 22:00,2,1,1
12/12/21 23:00,3,2,1
12/13/21 0:00,1,1,0
12/13/21 1:00,2,0,2
12/13/21 2:00,0,0,0
12/13/21 3:00,0,0,0
12/13/21 4:00,4,0,4
12/13/21 5:00,15,4,11
12/13/21 6:00,30,4,26
12/13/21 7:00,60,5,55
12/13/21 8:00,53,6,47
12/13/21 9:00,24,5,19
12/13/21 10:00,15,5,10
12/13/21 11:00,13,6,7
12/13/21 12:00,16,5,11
12/13/21 13:00,12,7,5
12/13/21 14:00,19,16,3
12/13/21 15:00,39,26,13
12/13/21 16:00,54,45,9
12/13/21 17:00,59,55,4
12/13/21 18:00,34,31,3
12/13/21 19:00,15,14,1
12/13/21 20:00,5,5,0
12/13/21 21:00,5,5,0
12/13/21 22:00,4,3,1
12/13/21 23:00,3,2,1
12/14/21 0:00,3,0,3
12/14/21 1:00,1,1,0
12/14/21 2:00,1,0,1
12/14/21 3:00,2,1,1
12/14/21 4:00,3,0,3
12/14/21 5:00,25,5,20
12/14/21 6:00,30,2,28
12/14/21 7:00,69,5,64
12/14/21 8:00,59,8,51
12/14/21 9:00,26,8,18
12/14/21 10:00,19,3,16
12/14/21 11:00,16,7,9
12/14/21 12:00,21,10,11
12/14/21 13:00,18,12,6
12/14/21 14:00,27,17,10
12/14/21 15:00,36,29,7
12/14/21 16:00,48,36,12
12/14/21 17:00,80,71,9
12/14/21 18:00,46,41,5
12/14/21 19:00,15,10,5
12/14/21 20:00,4,3,1
12/14/21 21:00,7,7,0
12/14/21 22:00,3,1,2
12/14/21 23:00,5,2,3
12/15/21 0:00,3,1,2
12/15/21 1:00,0,0,0
12/15/21 2:00,1,0,1
12/15/21 3:00,0,0,0
12/15/21 4:00,6,2,4
12/15/21 5:00,22,4,18
12/15/21 6:00,29,4,25
12/15/21 7:00,56,6,50
12/15/21 8:00,46,5,41
12/15/21 9:00,35,6,29
12/15/21 10:00,9,4,5
12/15/21 11:00,14,4,10
12/15/21 12:00,13,3,10
12/15/21 13:00,16,9,7
12/15/21 14:00,21,17,4
12/15/21 15:00,42,34,8
12/15/21 16:00,46,40,6
12/15/21 17:00,49,44,5
12/15/21 18:00,28,24,4
12/15/21 19:00,18,16,2
12/15/21 20:00,6,5,1
12/15/21 21:00,7,7,0
12/15/21 22:00,7,5,2
12/15/21 23:00,3,2,1
12/16/21 0:00,3,1,2
12/16/21 1:00,3,2,1
12/16/21 2:00,3,1,2
12/16/21 3:00,0,0,0
12/16/21 4:00,4,0,4
12/16/21 5:00,20,4,16
12/16/21 6:00,31,3,28
12/16/21 7:00,66,6,60
12/16/21 8:00,54,5,49
12/16/21 9:00,26,4,22
12/16/21 10:00,14,3,11
12/16/21 11:00,21,7,14
12/16/21 12:00,22,10,12
12/16/21 13:00,19,9,10
12/16/21 14:00,31,19,12
12/16/21 15:00,52,38,14
12/16/21 16:00,44,35,9
12/16/21 17:00,70,61,9
12/16/21 18:00,42,35,7
12/16/21 19:00,20,17,3
12/16/21 20:00,9,8,1
12/16/21 21:00,10,10,0
12/16/21 22:00,8,7,1
12/16/21 23:00,5,5,0
12/17/21 0:00,2,2,0
12/17/21 1:00,2,2,0
12/17/21 2:00,0,0,0
12/17/21 3:00,0,0,0
12/17/21 4:00,6,0,6
12/17/21 5:00,14,1,13
12/17/21 6:00,25,3,22
12/17/21 7:00,45,4,41
12/17/21 8:00,48,5,43
12/17/21 9:00,34,7,27
12/17/21 10:00,22,10,12
12/17/21 11:00,24,8,16
12/17/21 12:00,30,14,16
12/17/21 13:00,28,10,18
12/17/21 14:00,39,25,14
12/17/21 15:00,44,32,12
12/17/21 16:00,62,45,17
12/17/21 17:00,54,44,10
12/17/21 18:00,38,28,10
12/17/21 19:00,11,9,2
12/17/21 20:00,3,2,1
12/17/21 21:00,6,4,2
12/17/21 22:00,1,1,0
12/17/21 23:00,2,2,0
12/18/21 0:00,6,4,2
12/18/21 1:00,2,1,1
12/18/21 2:00,0,0,0
12/18/21 3:00,1,1,0
12/18/21 4:00,1,0,1
12/18/21 5:00,3,0,3
12/18/21 6:00,4,3,1
12/18/21 7:00,6,6,0
12/18/21 8:00,7,1,6
12/18/21 9:00,9,6,3
12/18/21 10:00,5,1,4
12/18/21 11:00,3,1,2
12/18/21 12:00,6,1,5
12/18/21 13:00,15,5,10
12/18/21 14:00,5,2,3
12/18/21 15:00,9,7,2
12/18/21 16:00,7,4,3
12/18/21 17:00,10,4,6
12/18/21 18:00,7,4,3
12/18/21 19:00,4,3,1
12/18/21 20:00,4,4,0
12/18/21 21:00,6,4,2
12/18/21 22:00,1,0,1
12/18/21 23:00,5,5,0
12/19/21 0:00,1,0,1
12/19/21 1:00,3,1,2
12/19/21 2:00,1,1,0
12/19/21 3:00,0,0,0
12/19/21 4:00,1,0,1
12/19/21 5:00,2,1,1
12/19/21 6:00,4,2,2
12/19/21 7:00,5,4,1
12/19/21 8:00,13,2,11
12/19/21 9:00,20,11,9
12/19/21 10:00,39,5,34
12/19/21 11:00,71,56,15
12/19/21 12:00,41,27,14
12/19/21 13:00,73,23,50
12/19/21 14:00,55,34,21
12/19/21 15:00,36,15,21
12/19/21 16:00,21,10,11
12/19/21 17:00,13,9,4
12/19/21 18:00,10,7,3
12/19/21 19:00,6,5,1
12/19/21 20:00,0,0,0
12/19/21 21:00,5,4,1
12/19/21 22:00,5,5,0
12/19/21 23:00,3,0,3
12/20/21 0:00,1,0,1
12/20/21 1:00,0,0,0
12/20/21 2:00,0,0,0
12/20/21 3:00,0,0,0
12/20/21 4:00,4,1,3
12/20/21 5:00,16,5,11
12/20/21 6:00,29,5,24
12/20/21 7:00,36,2,34
12/20/21 8:00,22,0,22
12/20/21 9:00,11,4,7
12/20/21 10:00,10,3,7
12/20/21 11:00,10,5,5
12/20/21 12:00,4,2,2
12/20/21 13:00,12,6,6
12/20/21 14:00,14,6,8
12/20/21 15:00,31,21,10
12/20/21 16:00,34,29,5
12/20/21 17:00,39,37,2
12/20/21 18:00,19,19,0
12/20/21 19:00,11,10,1
12/20/21 20:00,10,8,2
12/20/21 21:00,6,4,2
12/20/21 22:00,3,2,1
12/20/21 23:00,1,0,1
12/21/21 0:00,3,3,0
12/21/21 1:00,2,0,2
12/21/21 2:00,2,1,1
12/21/21 3:00,2,1,1
12/21/21 4:00,6,2,4
12/21/21 5:00,20,3,17
12/21/21 6:00,26,4,22
12/21/21 7:00,35,5,30
12/21/21 8:00,33,2,31
12/21/21 9:00,18,6,12
12/21/21 10:00,13,4,9
12/21/21 11:00,14,6,8
12/21/21 12:00,20,9,11
12/21/21 13:00,19,11,8
12/21/21 14:00,19,14,5
12/21/21 15:00,40,24,16
12/21/21 16:00,34,29,5
12/21/21 17:00,44,42,2
12/21/21 18:00,25,20,5
12/21/21 19:00,6,5,1
12/21/21 20:00,6,5,1
12/21/21 21:00,4,3,1
12/21/21 22:00,5,5,0
12/21/21 23:00,1,1,0
12/22/21 0:00,2,1,1
12/22/21 1:00,0,0,0
12/22/21 2:00,1,0,1
12/22/21 3:00,0,0,0
12/22/21 4:00,2,1,1
12/22/21 5:00,13,6,7
12/22/21 6:00,25,1,24
12/22/21 7:00,30,1,29
12/22/21 8:00,24,3,21
12/22/21 9:00,12,4,8
12/22/21 10:00,13,3,10
12/22/21 11:00,8,2,6
12/22/21 12:00,11,9,2
12/22/21 13:00,14,6,8
12/22/21 14:00,13,11,2
12/22/21 15:00,22,17,5
12/22/21 16:00,23,18,5
12/22/21 17:00,31,29,2
12/22/21 18:00,12,8,4
12/22/21 19:00,11,7,4
12/22/21 20:00,7,6,1
12/22/21 21:00,3,3,0
12/22/21 22:00,2,2,0
12/22/21 23:00,4,3,1
12/23/21 0:00,2,2,0
12/23/21 1:00,5,0,5
12/23/21 2:00,0,0,0
12/23/21 3:00,0,0,0
12/23/21 4:00,3,0,3
12/23/21 5:00,10,3,7
12/23/21 6:00,15,2,13
12/23/21 7:00,23,1,22
12/23/21 8:00,14,1,13
12/23/21 9:00,10,5,5
12/23/21 10:00,15,6,9
12/23/21 11:00,17,7,10
12/23/21 12:00,19,11,8
12/23/21 13:00,23,13,10
12/23/21 14:00,22,12,10
12/23/21 15:00,32,26,6
12/23/21 16:00,27,20,7
12/23/21 17:00,16,11,5
12/23/21 18:00,15,12,3
12/23/21 19:00,10,8,2
12/23/21 20:00,8,7,1
12/23/21 21:00,5,5,0
12/23/21 22:00,2,2,0
12/23/21 23:00,2,0,2
12/24/21 0:00,1,1,0
12/24/21 1:00,3,1,2
12/24/21 2:00,0,0,0
12/24/21 3:00,1,0,1
12/24/21 4:00,3,0,3
12/24/21 5:00,3,0,3
12/24/21 6:00,8,1,7
12/24/21 7:00,2,0,2
12/24/21 8:00,4,1,3
12/24/21 9:00,9,3,6
12/24/21 10:00,14,4,10
12/24/21 11:00,6,2,4
12/24/21 12:00,18,10,8
12/24/21 13:00,16,11,5
12/24/21 14:00,16,10,6
12/24/21 15:00,10,8,2
12/24/21 16:00,10,7,3
12/24/21 17:00,5,3,2
12/24/21 18:00,6,6,0
12/24/21 19:00,2,0,2
12/24/21 20:00,2,2,0
12/24/21 21:00,0,0,0
12/24/21 22:00,2,1,1
12/24/21 23:00,1,1,0
12/25/21 0:00,2,0,2
12/25/21 1:00,0,0,0
12/25/21 2:00,1,1,0
12/25/21 3:00,0,0,0
12/25/21 4:00,0,0,0
12/25/21 5:00,1,0,1
12/25/21 6:00,1,0,1
12/25/21 7:00,0,0,0
12/25/21 8:00,1,0,1
12/25/21 9:00,1,1,0
12/25/21 10:00,9,4,5
12/25/21 11:00,8,3,5
12/25/21 12:00,5,3,2
12/25/21 13:00,3,0,3
12/25/21 14:00,4,2,2
12/25/21 15:00,9,6,3
12/25/21 16:00,5,4,1
12/25/21 17:00,2,0,2
12/25/21 18:00,1,1,0
12/25/21 19:00,2,2,0
12/25/21 20:00,1,1,0
12/25/21 21:00,3,2,1
12/25/21 22:00,0,0,0
12/25/21 23:00,0,0,0
12/26/21 0:00,0,0,0
12/26/21 1:00,0,0,0
12/26/21 2:00,0,0,0
12/26/21 3:00,0,0,0
12/26/21 4:00,4,1,3
12/26/21 5:00,1,1,0
12/26/21 6:00,0,0,0
12/26/21 7:00,0,0,0
12/26/21 8:00,0,0,0
12/26/21 9:00,0,0,0
12/26/21 10:00,1,0,1
12/26/21 11:00,4,4,0
12/26/21 12:00,0,0,0
12/26/21 13:00,0,0,0
12/26/21 14:00,0,0,0
12/26/21 15:00,0,0,0
12/26/21 16:00,0,0,0
12/26/21 17:00,0,0,0
12/26/21 18:00,0,0,0
12/26/21 19:00,0,0,0
12/26/21 20:00,0,0,0
12/26/21 21:00,0,0,0
12/26/21 22:00,0,0,0
12/26/21 23:00,0,0,0
12/27/21 0:00,0,0,0
12/27/21 1:00,0,0,0
12/27/21 2:00,0,0,0
12/27/21 3:00,0,0,0
12/27/21 4:00,0,0,0
12/27/21 5:00,0,0,0
12/27/21 6:00,0,0,0
12/27/21 7:00,0,0,0
12/27/21 8:00,0,0,0
12/27/21 9:00,0,0,0
12/27/21 10:00,0,0,0
12/27/21 11:00,0,0,0
12/27/21 12:00,0,0,0
12/27/21 13:00,0,0,0
12/27/21 14:00,0,0,0
12/27/21 15:00,0,0,0
12/27/21 16:00,0,0,0
12/27/21 17:00,0,0,0
12/27/21 18:00,0,0,0
12/27/21 19:00,0,0,0
12/27/21 20:00,0,0,0
12/27/21 21:00,0,0,0
12/27/21 22:00,0,0,0
12/27/21 23:00,0,0,0
12/28/21 0:00,0,0,0
12/28/21 1:00,0,0,0
12/28/21 2:00,0,0,0
12/28/21 3:00,0,0,0
12/28/21 4:00,0,0,0
12/28/21 5:00,0,0,0
12/28/21 6:00,0,0,0
12/28/21 7:00,0,0,0
12/28/21 8:00,0,0,0
12/28/21 9:00,0,0,0
12/28/21 10:00,0,0,0
12/28/21 11:00,0,0,0
12/28/21 12:00,0,0,0
12/28/21 13:00,0,0,0
12/28/21 14:00,0,0,0
12/28/21 15:00,0,0,0
12/28/21 16:00,0,0,0
12/28/21 17:00,0,0,0
12/28/21 18:00,0,0,0
12/28/21 19:00,0,0,0
12/28/21 20:00,0,0,0
12/28/21 21:00,0,0,0
12/28/21 22:00,0,0,0
12/28/21 23:00,0,0,0
12/29/21 0:00,0,0,0
12/29/21 1:00,0,0,0
12/29/21 2:00,0,0,0
12/29/21 3:00,0,0,0
12/29/21 4:00,0,0,0
12/29/21 5:00,0,0,0
12/29/21 6:00,0,0,0
12/29/21 7:00,0,0,0
12/29/21 8:00,0,0,0
12/29/21 9:00,0,0,0
12/29/21 10:00,0,0,0
12/29/21 11:00,0,0,0
12/29/21 12:00,0,0,0
12/29/21 13:00,0,0,0
12/29/21 14:00,0,0,0
12/29/21 15:00,0,0,0
12/29/21 16:00,0,0,0
12/29/21 17:00,0,0,0
12/29/21 18:00,0,0,0
12/29/21 19:00,0,0,0
12/29/21 20:00,0,0,0
12/29/21 21:00,0,0,0
12/29/21 22:00,0,0,0
12/29/21 23:00,0,0,0
12/30/21 0:00,0,0,0
12/30/21 1:00,0,0,0
12/30/21 2:00,0,0,0
12/30/21 3:00,0,0,0
12/30/21 4:00,0,0,0
12/30/21 5:00,0,0,0
12/30/21 6:00,0,0,0
12/30/21 7:00,0,0,0
12/30/21 8:00,0,0,0
12/30/21 9:00,0,0,0
12/30/21 10:00,0,0,0
12/30/21 11:00,0,0,0
12/30/21 12:00,0,0,0
12/30/21 13:00,0,0,0
12/30/21 14:00,0,0,0
12/30/21 15:00,0,0,0
12/30/21 16:00,0,0,0
12/30/21 17:00,0,0,0
12/30/21 18:00,0,0,0
12/30/21 19:00,0,0,0
12/30/21 20:00,0,0,0
12/30/21 21:00,0,0,0
12/30/21 22:00,0,0,0
12/30/21 23:00,0,0,0
12/31/21 0:00,0,0,0
12/31/21 1:00,0,0,0
12/31/21 2:00,0,0,0
12/31/21 3:00,0,0,0
12/31/21 4:00,0,0,0
12/31/21 5:00,0,0,0
12/31/21 6:00,0,0,0
12/31/21 7:00,0,0,0
12/31/21 8:00,0,0,0
12/31/21 9:00,0,0,0
12/31/21 10:00,0,0,0
12/31/21 11:00,0,0,0
12/31/21 12:00,0,0,0
12/31/21 13:00,0,0,0
12/31/21 14:00,0,0,0
12/31/21 15:00,0,0,0
12/31/21 16:00,0,0,0
12/31/21 17:00,0,0,0
12/31/21 18:00,0,0,0
12/31/21 19:00,0,0,0
12/31/21 20:00,0,0,0
12/31/21 21:00,0,0,0
12/31/21 22:00,0,0,0
12/31/21 23:00,0,0,0
4/1/22 0:00,2,2,0
4/1/22 1:00,0,0,0
4/1/22 2:00,4,2,2
4/1/22 3:00,2,0,2
4/1/22 4:00,8,1,7
4/1/22 5:00,22,3,19
4/1/22 6:00,38,4,34
4/1/22 7:00,70,9,61
4/1/22 8:00,76,4,72
4/1/22 9:00,37,5,32
4/1/22 10:00,36,14,22
4/1/22 11:00,23,7,16
4/1/22 12:00,37,19,18
4/1/22 13:00,37,20,17
4/1/22 14:00,44,26,18
4/1/22 15:00,63,40,23
4/1/22 16:00,67,51,16
4/1/22 17:00,96,81,15
4/1/22 18:00,54,46,8
4/1/22 19:00,27,23,4
4/1/22 20:00,14,12,2
4/1/22 21:00,5,4,1
2/1/22 0:00,0,0,0
2/1/22 1:00,0,0,0
2/1/22 2:00,0,0,0
2/1/22 3:00,0,0,0
2/1/22 4:00,0,0,0
2/1/22 5:00,0,0,0
2/1/22 6:00,0,0,0
2/1/22 7:00,0,0,0
2/1/22 8:00,0,0,0
2/1/22 9:00,0,0,0
2/1/22 10:00,0,0,0
2/1/22 11:00,0,0,0
2/1/22 12:00,0,0,0
2/1/22 13:00,0,0,0
2/1/22 14:00,0,0,0
2/1/22 15:00,0,0,0
2/1/22 16:00,63,50,13
2/1/22 17:00,75,64,11
2/1/22 18:00,31,26,5
2/1/22 19:00,13,13,0
2/1/22 20:00,5,4,1
2/1/22 21:00,5,4,1
2/1/22 22:00,1,1,0
2/1/22 23:00,0,0,0
2/2/22 0:00,3,3,0
2/2/22 1:00,1,1,0
2/2/22 2:00,2,0,2
2/2/22 3:00,1,0,1
2/2/22 4:00,1,0,1
2/2/22 5:00,25,7,18
2/2/22 6:00,25,4,21
2/2/22 7:00,50,5,45
2/2/22 8:00,55,8,47
2/2/22 9:00,17,2,15
2/2/22 10:00,16,5,11
2/2/22 11:00,12,1,11
2/2/22 12:00,9,2,7
2/2/22 13:00,13,7,6
2/2/22 14:00,26,13,13
2/2/22 15:00,41,30,11
2/2/22 16:00,54,43,11
2/2/22 17:00,53,43,10
2/2/22 18:00,19,18,1
2/2/22 19:00,14,11,3
2/2/22 20:00,15,11,4
2/2/22 21:00,4,3,1
2/2/22 22:00,3,3,0
2/2/22 23:00,1,0,1
2/3/22 0:00,3,3,0
2/3/22 1:00,1,0,1
2/3/22 2:00,2,1,1
2/3/22 3:00,0,0,0
2/3/22 4:00,3,0,3
2/3/22 5:00,22,6,16
2/3/22 6:00,34,7,27
2/3/22 7:00,47,4,43
2/3/22 8:00,41,2,39
2/3/22 9:00,13,2,11
2/3/22 10:00,13,4,9
2/3/22 11:00,14,3,11
2/3/22 12:00,15,7,8
2/3/22 13:00,12,7,5
2/3/22 14:00,15,7,8
2/3/22 15:00,38,21,17
2/3/22 16:00,54,41,13
2/3/22 17:00,63,51,12
2/3/22 18:00,30,26,4
2/3/22 19:00,19,14,5
2/3/22 20:00,10,8,2
2/3/22 21:00,5,2,3
2/3/22 22:00,3,2,1
2/3/22 23:00,4,4,0
2/4/22 0:00,2,2,0
2/4/22 1:00,2,1,1
2/4/22 2:00,2,0,2
2/4/22 3:00,0,0,0
2/4/22 4:00,5,0,5
2/4/22 5:00,25,6,19
2/4/22 6:00,30,3,27
2/4/22 7:00,46,8,38
2/4/22 8:00,46,7,39
2/4/22 9:00,21,2,19
2/4/22 10:00,16,4,12
2/4/22 11:00,19,3,16
2/4/22 12:00,21,6,15
2/4/22 13:00,23,19,4
2/4/22 14:00,20,12,8
2/4/22 15:00,35,24,11
2/4/22 16:00,43,33,10
2/4/22 17:00,63,57,6
2/4/22 18:00,24,18,6
2/4/22 19:00,12,10,2
2/4/22 20:00,12,9,3
2/4/22 21:00,7,3,4
2/4/22 22:00,8,5,3
2/4/22 23:00,3,2,1
2/5/22 0:00,6,4,2
2/5/22 1:00,0,0,0
2/5/22 2:00,2,1,1
2/5/22 3:00,3,2,1
2/5/22 4:00,5,3,2
2/5/22 5:00,3,1,2
2/5/22 6:00,10,3,7
2/5/22 7:00,10,2,8
2/5/22 8:00,27,6,21
2/5/22 9:00,40,17,23
2/5/22 10:00,28,10,18
2/5/22 11:00,42,24,18
2/5/22 12:00,45,26,19
2/5/22 13:00,48,29,19
2/5/22 14:00,47,24,23
2/5/22 15:00,39,17,22
2/5/22 16:00,43,17,26
2/5/22 17:00,17,15,2
2/5/22 18:00,10,7,3
2/5/22 19:00,6,4,2
2/5/22 20:00,8,6,2
2/5/22 21:00,2,1,1
2/5/22 22:00,2,0,2
2/5/22 23:00,6,3,3
2/6/22 0:00,1,1,0
2/6/22 1:00,2,2,0
2/6/22 2:00,0,0,0
2/6/22 3:00,4,1,3
2/6/22 4:00,2,1,1
2/6/22 5:00,3,0,3
2/6/22 6:00,8,0,8
2/6/22 7:00,7,0,7
2/6/22 8:00,12,2,10
2/6/22 9:00,36,8,28
2/6/22 10:00,45,32,13
2/6/22 11:00,43,31,12
2/6/22 12:00,101,43,58
2/6/22 13:00,84,43,41
2/6/22 14:00,78,37,41
2/6/22 15:00,67,33,34
2/6/22 16:00,62,37,25
2/6/22 17:00,34,15,19
2/6/22 18:00,12,10,2
2/6/22 19:00,2,1,1
2/6/22 20:00,4,3,1
2/6/22 21:00,1,1,0
2/6/22 22:00,3,0,3
2/6/22 23:00,1,1,0
2/7/22 0:00,3,3,0
2/7/22 1:00,1,0,1
2/7/22 2:00,1,0,1
2/7/22 3:00,1,0,1
2/7/22 4:00,5,0,5
2/7/22 5:00,26,8,18
2/7/22 6:00,30,1,29
2/7/22 7:00,69,6,63
2/7/22 8:00,53,3,50
2/7/22 9:00,31,7,24
2/7/22 10:00,13,5,8
2/7/22 11:00,8,3,5
2/7/22 12:00,16,9,7
2/7/22 13:00,9,5,4
2/7/22 14:00,26,12,14
2/7/22 15:00,54,42,12
2/7/22 16:00,54,37,17
2/7/22 17:00,71,61,10
2/7/22 18:00,41,34,7
2/7/22 19:00,12,9,3
2/7/22 20:00,4,3,1
2/7/22 21:00,3,3,0
2/7/22 22:00,7,1,6
2/7/22 23:00,1,1,0
2/8/22 0:00,6,4,2
2/8/22 1:00,1,0,1
2/8/22 2:00,4,1,3
2/8/22 3:00,3,1,2
2/8/22 4:00,6,1,5
2/8/22 5:00,39,7,32
2/8/22 6:00,50,12,38
2/8/22 7:00,67,6,61
2/8/22 8:00,69,6,63
2/8/22 9:00,34,6,28
2/8/22 10:00,21,2,19
2/8/22 11:00,16,3,13
2/8/22 12:00,19,9,10
2/8/22 13:00,33,18,15
2/8/22 14:00,35,23,12
2/8/22 15:00,44,33,11
2/8/22 16:00,78,65,13
2/8/22 17:00,92,71,21
2/8/22 18:00,43,36,7
2/8/22 19:00,18,16,2
2/8/22 20:00,9,7,2
2/8/22 21:00,9,4,5
2/8/22 22:00,5,5,0
2/8/22 23:00,4,3,1
2/9/22 0:00,4,3,1
2/9/22 1:00,2,0,2
2/9/22 2:00,1,1,0
2/9/22 3:00,2,1,1
2/9/22 4:00,4,0,4
2/9/22 5:00,29,4,25
2/9/22 6:00,40,7,33
2/9/22 7:00,72,9,63
2/9/22 8:00,60,5,55
2/9/22 9:00,40,5,35
2/9/22 10:00,24,9,15
2/9/22 11:00,27,7,20
2/9/22 12:00,28,14,14
2/9/22 13:00,24,13,11
2/9/22 14:00,38,28,10
2/9/22 15:00,71,49,22
2/9/22 16:00,82,65,17
2/9/22 17:00,95,78,17
2/9/22 18:00,33,23,10
2/9/22 19:00,15,14,1
2/9/22 20:00,15,12,3
2/9/22 21:00,12,7,5
2/9/22 22:00,10,7,3
2/9/22 23:00,3,1,2
2/10/22 0:00,4,2,2
2/10/22 1:00,1,1,0
2/10/22 2:00,1,0,1
2/10/22 3:00,1,0,1
2/10/22 4:00,5,0,5
2/10/22 5:00,20,5,15
2/10/22 6:00,43,7,36
2/10/22 7:00,66,7,59
2/10/22 8:00,61,6,55
2/10/22 9:00,27,6,21
2/10/22 10:00,19,4,15
2/10/22 11:00,22,5,17
2/10/22 12:00,18,7,11
2/10/22 13:00,16,10,6
2/10/22 14:00,30,15,15
2/10/22 15:00,47,34,13
2/10/22 16:00,63,48,15
2/10/22 17:00,86,71,15
2/10/22 18:00,35,28,7
2/10/22 19:00,15,12,3
2/10/22 20:00,8,6,2
2/10/22 21:00,12,8,4
2/10/22 22:00,6,5,1
2/10/22 23:00,3,2,1
2/11/22 0:00,1,1,0
2/11/22 1:00,2,2,0
2/11/22 2:00,2,1,1
2/11/22 3:00,4,1,3
2/11/22 4:00,7,1,6
2/11/22 5:00,21,2,19
2/11/22 6:00,36,4,32
2/11/22 7:00,58,8,50
2/11/22 8:00,58,10,48
2/11/22 9:00,30,8,22
2/11/22 10:00,24,9,15
2/11/22 11:00,23,8,15
2/11/22 12:00,35,18,17
2/11/22 13:00,32,17,15
2/11/22 14:00,52,28,24
2/11/22 15:00,52,35,17
2/11/22 16:00,75,58,17
2/11/22 17:00,83,67,16
2/11/22 18:00,44,31,13
2/11/22 19:00,7,5,2
2/11/22 20:00,10,10,0
2/11/22 21:00,10,7,3
2/11/22 22:00,4,1,3
2/11/22 23:00,6,4,2
2/12/22 0:00,9,4,5
2/12/22 1:00,2,1,1
2/12/22 2:00,4,1,3
2/12/22 3:00,0,0,0
2/12/22 4:00,3,0,3
2/12/22 5:00,10,3,7
2/12/22 6:00,3,1,2
2/12/22 7:00,10,1,9
2/12/22 8:00,36,11,25
2/12/22 9:00,39,15,24
2/12/22 10:00,48,20,28
2/12/22 11:00,87,39,48
2/12/22 12:00,94,52,42
2/12/22 13:00,91,51,40
2/12/22 14:00,117,70,47
2/12/22 15:00,95,49,46
2/12/22 16:00,78,35,43
2/12/22 17:00,37,24,13
2/12/22 18:00,37,23,14
2/12/22 19:00,8,7,1
2/12/22 20:00,14,9,5
2/12/22 21:00,3,2,1
2/12/22 22:00,9,7,2
2/12/22 23:00,5,2,3
2/13/22 0:00,11,7,4
2/13/22 1:00,2,1,1
2/13/22 2:00,0,0,0
2/13/22 3:00,1,0,1
2/13/22 4:00,3,2,1
2/13/22 5:00,1,0,1
2/13/22 6:00,4,2,2
2/13/22 7:00,4,0,4
2/13/22 8:00,15,4,11
2/13/22 9:00,31,7,24
2/13/22 10:00,48,20,28
2/13/22 11:00,72,40,32
2/13/22 12:00,69,36,33
2/13/22 13:00,113,56,57
2/13/22 14:00,78,41,37
2/13/22 15:00,51,31,20
2/13/22 16:00,39,20,19
2/13/22 17:00,25,13,12
2/13/22 18:00,8,4,4
2/13/22 19:00,9,3,6
2/13/22 20:00,9,4,5
2/13/22 21:00,1,1,0
2/13/22 22:00,4,4,0
2/13/22 23:00,2,1,1
2/14/22 0:00,4,2,2
2/14/22 1:00,1,0,1
2/14/22 2:00,1,1,0
2/14/22 3:00,3,0,3
2/14/22 4:00,6,2,4
2/14/22 5:00,23,6,17
2/14/22 6:00,40,8,32
2/14/22 7:00,54,7,47
2/14/22 8:00,47,5,42
2/14/22 9:00,26,4,22
2/14/22 10:00,14,6,8
2/14/22 11:00,10,4,6
2/14/22 12:00,8,5,3
2/14/22 13:00,10,9,1
2/14/22 14:00,14,9,5
2/14/22 15:00,35,19,16
2/14/22 16:00,69,55,14
2/14/22 17:00,51,42,9
2/14/22 18:00,34,32,2
2/14/22 19:00,8,8,0
2/14/22 20:00,6,3,3
2/14/22 21:00,4,1,3
2/14/22 22:00,6,3,3
2/14/22 23:00,7,2,5
2/15/22 0:00,3,3,0
2/15/22 1:00,2,1,1
2/15/22 2:00,3,2,1
2/15/22 3:00,2,0,2
2/15/22 4:00,4,0,4
2/15/22 5:00,22,5,17
2/15/22 6:00,51,6,45
2/15/22 7:00,73,4,69
2/15/22 8:00,80,9,71
2/15/22 9:00,31,9,22
2/15/22 10:00,16,5,11
2/15/22 11:00,19,9,10
2/15/22 12:00,20,7,13
2/15/22 13:00,20,8,12
2/15/22 14:00,30,20,10
2/15/22 15:00,41,29,12
2/15/22 16:00,73,60,13
2/15/22 17:00,98,86,12
2/15/22 18:00,45,32,13
2/15/22 19:00,14,11,3
2/15/22 20:00,10,9,1
2/15/22 21:00,6,4,2
2/15/22 22:00,5,3,2
2/15/22 23:00,3,3,0
2/16/22 0:00,8,6,2
2/16/22 1:00,3,3,0
2/16/22 2:00,3,2,1
2/16/22 3:00,0,0,0
2/16/22 4:00,4,1,3
2/16/22 5:00,26,5,21
2/16/22 6:00,53,4,49
2/16/22 7:00,82,16,66
2/16/22 8:00,69,3,66
2/16/22 9:00,48,12,36
2/16/22 10:00,27,3,24
2/16/22 11:00,21,11,10
2/16/22 12:00,22,9,13
2/16/22 13:00,36,22,14
2/16/22 14:00,44,25,19
2/16/22 15:00,57,40,17
2/16/22 16:00,84,64,20
2/16/22 17:00,86,73,13
2/16/22 18:00,64,56,8
2/16/22 19:00,12,10,2
2/16/22 20:00,12,11,1
2/16/22 21:00,8,4,4
2/16/22 22:00,7,5,2
2/16/22 23:00,1,1,0
2/17/22 0:00,8,4,4
2/17/22 1:00,2,2,0
2/17/22 2:00,1,1,0
2/17/22 3:00,0,0,0
2/17/22 4:00,2,1,1
2/17/22 5:00,29,5,24
2/17/22 6:00,49,5,44
2/17/22 7:00,82,7,75
2/17/22 8:00,73,8,65
2/17/22 9:00,34,4,30
2/17/22 10:00,25,9,16
2/17/22 11:00,35,14,21
2/17/22 12:00,27,8,19
2/17/22 13:00,32,20,12
2/17/22 14:00,38,24,14
2/17/22 15:00,41,30,11
2/17/22 16:00,79,64,15
2/17/22 17:00,90,80,10
2/17/22 18:00,53,42,11
2/17/22 19:00,18,14,4
2/17/22 20:00,18,11,7
2/17/22 21:00,12,7,5
2/17/22 22:00,11,6,5
2/17/22 23:00,3,1,2
2/18/22 0:00,5,5,0
2/18/22 1:00,2,0,2
2/18/22 2:00,4,3,1
2/18/22 3:00,2,1,1
2/18/22 4:00,6,1,5
2/18/22 5:00,30,4,26
2/18/22 6:00,43,3,40
2/18/22 7:00,60,8,52
2/18/22 8:00,70,8,62
2/18/22 9:00,30,8,22
2/18/22 10:00,38,16,22
2/18/22 11:00,35,14,21
2/18/22 12:00,25,12,13
2/18/22 13:00,32,21,11
2/18/22 14:00,45,23,22
2/18/22 15:00,48,29,19
2/18/22 16:00,90,69,21
2/18/22 17:00,81,64,17
2/18/22 18:00,49,37,12
2/18/22 19:00,15,12,3
2/18/22 20:00,8,7,1
2/18/22 21:00,9,5,4
2/18/22 22:00,7,5,2
2/18/22 23:00,10,7,3
2/19/22 0:00,4,1,3
2/19/22 1:00,3,0,3
2/19/22 2:00,4,2,2
2/19/22 3:00,2,1,1
2/19/22 4:00,2,1,1
2/19/22 5:00,6,0,6
2/19/22 6:00,5,2,3
2/19/22 7:00,5,2,3
2/19/22 8:00,29,14,15
2/19/22 9:00,30,8,22
2/19/22 10:00,17,8,9
2/19/22 11:00,26,11,15
2/19/22 12:00,27,15,12
2/19/22 13:00,24,17,7
2/19/22 14:00,23,11,12
2/19/22 15:00,24,16,8
2/19/22 16:00,13,5,8
2/19/22 17:00,5,3,2
2/19/22 18:00,5,5,0
2/19/22 19:00,4,3,1
2/19/22 20:00,6,4,2
2/19/22 21:00,3,2,1
2/19/22 22:00,2,1,1
2/19/22 23:00,1,0,1
2/20/22 0:00,1,0,1
2/20/22 1:00,3,1,2
2/20/22 2:00,0,0,0
2/20/22 3:00,2,0,2
2/20/22 4:00,3,2,1
2/20/22 5:00,1,0,1
2/20/22 6:00,2,1,1
2/20/22 7:00,5,1,4
2/20/22 8:00,10,6,4
2/20/22 9:00,17,6,11
2/20/22 10:00,17,8,9
2/20/22 11:00,23,6,17
2/20/22 12:00,35,20,15
2/20/22 13:00,43,29,14
2/20/22 14:00,39,19,20
2/20/22 15:00,38,15,23
2/20/22 16:00,18,10,8
2/20/22 17:00,14,10,4
2/20/22 18:00,2,1,1
2/20/22 19:00,6,6,0
2/20/22 20:00,1,1,0
2/20/22 21:00,0,0,0
2/20/22 22:00,3,1,2
2/20/22 23:00,1,1,0
2/21/22 0:00,1,1,0
2/21/22 1:00,3,2,1
2/21/22 2:00,1,0,1
2/21/22 3:00,1,0,1
2/21/22 4:00,3,1,2
2/21/22 5:00,8,2,6
2/21/22 6:00,11,0,11
2/21/22 7:00,22,1,21
2/21/22 8:00,21,4,17
2/21/22 9:00,12,5,7
2/21/22 10:00,14,3,11
2/21/22 11:00,15,10,5
2/21/22 12:00,19,7,12
2/21/22 13:00,27,13,14
2/21/22 14:00,27,18,9
2/21/22 15:00,32,16,16
2/21/22 16:00,52,33,19
2/21/22 17:00,37,25,12
2/21/22 18:00,13,13,0
2/21/22 19:00,9,6,3
2/21/22 20:00,4,4,0
2/21/22 21:00,4,3,1
2/21/22 22:00,3,3,0
2/21/22 23:00,1,1,0
2/22/22 0:00,0,0,0
2/22/22 1:00,0,0,0
2/22/22 2:00,1,1,0
2/22/22 3:00,1,0,1
2/22/22 4:00,3,1,2
2/22/22 5:00,18,6,12
2/22/22 6:00,16,2,14
2/22/22 7:00,25,1,24
2/22/22 8:00,25,5,20
2/22/22 9:00,11,4,7
2/22/22 10:00,5,0,5
2/22/22 11:00,4,2,2
2/22/22 12:00,9,4,5
2/22/22 13:00,8,5,3
2/22/22 14:00,10,5,5
2/22/22 15:00,14,9,5
2/22/22 16:00,27,24,3
2/22/22 17:00,31,23,8
2/22/22 18:00,13,9,4
2/22/22 19:00,6,3,3
2/22/22 20:00,11,4,7
2/22/22 21:00,3,2,1
2/22/22 22:00,3,1,2
2/22/22 23:00,1,1,0
2/23/22 0:00,4,4,0
2/23/22 1:00,0,0,0
2/23/22 2:00,2,2,0
2/23/22 3:00,0,0,0
2/23/22 4:00,3,0,3
2/23/22 5:00,15,5,10
2/23/22 6:00,20,4,16
2/23/22 7:00,26,1,25
2/23/22 8:00,29,0,29
2/23/22 9:00,20,3,17
2/23/22 10:00,9,1,8
2/23/22 11:00,16,7,9
2/23/22 12:00,16,3,13
2/23/22 13:00,17,9,8
2/23/22 14:00,20,14,6
2/23/22 15:00,31,18,13
2/23/22 16:00,41,31,10
2/23/22 17:00,44,37,7
2/23/22 18:00,25,20,5
2/23/22 19:00,4,3,1
2/23/22 20:00,8,6,2
2/23/22 21:00,3,2,1
2/23/22 22:00,3,2,1
2/23/22 23:00,4,3,1
2/24/22 0:00,1,1,0
2/24/22 1:00,1,0,1
2/24/22 2:00,3,1,2
2/24/22 3:00,1,0,1
2/24/22 4:00,2,0,2
2/24/22 5:00,12,3,9
2/24/22 6:00,15,2,13
2/24/22 7:00,23,0,23
2/24/22 8:00,24,2,22
2/24/22 9:00,20,4,16
2/24/22 10:00,8,2,6
2/24/22 11:00,10,4,6
2/24/22 12:00,16,4,12
2/24/22 13:00,10,5,5
2/24/22 14:00,26,17,9
2/24/22 15:00,30,18,12
2/24/22 16:00,37,25,12
2/24/22 17:00,46,39,7
2/24/22 18:00,12,9,3
2/24/22 19:00,11,8,3
2/24/22 20:00,8,7,1
2/24/22 21:00,9,8,1
2/24/22 22:00,1,1,0
2/24/22 23:00,5,4,1
2/25/22 0:00,1,0,1
2/25/22 1:00,2,2,0
2/25/22 2:00,0,0,0
2/25/22 3:00,1,0,1
2/25/22 4:00,6,0,6
2/25/22 5:00,14,1,13
2/25/22 6:00,13,1,12
2/25/22 7:00,34,5,29
2/25/22 8:00,27,2,25
2/25/22 9:00,20,2,18
2/25/22 10:00,13,3,10
2/25/22 11:00,15,9,6
2/25/22 12:00,15,6,9
2/25/22 13:00,36,18,18
2/25/22 14:00,42,23,19
2/25/22 15:00,56,41,15
2/25/22 16:00,55,41,14
2/25/22 17:00,51,41,10
2/25/22 18:00,23,16,7
2/25/22 19:00,8,3,5
2/25/22 20:00,3,3,0
2/25/22 21:00,4,1,3
2/25/22 22:00,7,7,0
2/25/22 23:00,2,2,0
2/26/22 0:00,3,3,0
2/26/22 1:00,0,0,0
2/26/22 2:00,3,1,2
2/26/22 3:00,1,0,1
2/26/22 4:00,2,0,2
2/26/22 5:00,5,0,5
2/26/22 6:00,12,2,10
2/26/22 7:00,11,2,9
2/26/22 8:00,37,23,14
2/26/22 9:00,25,5,20
2/26/22 10:00,35,19,16
2/26/22 11:00,61,21,40
2/26/22 12:00,34,27,7
2/26/22 13:00,31,16,15
2/26/22 14:00,36,17,19
2/26/22 15:00,22,12,10
2/26/22 16:00,4,4,0
2/26/22 17:00,11,8,3
2/26/22 18:00,8,6,2
2/26/22 19:00,4,2,2
2/26/22 20:00,3,3,0
2/26/22 21:00,1,0,1
2/26/22 22:00,1,1,0
2/26/22 23:00,7,5,2
2/27/22 0:00,2,0,2
2/27/22 1:00,0,0,0
2/27/22 2:00,0,0,0
2/27/22 3:00,1,1,0
2/27/22 4:00,2,0,2
2/27/22 5:00,2,0,2
2/27/22 6:00,5,2,3
2/27/22 7:00,15,0,15
2/27/22 8:00,19,3,16
2/27/22 9:00,8,4,4
2/27/22 10:00,15,8,7
2/27/22 11:00,13,6,7
2/27/22 12:00,15,9,6
2/27/22 13:00,15,9,6
2/27/22 14:00,21,17,4
2/27/22 15:00,8,7,1
2/27/22 16:00,4,3,1
2/27/22 17:00,5,3,2
2/27/22 18:00,5,2,3
2/27/22 19:00,2,1,1
2/27/22 20:00,2,1,1
2/27/22 21:00,2,2,0
2/27/22 22:00,4,1,3
2/27/22 23:00,1,0,1
2/28/22 0:00,1,1,0
2/28/22 1:00,0,0,0
2/28/22 2:00,0,0,0
2/28/22 3:00,0,0,0
2/28/22 4:00,7,1,6
2/28/22 5:00,16,3,13
2/28/22 6:00,24,4,20
2/28/22 7:00,30,5,25
2/28/22 8:00,36,3,33
2/28/22 9:00,14,3,11
2/28/22 10:00,9,3,6
2/28/22 11:00,6,2,4
2/28/22 12:00,0,0,0
2/28/22 13:00,9,6,3
2/28/22 14:00,11,8,3
2/28/22 15:00,21,16,5
2/28/22 16:00,24,20,4
2/28/22 17:00,42,37,5
2/28/22 18:00,23,20,3
2/28/22 19:00,4,2,2
2/28/22 20:00,0,0,0
2/28/22 21:00,0,0,0
2/28/22 22:00,0,0,0
2/28/22 23:00,0,0,0
4/1/22 22:00,4,3,1
4/1/22 23:00,8,8,0
4/2/22 0:00,2,1,1
4/2/22 1:00,2,1,1
4/2/22 2:00,0,0,0
4/2/22 3:00,3,1,2
4/2/22 4:00,1,0,1
3/1/22 0:00,0,0,0
3/1/22 1:00,0,0,0
3/1/22 2:00,0,0,0
3/1/22 3:00,0,0,0
3/1/22 4:00,0,0,0
3/1/22 5:00,0,0,0
3/1/22 6:00,0,0,0
3/1/22 7:00,0,0,0
3/1/22 8:00,0,0,0
3/1/22 9:00,0,0,0
3/1/22 10:00,0,0,0
3/1/22 11:00,0,0,0
3/1/22 12:00,0,0,0
3/1/22 13:00,0,0,0
3/1/22 14:00,0,0,0
3/1/22 15:00,0,0,0
3/1/22 16:00,0,0,0
3/1/22 17:00,0,0,0
3/1/22 18:00,0,0,0
3/1/22 19:00,0,0,0
3/1/22 20:00,0,0,0
3/1/22 21:00,0,0,0
3/1/22 22:00,0,0,0
3/1/22 23:00,0,0,0
3/2/22 0:00,0,0,0
3/2/22 1:00,0,0,0
3/2/22 2:00,0,0,0
3/2/22 3:00,0,0,0
3/2/22 4:00,0,0,0
3/2/22 5:00,0,0,0
3/2/22 6:00,0,0,0
3/2/22 7:00,0,0,0
3/2/22 8:00,0,0,0
3/2/22 9:00,0,0,0
3/2/22 10:00,0,0,0
3/2/22 11:00,0,0,0
3/2/22 12:00,0,0,0
3/2/22 13:00,0,0,0
3/2/22 14:00,0,0,0
3/2/22 15:00,0,0,0
3/2/22 16:00,0,0,0
3/2/22 17:00,0,0,0
3/2/22 18:00,0,0,0
3/2/22 19:00,0,0,0
3/2/22 20:00,0,0,0
3/2/22 21:00,0,0,0
3/2/22 22:00,0,0,0
3/2/22 23:00,0,0,0
3/3/22 0:00,0,0,0
3/3/22 1:00,0,0,0
3/3/22 2:00,0,0,0
3/3/22 3:00,0,0,0
3/3/22 4:00,0,0,0
3/3/22 5:00,0,0,0
3/3/22 6:00,0,0,0
3/3/22 7:00,0,0,0
3/3/22 8:00,0,0,0
3/3/22 9:00,0,0,0
3/3/22 10:00,0,0,0
3/3/22 11:00,12,2,10
3/3/22 12:00,17,5,12
3/3/22 13:00,26,11,15
3/3/22 14:00,32,18,14
3/3/22 15:00,44,26,18
3/3/22 16:00,81,60,21
3/3/22 17:00,82,70,12
3/3/22 18:00,46,36,10
3/3/22 19:00,17,11,6
3/3/22 20:00,13,10,3
3/3/22 21:00,9,7,2
3/3/22 22:00,4,3,1
3/3/22 23:00,5,4,1
3/4/22 0:00,4,1,3
3/4/22 1:00,2,1,1
3/4/22 2:00,0,0,0
3/4/22 3:00,2,1,1
3/4/22 4:00,10,1,9
3/4/22 5:00,15,2,13
3/4/22 6:00,26,2,24
3/4/22 7:00,64,11,53
3/4/22 8:00,55,4,51
3/4/22 9:00,43,7,36
3/4/22 10:00,18,3,15
3/4/22 11:00,17,8,9
3/4/22 12:00,21,11,10
3/4/22 13:00,29,15,14
3/4/22 14:00,28,19,9
3/4/22 15:00,42,30,12
3/4/22 16:00,65,57,8
3/4/22 17:00,77,69,8
3/4/22 18:00,43,33,10
3/4/22 19:00,18,16,2
3/4/22 20:00,11,9,2
3/4/22 21:00,12,7,5
3/4/22 22:00,5,2,3
3/4/22 23:00,28,3,25
3/5/22 0:00,4,3,1
3/5/22 1:00,4,3,1
3/5/22 2:00,1,0,1
3/5/22 3:00,2,1,1
3/5/22 4:00,3,3,0
3/5/22 5:00,7,0,7
3/5/22 6:00,6,2,4
3/5/22 7:00,16,3,13
3/5/22 8:00,33,10,23
3/5/22 9:00,30,8,22
3/5/22 10:00,36,23,13
3/5/22 11:00,42,21,21
3/5/22 12:00,55,28,27
3/5/22 13:00,74,46,28
3/5/22 14:00,77,30,47
3/5/22 15:00,76,38,38
3/5/22 16:00,62,25,37
3/5/22 17:00,43,23,20
3/5/22 18:00,19,11,8
3/5/22 19:00,9,8,1
3/5/22 20:00,11,4,7
3/5/22 21:00,5,3,2
3/5/22 22:00,7,3,4
3/5/22 23:00,3,2,1
3/6/22 0:00,5,3,2
3/6/22 1:00,2,1,1
3/6/22 2:00,0,0,0
3/6/22 3:00,1,0,1
3/6/22 4:00,1,0,1
3/6/22 5:00,5,1,4
3/6/22 6:00,7,3,4
3/6/22 7:00,13,6,7
3/6/22 8:00,38,3,35
3/6/22 9:00,35,13,22
3/6/22 10:00,46,31,15
3/6/22 11:00,49,31,18
3/6/22 12:00,67,35,32
3/6/22 13:00,53,26,27
3/6/22 14:00,69,38,31
3/6/22 15:00,57,30,27
3/6/22 16:00,64,38,26
3/6/22 17:00,27,14,13
3/6/22 18:00,19,11,8
3/6/22 19:00,9,5,4
3/6/22 20:00,4,3,1
3/6/22 21:00,5,2,3
3/6/22 22:00,2,1,1
3/6/22 23:00,1,1,0
3/7/22 0:00,3,2,1
3/7/22 1:00,0,0,0
3/7/22 2:00,2,0,2
3/7/22 3:00,1,1,0
3/7/22 4:00,7,0,7
3/7/22 5:00,23,6,17
3/7/22 6:00,52,3,49
3/7/22 7:00,81,12,69
3/7/22 8:00,58,7,51
3/7/22 9:00,38,12,26
3/7/22 10:00,18,6,12
3/7/22 11:00,17,5,12
3/7/22 12:00,15,9,6
3/7/22 13:00,25,12,13
3/7/22 14:00,34,18,16
3/7/22 15:00,55,36,19
3/7/22 16:00,85,72,13
3/7/22 17:00,81,65,16
3/7/22 18:00,46,39,7
3/7/22 19:00,20,17,3
3/7/22 20:00,10,8,2
3/7/22 21:00,5,4,1
3/7/22 22:00,4,4,0
3/7/22 23:00,2,0,2
3/8/22 0:00,3,3,0
3/8/22 1:00,0,0,0
3/8/22 2:00,1,1,0
3/8/22 3:00,2,1,1
3/8/22 4:00,11,6,5
3/8/22 5:00,21,7,14
3/8/22 6:00,43,2,41
3/8/22 7:00,70,9,61
3/8/22 8:00,49,3,46
3/8/22 9:00,30,4,26
3/8/22 10:00,14,3,11
3/8/22 11:00,15,3,12
3/8/22 12:00,7,2,5
3/8/22 13:00,17,10,7
3/8/22 14:00,25,16,9
3/8/22 15:00,41,26,15
3/8/22 16:00,58,46,12
3/8/22 17:00,92,74,18
3/8/22 18:00,36,31,5
3/8/22 19:00,18,17,1
3/8/22 20:00,12,10,2
3/8/22 21:00,12,9,3
3/8/22 22:00,5,4,1
3/8/22 23:00,1,1,0
3/9/22 0:00,4,4,0
3/9/22 1:00,5,3,2
3/9/22 2:00,3,0,3
3/9/22 3:00,0,0,0
3/9/22 4:00,9,1,8
3/9/22 5:00,27,5,22
3/9/22 6:00,47,6,41
3/9/22 7:00,82,8,74
3/9/22 8:00,80,4,76
3/9/22 9:00,43,4,39
3/9/22 10:00,32,7,25
3/9/22 11:00,23,12,11
3/9/22 12:00,31,12,19
3/9/22 13:00,40,27,13
3/9/22 14:00,54,31,23
3/9/22 15:00,62,42,20
3/9/22 16:00,93,73,20
3/9/22 17:00,106,90,16
3/9/22 18:00,64,54,10
3/9/22 19:00,21,15,6
3/9/22 20:00,10,8,2
3/9/22 21:00,7,5,2
3/9/22 22:00,7,5,2
3/9/22 23:00,3,3,0
3/10/22 0:00,5,5,0
3/10/22 1:00,0,0,0
3/10/22 2:00,0,0,0
3/10/22 3:00,1,0,1
3/10/22 4:00,6,0,6
3/10/22 5:00,16,3,13
3/10/22 6:00,40,3,37
3/10/22 7:00,84,10,74
3/10/22 8:00,73,5,68
3/10/22 9:00,43,8,35
3/10/22 10:00,18,7,11
3/10/22 11:00,25,9,16
3/10/22 12:00,25,11,14
3/10/22 13:00,41,13,28
3/10/22 14:00,33,26,7
3/10/22 15:00,63,42,21
3/10/22 16:00,77,59,18
3/10/22 17:00,88,75,13
3/10/22 18:00,53,46,7
3/10/22 19:00,26,22,4
3/10/22 20:00,17,13,4
3/10/22 21:00,7,6,1
3/10/22 22:00,7,6,1
3/10/22 23:00,2,0,2
3/11/22 0:00,3,3,0
3/11/22 1:00,1,1,0
3/11/22 2:00,1,0,1
3/11/22 3:00,1,0,1
3/11/22 4:00,7,1,6
3/11/22 5:00,19,3,16
3/11/22 6:00,34,4,30
3/11/22 7:00,72,13,59
3/11/22 8:00,68,5,63
3/11/22 9:00,23,10,13
3/11/22 10:00,20,7,13
3/11/22 11:00,23,6,17
3/11/22 12:00,15,8,7
3/11/22 13:00,31,14,17
3/11/22 14:00,35,21,14
3/11/22 15:00,59,38,21
3/11/22 16:00,74,56,18
3/11/22 17:00,87,72,15
3/11/22 18:00,39,30,9
3/11/22 19:00,16,12,4
3/11/22 20:00,8,7,1
3/11/22 21:00,10,8,2
3/11/22 22:00,7,4,3
3/11/22 23:00,2,2,0
3/12/22 0:00,3,2,1
3/12/22 1:00,3,3,0
3/12/22 2:00,0,0,0
3/12/22 3:00,2,0,2
3/12/22 4:00,2,0,2
3/12/22 5:00,9,1,8
3/12/22 6:00,4,1,3
3/12/22 7:00,15,3,12
3/12/22 8:00,34,13,21
3/12/22 9:00,40,23,17
3/12/22 10:00,65,22,43
3/12/22 11:00,84,37,47
3/12/22 12:00,64,24,40
3/12/22 13:00,92,45,47
3/12/22 14:00,80,45,35
3/12/22 15:00,56,36,20
3/12/22 16:00,24,15,9
3/12/22 17:00,10,7,3
3/12/22 18:00,12,11,1
3/12/22 19:00,8,7,1
3/12/22 20:00,1,1,0
3/12/22 21:00,3,1,2
3/12/22 22:00,3,2,1
3/12/22 23:00,6,0,6
3/13/22 0:00,3,2,1
3/13/22 1:00,2,1,1
3/13/22 2:00,,,
3/13/22 3:00,1,0,1
3/13/22 4:00,2,0,2
3/13/22 5:00,2,0,2
3/13/22 6:00,5,1,4
3/13/22 7:00,5,2,3
3/13/22 8:00,8,2,6
3/13/22 9:00,15,5,10
3/13/22 10:00,34,8,26
3/13/22 11:00,56,40,16
3/13/22 12:00,54,29,25
3/13/22 13:00,62,31,31
3/13/22 14:00,44,25,19
3/13/22 15:00,41,16,25
3/13/22 16:00,31,14,17
3/13/22 17:00,28,17,11
3/13/22 18:00,16,8,8
3/13/22 19:00,7,4,3
3/13/22 20:00,8,5,3
3/13/22 21:00,4,1,3
3/13/22 22:00,2,1,1
3/13/22 23:00,1,1,0
3/14/22 0:00,0,0,0
3/14/22 1:00,2,1,1
3/14/22 2:00,0,0,0
3/14/22 3:00,2,1,1
3/14/22 4:00,7,1,6
3/14/22 5:00,23,3,20
3/14/22 6:00,31,4,27
3/14/22 7:00,57,8,49
3/14/22 8:00,53,7,46
3/14/22 9:00,16,3,13
3/14/22 10:00,25,11,14
3/14/22 11:00,9,5,4
3/14/22 12:00,7,0,7
3/14/22 13:00,10,9,1
3/14/22 14:00,10,3,7
3/14/22 15:00,26,23,3
3/14/22 16:00,43,36,7
3/14/22 17:00,57,52,5
3/14/22 18:00,34,31,3
3/14/22 19:00,7,6,1
3/14/22 20:00,1,1,0
3/14/22 21:00,4,2,2
3/14/22 22:00,2,2,0
3/14/22 23:00,1,1,0
3/15/22 0:00,3,2,1
3/15/22 1:00,1,0,1
3/15/22 2:00,1,1,0
3/15/22 3:00,3,1,2
3/15/22 4:00,8,1,7
3/15/22 5:00,18,4,14
3/15/22 6:00,36,3,33
3/15/22 7:00,64,7,57
3/15/22 8:00,63,6,57
3/15/22 9:00,31,4,27
3/15/22 10:00,13,2,11
3/15/22 11:00,10,2,8
3/15/22 12:00,19,8,11
3/15/22 13:00,16,10,6
3/15/22 14:00,28,20,8
3/15/22 15:00,37,25,12
3/15/22 16:00,49,40,9
3/15/22 17:00,92,79,13
3/15/22 18:00,46,36,10
3/15/22 19:00,11,11,0
3/15/22 20:00,7,7,0
3/15/22 21:00,3,2,1
3/15/22 22:00,4,3,1
3/15/22 23:00,3,3,0
3/16/22 0:00,1,1,0
3/16/22 1:00,0,0,0
3/16/22 2:00,3,3,0
3/16/22 3:00,1,0,1
3/16/22 4:00,5,1,4
3/16/22 5:00,20,3,17
3/16/22 6:00,42,4,38
3/16/22 7:00,87,8,79
3/16/22 8:00,68,2,66
3/16/22 9:00,43,5,38
3/16/22 10:00,23,7,16
3/16/22 11:00,18,5,13
3/16/22 12:00,16,8,8
3/16/22 13:00,23,10,13
3/16/22 14:00,39,20,19
3/16/22 15:00,54,37,17
3/16/22 16:00,95,71,24
3/16/22 17:00,130,105,25
3/16/22 18:00,80,61,19
3/16/22 19:00,35,23,12
3/16/22 20:00,18,13,5
3/16/22 21:00,7,6,1
3/16/22 22:00,4,3,1
3/16/22 23:00,7,6,1
3/17/22 0:00,2,2,0
3/17/22 1:00,1,1,0
3/17/22 2:00,1,1,0
3/17/22 3:00,4,3,1
3/17/22 4:00,6,2,4
3/17/22 5:00,14,1,13
3/17/22 6:00,37,3,34
3/17/22 7:00,73,8,65
3/17/22 8:00,72,5,67
3/17/22 9:00,38,5,33
3/17/22 10:00,14,1,13
3/17/22 11:00,17,5,12
3/17/22 12:00,14,4,10
3/17/22 13:00,31,17,14
3/17/22 14:00,32,18,14
3/17/22 15:00,36,27,9
3/17/22 16:00,64,59,5
3/17/22 17:00,69,63,6
3/17/22 18:00,56,52,4
3/17/22 19:00,25,20,5
3/17/22 20:00,14,10,4
3/17/22 21:00,5,5,0
3/17/22 22:00,2,0,2
3/17/22 23:00,1,1,0
3/18/22 0:00,1,1,0
3/18/22 1:00,1,1,0
3/18/22 2:00,3,2,1
3/18/22 3:00,2,2,0
3/18/22 4:00,8,1,7
3/18/22 5:00,16,3,13
3/18/22 6:00,33,3,30
3/18/22 7:00,56,4,52
3/18/22 8:00,73,5,68
3/18/22 9:00,35,7,28
3/18/22 10:00,21,4,17
3/18/22 11:00,21,6,15
3/18/22 12:00,10,7,3
3/18/22 13:00,30,18,12
3/18/22 14:00,32,20,12
3/18/22 15:00,48,28,20
3/18/22 16:00,77,62,15
3/18/22 17:00,81,67,14
3/18/22 18:00,48,39,9
3/18/22 19:00,25,16,9
3/18/22 20:00,6,6,0
3/18/22 21:00,5,4,1
3/18/22 22:00,2,2,0
3/18/22 23:00,1,1,0
3/19/22 0:00,2,2,0
3/19/22 1:00,1,1,0
3/19/22 2:00,0,0,0
3/19/22 3:00,0,0,0
3/19/22 4:00,3,1,2
3/19/22 5:00,1,0,1
3/19/22 6:00,3,1,2
3/19/22 7:00,5,4,1
3/19/22 8:00,7,2,5
3/19/22 9:00,16,4,12
3/19/22 10:00,17,6,11
3/19/22 11:00,17,7,10
3/19/22 12:00,40,19,21
3/19/22 13:00,27,14,13
3/19/22 14:00,22,13,9
3/19/22 15:00,31,16,15
3/19/22 16:00,13,9,4
3/19/22 17:00,14,7,7
3/19/22 18:00,8,6,2
3/19/22 19:00,6,3,3
3/19/22 20:00,6,4,2
3/19/22 21:00,5,3,2
3/19/22 22:00,7,3,4
3/19/22 23:00,2,1,1
3/20/22 0:00,1,0,1
3/20/22 1:00,1,0,1
3/20/22 2:00,1,1,0
3/20/22 3:00,2,1,1
3/20/22 4:00,1,0,1
3/20/22 5:00,2,0,2
3/20/22 6:00,3,0,3
3/20/22 7:00,12,3,9
3/20/22 8:00,13,5,8
3/20/22 9:00,25,12,13
3/20/22 10:00,35,15,20
3/20/22 11:00,52,30,22
3/20/22 12:00,43,29,14
3/20/22 13:00,34,16,18
3/20/22 14:00,18,10,8
3/20/22 15:00,6,0,6
3/20/22 16:00,10,10,0
3/20/22 17:00,8,8,0
3/20/22 18:00,7,5,2
3/20/22 19:00,5,3,2
3/20/22 20:00,1,0,1
3/20/22 21:00,1,0,1
3/20/22 22:00,0,0,0
3/20/22 23:00,2,0,2
3/21/22 0:00,1,1,0
3/21/22 1:00,4,2,2
3/21/22 2:00,2,2,0
3/21/22 3:00,0,0,0
3/21/22 4:00,5,0,5
3/21/22 5:00,11,2,9
3/21/22 6:00,23,5,18
3/21/22 7:00,53,7,46
3/21/22 8:00,39,3,36
3/21/22 9:00,16,1,15
3/21/22 10:00,10,2,8
3/21/22 11:00,2,2,0
3/21/22 12:00,7,1,6
3/21/22 13:00,8,6,2
3/21/22 14:00,18,13,5
3/21/22 15:00,33,18,15
3/21/22 16:00,43,36,7
3/21/22 17:00,50,44,6
3/21/22 18:00,35,30,5
3/21/22 19:00,16,12,4
3/21/22 20:00,4,2,2
3/21/22 21:00,2,1,1
3/21/22 22:00,1,1,0
3/21/22 23:00,5,4,1
3/22/22 0:00,0,0,0
3/22/22 1:00,0,0,0
3/22/22 2:00,0,0,0
3/22/22 3:00,3,2,1
3/22/22 4:00,10,1,9
3/22/22 5:00,15,2,13
3/22/22 6:00,46,8,38
3/22/22 7:00,92,10,82
3/22/22 8:00,88,7,81
3/22/22 9:00,50,4,46
3/22/22 10:00,23,7,16
3/22/22 11:00,23,4,19
3/22/22 12:00,19,9,10
3/22/22 13:00,38,18,20
3/22/22 14:00,41,26,15
3/22/22 15:00,69,38,31
3/22/22 16:00,113,95,18
3/22/22 17:00,147,119,28
3/22/22 18:00,88,69,19
3/22/22 19:00,31,15,16
3/22/22 20:00,20,9,11
3/22/22 21:00,11,10,1
3/22/22 22:00,8,3,5
3/22/22 23:00,6,5,1
3/23/22 0:00,3,2,1
3/23/22 1:00,1,1,0
3/23/22 2:00,1,1,0
3/23/22 3:00,1,0,1
3/23/22 4:00,8,0,8
3/23/22 5:00,18,3,15
3/23/22 6:00,44,9,35
3/23/22 7:00,78,9,69
3/23/22 8:00,67,4,63
3/23/22 9:00,45,4,41
3/23/22 10:00,18,3,15
3/23/22 11:00,19,8,11
3/23/22 12:00,21,8,13
3/23/22 13:00,14,8,6
3/23/22 14:00,30,18,12
3/23/22 15:00,35,27,8
3/23/22 16:00,89,74,15
3/23/22 17:00,74,62,12
3/23/22 18:00,38,33,5
3/23/22 19:00,23,21,2
3/23/22 20:00,11,10,1
3/23/22 21:00,12,10,2
3/23/22 22:00,3,3,0
3/23/22 23:00,0,0,0
3/24/22 0:00,1,1,0
3/24/22 1:00,0,0,0
3/24/22 2:00,1,1,0
3/24/22 3:00,5,2,3
3/24/22 4:00,8,1,7
3/24/22 5:00,22,4,18
3/24/22 6:00,44,6,38
3/24/22 7:00,78,5,73
3/24/22 8:00,76,9,67
3/24/22 9:00,59,7,52
3/24/22 10:00,35,6,29
3/24/22 11:00,24,13,11
3/24/22 12:00,29,16,13
3/24/22 13:00,30,13,17
3/24/22 14:00,41,23,18
3/24/22 15:00,61,47,14
3/24/22 16:00,112,85,27
3/24/22 17:00,104,88,16
3/24/22 18:00,79,60,19
3/24/22 19:00,25,18,7
3/24/22 20:00,17,13,4
3/24/22 21:00,11,7,4
3/24/22 22:00,4,3,1
3/24/22 23:00,5,3,2
3/25/22 0:00,3,3,0
3/25/22 1:00,3,0,3
3/25/22 2:00,4,3,1
3/25/22 3:00,1,1,0
3/25/22 4:00,7,0,7
3/25/22 5:00,18,4,14
3/25/22 6:00,42,5,37
3/25/22 7:00,67,11,56
3/25/22 8:00,59,4,55
3/25/22 9:00,51,11,40
3/25/22 10:00,44,14,30
3/25/22 11:00,28,9,19
3/25/22 12:00,31,19,12
3/25/22 13:00,42,24,18
3/25/22 14:00,57,29,28
3/25/22 15:00,71,55,16
3/25/22 16:00,79,52,27
3/25/22 17:00,111,80,31
3/25/22 18:00,62,48,14
3/25/22 19:00,32,19,13
3/25/22 20:00,13,12,1
3/25/22 21:00,14,9,5
3/25/22 22:00,9,8,1
3/25/22 23:00,7,4,3
3/26/22 0:00,3,3,0
3/26/22 1:00,3,1,2
3/26/22 2:00,1,0,1
3/26/22 3:00,3,2,1
3/26/22 4:00,2,0,2
3/26/22 5:00,3,0,3
3/26/22 6:00,5,1,4
3/26/22 7:00,8,2,6
3/26/22 8:00,25,8,17
3/26/22 9:00,26,10,16
3/26/22 10:00,33,17,16
3/26/22 11:00,32,15,17
3/26/22 12:00,35,17,18
3/26/22 13:00,31,13,18
3/26/22 14:00,44,23,21
3/26/22 15:00,37,24,13
3/26/22 16:00,22,14,8
3/26/22 17:00,29,9,20
3/26/22 18:00,22,20,2
3/26/22 19:00,9,5,4
3/26/22 20:00,7,3,4
3/26/22 21:00,5,3,2
3/26/22 22:00,13,11,2
3/26/22 23:00,5,4,1
3/27/22 0:00,7,6,1
3/27/22 1:00,2,1,1
3/27/22 2:00,3,1,2
3/27/22 3:00,4,1,3
3/27/22 4:00,2,0,2
3/27/22 5:00,4,1,3
3/27/22 6:00,9,5,4
3/27/22 7:00,11,5,6
3/27/22 8:00,22,7,15
3/27/22 9:00,46,17,29
3/27/22 10:00,34,15,19
3/27/22 11:00,90,35,55
3/27/22 12:00,77,31,46
3/27/22 13:00,85,51,34
3/27/22 14:00,81,47,34
3/27/22 15:00,73,36,37
3/27/22 16:00,62,39,23
3/27/22 17:00,57,21,36
3/27/22 18:00,28,15,13
3/27/22 19:00,12,7,5
3/27/22 20:00,7,6,1
3/27/22 21:00,9,4,5
3/27/22 22:00,2,1,1
3/27/22 23:00,4,2,2
3/28/22 0:00,6,5,1
3/28/22 1:00,0,0,0
3/28/22 2:00,3,2,1
3/28/22 3:00,2,1,1
3/28/22 4:00,11,2,9
3/28/22 5:00,31,5,26
3/28/22 6:00,41,6,35
3/28/22 7:00,91,7,84
3/28/22 8:00,83,5,78
3/28/22 9:00,39,7,32
3/28/22 10:00,35,9,26
3/28/22 11:00,26,9,17
3/28/22 12:00,18,9,9
3/28/22 13:00,22,14,8
3/28/22 14:00,28,20,8
3/28/22 15:00,48,33,15
3/28/22 16:00,95,84,11
3/28/22 17:00,82,73,9
3/28/22 18:00,59,50,9
3/28/22 19:00,21,16,5
3/28/22 20:00,7,4,3
3/28/22 21:00,5,5,0
3/28/22 22:00,7,5,2
3/28/22 23:00,4,3,1
3/29/22 0:00,3,3,0
3/29/22 1:00,2,2,0
3/29/22 2:00,2,1,1
3/29/22 3:00,1,0,1
3/29/22 4:00,5,0,5
3/29/22 5:00,34,4,30
3/29/22 6:00,53,7,46
3/29/22 7:00,109,10,99
3/29/22 8:00,120,10,110
3/29/22 9:00,55,7,48
3/29/22 10:00,31,11,20
3/29/22 11:00,32,11,21
3/29/22 12:00,33,12,21
3/29/22 13:00,38,23,15
3/29/22 14:00,39,25,14
3/29/22 15:00,83,54,29
3/29/22 16:00,123,103,20
3/29/22 17:00,166,133,33
3/29/22 18:00,89,71,18
3/29/22 19:00,35,29,6
3/29/22 20:00,14,11,3
3/29/22 21:00,15,12,3
3/29/22 22:00,11,5,6
3/29/22 23:00,6,6,0
3/30/22 0:00,2,2,0
3/30/22 1:00,1,1,0
3/30/22 2:00,1,0,1
3/30/22 3:00,2,0,2
3/30/22 4:00,9,1,8
3/30/22 5:00,23,5,18
3/30/22 6:00,50,4,46
3/30/22 7:00,77,4,73
3/30/22 8:00,67,5,62
3/30/22 9:00,39,5,34
3/30/22 10:00,25,6,19
3/30/22 11:00,15,6,9
3/30/22 12:00,19,11,8
3/30/22 13:00,31,16,15
3/30/22 14:00,23,12,11
3/30/22 15:00,41,33,8
3/30/22 16:00,78,61,17
3/30/22 17:00,86,68,18
3/30/22 18:00,42,35,7
3/30/22 19:00,24,22,2
3/30/22 20:00,16,15,1
3/30/22 21:00,9,8,1
3/30/22 22:00,3,2,1
3/30/22 23:00,5,5,0
3/31/22 0:00,1,1,0
3/31/22 1:00,2,2,0
3/31/22 2:00,2,0,2
3/31/22 3:00,1,0,1
3/31/22 4:00,6,0,6
3/31/22 5:00,22,1,21
3/31/22 6:00,54,7,47
3/31/22 7:00,92,11,81
3/31/22 8:00,81,6,75
3/31/22 9:00,48,8,40
3/31/22 10:00,24,7,17
3/31/22 11:00,13,3,10
3/31/22 12:00,,,
3/31/22 13:00,,,
3/31/22 14:00,,,
3/31/22 15:00,,,
3/31/22 16:00,,,
3/31/22 17:00,,,
3/31/22 18:00,,,
3/31/22 19:00,,,
3/31/22 20:00,,,
3/31/22 21:00,,,
3/31/22 22:00,,,
3/31/22 23:00,,,
4/2/22 5:00,2,1,1
4/2/22 6:00,5,1,4
4/2/22 7:00,16,8,8
4/2/22 8:00,29,9,20
4/2/22 9:00,27,13,14
4/2/22 10:00,57,19,38
4/2/22 11:00,85,38,47
4/2/22 12:00,80,38,42
4/2/22 13:00,78,28,50
4/2/22 14:00,66,34,32
4/2/22 15:00,64,37,27
4/2/22 16:00,70,46,24
4/2/22 17:00,44,26,18
4/2/22 18:00,47,20,27
4/2/22 19:00,29,20,9
4/2/22 20:00,10,5,5
4/2/22 21:00,7,6,1
4/2/22 22:00,6,5,1
4/2/22 23:00,2,1,1
4/3/22 0:00,1,0,1
4/3/22 1:00,9,5,4
4/3/22 2:00,2,2,0
4/3/22 3:00,0,0,0
4/3/22 4:00,3,0,3
4/3/22 5:00,4,0,4
4/3/22 6:00,5,2,3
4/3/22 7:00,10,4,6
4/3/22 8:00,17,2,15
4/3/22 9:00,26,12,14
4/3/22 10:00,23,11,12
4/3/22 11:00,32,14,18
4/3/22 12:00,16,7,9
4/3/22 13:00,19,14,5
4/3/22 14:00,16,8,8
4/3/22 15:00,9,6,3
4/3/22 16:00,5,4,1
4/3/22 17:00,4,4,0
4/3/22 18:00,9,7,2
4/3/22 19:00,5,2,3
4/3/22 20:00,2,0,2
4/3/22 21:00,0,0,0
4/3/22 22:00,1,1,0
4/3/22 23:00,2,2,0
4/4/22 0:00,1,1,0
4/4/22 1:00,1,1,0
4/4/22 2:00,1,0,1
4/4/22 3:00,0,0,0
4/4/22 4:00,4,0,4
4/4/22 5:00,8,1,7
4/4/22 6:00,25,1,24
4/4/22 7:00,54,4,50
4/4/22 8:00,51,3,48
4/4/22 9:00,27,7,20
4/4/22 10:00,9,2,7
4/4/22 11:00,4,2,2
4/4/22 12:00,10,3,7
4/4/22 13:00,7,6,1
4/4/22 14:00,13,8,5
4/4/22 15:00,25,20,5
4/4/22 16:00,36,31,5
4/4/22 17:00,49,43,6
4/4/22 18:00,31,28,3
4/4/22 19:00,19,11,8
4/4/22 20:00,7,6,1
4/4/22 21:00,3,2,1
4/4/22 22:00,4,3,1
4/4/22 23:00,1,0,1
4/5/22 0:00,0,0,0
4/5/22 1:00,2,0,2
4/5/22 2:00,1,0,1
4/5/22 3:00,0,0,0
4/5/22 4:00,4,0,4
4/5/22 5:00,26,4,22
4/5/22 6:00,49,5,44
4/5/22 7:00,86,3,83
4/5/22 8:00,89,7,82
4/5/22 9:00,39,5,34
4/5/22 10:00,34,16,18
4/5/22 11:00,20,4,16
4/5/22 12:00,25,14,11
4/5/22 13:00,23,12,11
4/5/22 14:00,52,25,27
4/5/22 15:00,42,33,9
4/5/22 16:00,100,83,17
4/5/22 17:00,102,88,14
4/5/22 18:00,87,76,11
4/5/22 19:00,31,24,7
4/5/22 20:00,22,14,8
4/5/22 21:00,12,3,9
4/5/22 22:00,7,5,2
4/5/22 23:00,7,5,2
4/6/22 0:00,2,1,1
4/6/22 1:00,2,1,1
4/6/22 2:00,1,1,0
4/6/22 3:00,1,0,1
4/6/22 4:00,7,2,5
4/6/22 5:00,21,3,18
4/6/22 6:00,49,5,44
4/6/22 7:00,98,6,92
4/6/22 8:00,108,6,102
4/6/22 9:00,58,9,49
4/6/22 10:00,29,7,22
4/6/22 11:00,25,12,13
4/6/22 12:00,30,14,16
4/6/22 13:00,39,21,18
4/6/22 14:00,44,26,18
4/6/22 15:00,71,57,14
4/6/22 16:00,109,86,23
4/6/22 17:00,133,104,29
4/6/22 18:00,86,68,18
4/6/22 19:00,46,29,17
4/6/22 20:00,21,15,6
4/6/22 21:00,18,16,2
4/6/22 22:00,6,4,2
4/6/22 23:00,8,6,2
4/7/22 0:00,2,2,0
4/7/22 1:00,0,0,0
4/7/22 2:00,2,1,1
4/7/22 3:00,1,0,1
4/7/22 4:00,5,0,5
4/7/22 5:00,29,2,27
4/7/22 6:00,49,2,47
4/7/22 7:00,113,12,101
4/7/22 8:00,117,8,109
4/7/22 9:00,62,7,55
4/7/22 10:00,51,10,41
4/7/22 11:00,42,19,23
4/7/22 12:00,44,17,27
4/7/22 13:00,50,30,20
4/7/22 14:00,50,33,17
4/7/22 15:00,95,66,29
4/7/22 16:00,161,122,39
4/7/22 17:00,168,138,30
4/7/22 18:00,129,87,42
4/7/22 19:00,89,64,25
4/7/22 20:00,43,28,15
4/7/22 21:00,20,15,5
4/7/22 22:00,28,7,21
4/7/22 23:00,8,5,3
4/8/22 0:00,3,2,1
4/8/22 1:00,0,0,0
4/8/22 2:00,2,1,1
4/8/22 3:00,2,0,2
4/8/22 4:00,5,0,5
4/8/22 5:00,17,2,15
4/8/22 6:00,40,3,37
4/8/22 7:00,48,5,43
4/8/22 8:00,61,4,57
4/8/22 9:00,33,5,28
4/8/22 10:00,17,4,13
4/8/22 11:00,30,12,18
4/8/22 12:00,26,16,10
4/8/22 13:00,21,9,12
4/8/22 14:00,25,11,14
4/8/22 15:00,46,34,12
4/8/22 16:00,63,59,4
4/8/22 17:00,69,59,10
4/8/22 18:00,33,25,8
4/8/22 19:00,19,14,5
4/8/22 20:00,11,5,6
4/8/22 21:00,8,5,3
4/8/22 22:00,3,3,0
4/8/22 23:00,5,3,2
4/9/22 0:00,4,4,0
4/9/22 1:00,1,1,0
4/9/22 2:00,1,0,1
4/9/22 3:00,0,0,0
4/9/22 4:00,4,0,4
4/9/22 5:00,1,0,1
4/9/22 6:00,6,0,6
4/9/22 7:00,13,2,11
4/9/22 8:00,32,13,19
4/9/22 9:00,28,9,19
4/9/22 10:00,48,24,24
4/9/22 11:00,46,24,22
4/9/22 12:00,41,22,19
4/9/22 13:00,25,13,12
4/9/22 14:00,21,15,6
4/9/22 15:00,18,7,11
4/9/22 16:00,10,4,6
4/9/22 17:00,18,14,4
4/9/22 18:00,10,6,4
4/9/22 19:00,9,5,4
4/9/22 20:00,7,4,3
4/9/22 21:00,5,3,2
4/9/22 22:00,3,2,1
4/9/22 23:00,2,1,1
4/10/22 0:00,1,0,1
4/10/22 1:00,0,0,0
4/10/22 2:00,1,0,1
4/10/22 3:00,0,0,0
4/10/22 4:00,1,0,1
4/10/22 5:00,0,0,0
4/10/22 6:00,4,0,4
4/10/22 7:00,6,1,5
4/10/22 8:00,7,0,7
4/10/22 9:00,10,5,5
4/10/22 10:00,12,1,11
4/10/22 11:00,22,11,11
4/10/22 12:00,12,6,6
4/10/22 13:00,23,18,5
4/10/22 14:00,37,23,14
4/10/22 15:00,17,8,9
4/10/22 16:00,18,13,5
4/10/22 17:00,11,7,4
4/10/22 18:00,11,6,5
4/10/22 19:00,5,3,2
4/10/22 20:00,4,1,3
4/10/22 21:00,0,0,0
4/10/22 22:00,1,0,1
4/10/22 23:00,1,1,0
4/11/22 0:00,2,0,2
4/11/22 1:00,0,0,0
4/11/22 2:00,1,1,0
4/11/22 3:00,1,0,1
4/11/22 4:00,6,0,6
4/11/22 5:00,15,4,11
4/11/22 6:00,33,2,31
4/11/22 7:00,60,2,58
4/11/22 8:00,46,2,44
4/11/22 9:00,35,7,28
4/11/22 10:00,22,13,9
4/11/22 11:00,7,2,5
4/11/22 12:00,10,5,5
4/11/22 13:00,20,8,12
4/11/22 14:00,21,16,5
4/11/22 15:00,36,22,14
4/11/22 16:00,51,38,13
4/11/22 17:00,79,70,9
4/11/22 18:00,52,40,12
4/11/22 19:00,23,19,4
4/11/22 20:00,5,3,2
4/11/22 21:00,6,5,1
4/11/22 22:00,6,5,1
4/11/22 23:00,4,2,2
4/12/22 0:00,3,3,0
4/12/22 1:00,5,3,2
4/12/22 2:00,1,0,1
4/12/22 3:00,2,1,1
4/12/22 4:00,6,1,5
4/12/22 5:00,20,5,15
4/12/22 6:00,41,4,37
4/12/22 7:00,62,4,58
4/12/22 8:00,60,3,57
4/12/22 9:00,34,4,30
4/12/22 10:00,18,9,9
4/12/22 11:00,14,2,12
4/12/22 12:00,20,6,14
4/12/22 13:00,20,13,7
4/12/22 14:00,25,15,10
4/12/22 15:00,28,23,5
4/12/22 16:00,55,46,9
4/12/22 17:00,76,69,7
4/12/22 18:00,51,46,5
4/12/22 19:00,20,18,2
4/12/22 20:00,9,5,4
4/12/22 21:00,7,5,2
4/12/22 22:00,4,2,2
4/12/22 23:00,1,1,0
4/13/22 0:00,2,2,0
4/13/22 1:00,0,0,0
4/13/22 2:00,2,1,1
4/13/22 3:00,0,0,0
4/13/22 4:00,4,0,4
4/13/22 5:00,19,5,14
4/13/22 6:00,31,2,29
4/13/22 7:00,67,2,65
4/13/22 8:00,70,6,64
4/13/22 9:00,33,6,27
4/13/22 10:00,26,6,20
4/13/22 11:00,10,5,5
4/13/22 12:00,10,7,3
4/13/22 13:00,22,11,11
4/13/22 14:00,34,17,17
4/13/22 15:00,35,27,8
4/13/22 16:00,67,53,14
4/13/22 17:00,75,69,6
4/13/22 18:00,42,35,7
4/13/22 19:00,30,25,5
4/13/22 20:00,13,10,3
4/13/22 21:00,5,3,2
4/13/22 22:00,2,0,2
4/13/22 23:00,7,2,5
4/14/22 0:00,3,3,0
4/14/22 1:00,0,0,0
4/14/22 2:00,1,0,1
4/14/22 3:00,0,0,0
4/14/22 4:00,3,1,2
4/14/22 5:00,17,5,12
4/14/22 6:00,30,3,27
4/14/22 7:00,62,1,61
4/14/22 8:00,62,1,61
4/14/22 9:00,32,5,27
4/14/22 10:00,11,3,8
4/14/22 11:00,15,4,11
4/14/22 12:00,13,8,5
4/14/22 13:00,20,10,10
4/14/22 14:00,21,7,14
4/14/22 15:00,43,33,10
4/14/22 16:00,64,52,12
4/14/22 17:00,81,65,16
4/14/22 18:00,46,35,11
4/14/22 19:00,26,20,6
4/14/22 20:00,13,8,5
4/14/22 21:00,13,8,5
4/14/22 22:00,4,4,0
4/14/22 23:00,2,2,0
4/15/22 0:00,2,2,0
4/15/22 1:00,0,0,0
4/15/22 2:00,2,0,2
4/15/22 3:00,1,0,1
4/15/22 4:00,8,2,6
4/15/22 5:00,18,6,12
4/15/22 6:00,34,7,27
4/15/22 7:00,36,4,32
4/15/22 8:00,52,6,46
4/15/22 9:00,28,7,21
4/15/22 10:00,27,6,21
4/15/22 11:00,33,13,20
4/15/22 12:00,29,13,16
4/15/22 13:00,24,14,10
4/15/22 14:00,37,17,20
4/15/22 15:00,43,25,18
4/15/22 16:00,67,48,19
4/15/22 17:00,75,47,28
4/15/22 18:00,57,42,15
4/15/22 19:00,22,11,11
4/15/22 20:00,18,9,9
4/15/22 21:00,17,14,3
4/15/22 22:00,27,24,3
4/15/22 23:00,9,5,4
4/16/22 0:00,5,4,1
4/16/22 1:00,1,1,0
4/16/22 2:00,1,0,1
4/16/22 3:00,1,1,0
4/16/22 4:00,2,0,2
4/16/22 5:00,3,1,2
4/16/22 6:00,7,2,5
4/16/22 7:00,11,1,10
4/16/22 8:00,37,13,24
4/16/22 9:00,37,18,19
4/16/22 10:00,49,18,31
4/16/22 11:00,42,20,22
4/16/22 12:00,32,20,12
4/16/22 13:00,42,20,22
4/16/22 14:00,32,19,13
4/16/22 15:00,16,11,5
4/16/22 16:00,16,12,4
4/16/22 17:00,16,10,6
4/16/22 18:00,6,4,2
4/16/22 19:00,3,2,1
4/16/22 20:00,6,3,3
4/16/22 21:00,16,13,3
4/16/22 22:00,10,9,1
4/16/22 23:00,3,2,1
4/17/22 0:00,0,0,0
4/17/22 1:00,0,0,0
4/17/22 2:00,1,0,1
4/17/22 3:00,1,1,0
4/17/22 4:00,4,1,3
4/17/22 5:00,2,0,2
4/17/22 6:00,1,0,1
4/17/22 7:00,8,2,6
4/17/22 8:00,15,6,9
4/17/22 9:00,36,5,31
4/17/22 10:00,34,16,18
4/17/22 11:00,56,27,29
4/17/22 12:00,94,46,48
4/17/22 13:00,55,23,32
4/17/22 14:00,79,35,44
4/17/22 15:00,111,56,55
4/17/22 16:00,50,35,15
4/17/22 17:00,45,24,21
4/17/22 18:00,44,32,12
4/17/22 19:00,15,11,4
4/17/22 20:00,8,5,3
4/17/22 21:00,4,2,2
4/17/22 22:00,0,0,0
4/17/22 23:00,4,0,4
4/18/22 0:00,3,0,3
4/18/22 1:00,3,3,0
4/18/22 2:00,1,0,1
4/18/22 3:00,1,0,1
4/18/22 4:00,6,1,5
4/18/22 5:00,23,5,18
4/18/22 6:00,37,2,35
4/18/22 7:00,55,5,50
4/18/22 8:00,45,0,45
4/18/22 9:00,35,11,24
4/18/22 10:00,18,5,13
4/18/22 11:00,10,0,10
4/18/22 12:00,11,6,5
4/18/22 13:00,7,5,2
4/18/22 14:00,19,15,4
4/18/22 15:00,23,18,5
4/18/22 16:00,45,41,4
4/18/22 17:00,65,58,7
4/18/22 18:00,29,27,2
4/18/22 19:00,16,14,2
4/18/22 20:00,9,8,1
4/18/22 21:00,2,1,1
4/18/22 22:00,4,3,1
4/18/22 23:00,0,0,0
4/19/22 0:00,1,1,0
4/19/22 1:00,1,0,1
4/19/22 2:00,1,1,0
4/19/22 3:00,1,0,1
4/19/22 4:00,5,1,4
4/19/22 5:00,28,5,23
4/19/22 6:00,41,4,37
4/19/22 7:00,77,10,67
4/19/22 8:00,72,3,69
4/19/22 9:00,44,9,35
4/19/22 10:00,25,6,19
4/19/22 11:00,23,7,16
4/19/22 12:00,23,16,7
4/19/22 13:00,29,10,19
4/19/22 14:00,38,25,13
4/19/22 15:00,41,31,10
4/19/22 16:00,86,72,14
4/19/22 17:00,106,82,24
4/19/22 18:00,59,45,14
4/19/22 19:00,52,35,17
4/19/22 20:00,19,13,6
4/19/22 21:00,14,9,5
4/19/22 22:00,9,5,4
4/19/22 23:00,3,2,1
4/20/22 0:00,8,4,4
4/20/22 1:00,0,0,0
4/20/22 2:00,1,1,0
4/20/22 3:00,4,3,1
4/20/22 4:00,4,1,3
4/20/22 5:00,31,7,24
4/20/22 6:00,40,5,35
4/20/22 7:00,80,4,76
4/20/22 8:00,82,8,74
4/20/22 9:00,46,6,40
4/20/22 10:00,20,9,11
4/20/22 11:00,15,5,10
4/20/22 12:00,15,8,7
4/20/22 13:00,19,10,9
4/20/22 14:00,33,24,9
4/20/22 15:00,41,27,14
4/20/22 16:00,47,40,7
4/20/22 17:00,91,80,11
4/20/22 18:00,52,41,11
4/20/22 19:00,29,24,5
4/20/22 20:00,13,12,1
4/20/22 21:00,7,7,0
4/20/22 22:00,16,14,2
4/20/22 23:00,9,5,4
4/21/22 0:00,3,2,1
4/21/22 1:00,3,2,1
4/21/22 2:00,3,1,2
4/21/22 3:00,0,0,0
4/21/22 4:00,2,0,2
4/21/22 5:00,16,5,11
4/21/22 6:00,36,2,34
4/21/22 7:00,72,6,66
4/21/22 8:00,65,1,64
4/21/22 9:00,28,3,25
4/21/22 10:00,20,2,18
4/21/22 11:00,25,8,17
4/21/22 12:00,12,6,6
4/21/22 13:00,12,6,6
4/21/22 14:00,27,15,12
4/21/22 15:00,51,28,23
4/21/22 16:00,69,51,18
4/21/22 17:00,94,83,11
4/21/22 18:00,44,37,7
4/21/22 19:00,30,29,1
4/21/22 20:00,15,10,5
4/21/22 21:00,3,3,0
4/21/22 22:00,14,14,0
4/21/22 23:00,1,1,0
4/22/22 0:00,4,3,1
4/22/22 1:00,1,1,0
4/22/22 2:00,0,0,0
4/22/22 3:00,3,1,2
4/22/22 4:00,2,0,2
4/22/22 5:00,27,7,20
4/22/22 6:00,38,1,37
4/22/22 7:00,62,9,53
4/22/22 8:00,56,7,49
4/22/22 9:00,40,7,33
4/22/22 10:00,33,5,28
4/22/22 11:00,33,13,20
4/22/22 12:00,31,14,17
4/22/22 13:00,36,22,14
4/22/22 14:00,59,34,25
4/22/22 15:00,74,48,26
4/22/22 16:00,110,78,32
4/22/22 17:00,81,53,28
4/22/22 18:00,72,53,19
4/22/22 19:00,32,23,9
4/22/22 20:00,23,12,11
4/22/22 21:00,17,16,1
4/22/22 22:00,13,12,1
4/22/22 23:00,7,4,3
4/23/22 0:00,2,1,1
4/23/22 1:00,3,2,1
4/23/22 2:00,3,2,1
4/23/22 3:00,0,0,0
4/23/22 4:00,2,0,2
4/23/22 5:00,1,1,0
4/23/22 6:00,12,4,8
4/23/22 7:00,20,5,15
4/23/22 8:00,37,15,22
4/23/22 9:00,24,7,17
4/23/22 10:00,36,17,19
4/23/22 11:00,47,22,25
4/23/22 12:00,66,28,38
4/23/22 13:00,86,34,52
4/23/22 14:00,76,48,28
4/23/22 15:00,73,42,31
4/23/22 16:00,72,36,36
4/23/22 17:00,68,31,37
4/23/22 18:00,33,15,18
4/23/22 19:00,28,18,10
4/23/22 20:00,18,9,9
4/23/22 21:00,7,7,0
4/23/22 22:00,12,10,2
4/23/22 23:00,7,7,0
4/24/22 0:00,2,0,2
4/24/22 1:00,3,2,1
4/24/22 2:00,4,2,2
4/24/22 3:00,1,0,1
4/24/22 4:00,1,0,1
4/24/22 5:00,0,0,0
4/24/22 6:00,9,3,6
4/24/22 7:00,25,11,14
4/24/22 8:00,31,17,14
4/24/22 9:00,60,28,32
4/24/22 10:00,61,26,35
4/24/22 11:00,104,59,45
4/24/22 12:00,113,55,58
4/24/22 13:00,125,36,89
4/24/22 14:00,96,52,44
4/24/22 15:00,99,57,42
4/24/22 16:00,80,34,46
4/24/22 17:00,67,39,28
4/24/22 18:00,47,24,23
4/24/22 19:00,28,14,14
4/24/22 20:00,13,6,7
4/24/22 21:00,6,4,2
4/24/22 22:00,3,3,0
4/24/22 23:00,3,0,3
4/25/22 0:00,2,2,0
4/25/22 1:00,1,0,1
4/25/22 2:00,2,0,2
4/25/22 3:00,4,2,2
4/25/22 4:00,2,1,1
4/25/22 5:00,25,6,19
4/25/22 6:00,39,2,37
4/25/22 7:00,57,2,55
4/25/22 8:00,51,5,46
4/25/22 9:00,35,8,27
4/25/22 10:00,30,7,23
4/25/22 11:00,13,3,10
4/25/22 12:00,23,9,14
4/25/22 13:00,10,5,5
4/25/22 14:00,20,8,12
4/25/22 15:00,47,34,13
4/25/22 16:00,57,46,11
4/25/22 17:00,83,74,9
4/25/22 18:00,38,33,5
4/25/22 19:00,30,23,7
4/25/22 20:00,15,13,2
4/25/22 21:00,9,5,4
4/25/22 22:00,5,5,0
4/25/22 23:00,1,1,0
4/26/22 0:00,3,3,0
4/26/22 1:00,2,1,1
4/26/22 2:00,2,0,2
4/26/22 3:00,3,2,1
4/26/22 4:00,8,1,7
4/26/22 5:00,27,5,22
4/26/22 6:00,53,3,50
4/26/22 7:00,99,9,90
4/26/22 8:00,99,10,89
4/26/22 9:00,46,4,42
4/26/22 10:00,28,8,20
4/26/22 11:00,26,8,18
4/26/22 12:00,10,5,5
4/26/22 13:00,23,10,13
4/26/22 14:00,23,15,8
4/26/22 15:00,47,36,11
4/26/22 16:00,89,72,17
4/26/22 17:00,118,104,14
4/26/22 18:00,74,65,9
4/26/22 19:00,34,24,10
4/26/22 20:00,17,16,1
4/26/22 21:00,11,9,2
4/26/22 22:00,10,6,4
4/26/22 23:00,10,3,7
4/27/22 0:00,2,2,0
4/27/22 1:00,0,0,0
4/27/22 2:00,0,0,0
4/27/22 3:00,2,0,2
4/27/22 4:00,7,1,6
4/27/22 5:00,24,5,19
4/27/22 6:00,65,5,60
4/27/22 7:00,103,5,98
4/27/22 8:00,106,11,95
4/27/22 9:00,48,2,46
4/27/22 10:00,34,10,24
4/27/22 11:00,24,11,13
4/27/22 12:00,34,18,16
4/27/22 13:00,30,19,11
4/27/22 14:00,52,35,17
4/27/22 15:00,60,45,15
4/27/22 16:00,118,92,26
4/27/22 17:00,125,106,19
4/27/22 18:00,77,69,8
4/27/22 19:00,44,25,19
4/27/22 20:00,23,16,7
4/27/22 21:00,3,3,0
4/27/22 22:00,11,9,2
4/27/22 23:00,4,3,1
4/28/22 0:00,5,5,0
4/28/22 1:00,0,0,0
4/28/22 2:00,2,1,1
4/28/22 3:00,2,0,2
4/28/22 4:00,4,1,3
4/28/22 5:00,23,6,17
4/28/22 6:00,48,2,46
4/28/22 7:00,66,3,63
4/28/22 8:00,95,5,90
4/28/22 9:00,51,6,45
4/28/22 10:00,33,9,24
4/28/22 11:00,31,10,21
4/28/22 12:00,22,9,13
4/28/22 13:00,17,10,7
4/28/22 14:00,34,17,17
4/28/22 15:00,60,43,17
4/28/22 16:00,89,66,23
4/28/22 17:00,112,95,17
4/28/22 18:00,80,67,13
4/28/22 19:00,35,25,10
4/28/22 20:00,21,16,5
4/28/22 21:00,9,4,5
4/28/22 22:00,11,8,3
4/28/22 23:00,0,0,0
4/29/22 0:00,2,1,1
4/29/22 1:00,2,0,2
4/29/22 2:00,1,1,0
4/29/22 3:00,0,0,0
4/29/22 4:00,5,0,5
4/29/22 5:00,29,5,24
4/29/22 6:00,39,2,37
4/29/22 7:00,59,7,52
4/29/22 8:00,62,9,53
4/29/22 9:00,38,6,32
4/29/22 10:00,31,9,22
4/29/22 11:00,25,8,17
4/29/22 12:00,43,23,20
4/29/22 13:00,27,16,11
4/29/22 14:00,51,33,18
4/29/22 15:00,75,42,33
4/29/22 16:00,89,64,25
4/29/22 17:00,87,72,15
4/29/22 18:00,70,51,19
4/29/22 19:00,39,27,12
4/29/22 20:00,18,11,7
4/29/22 21:00,13,11,2
4/29/22 22:00,15,9,6
4/29/22 23:00,9,7,2
4/30/22 0:00,1,1,0
4/30/22 1:00,2,1,1
4/30/22 2:00,1,0,1
4/30/22 3:00,2,1,1
4/30/22 4:00,3,1,2
4/30/22 5:00,4,0,4
4/30/22 6:00,5,1,4
4/30/22 7:00,4,1,3
4/30/22 8:00,13,4,9
4/30/22 9:00,16,3,13
4/30/22 10:00,19,0,19
4/30/22 11:00,18,6,12
4/30/22 12:00,30,17,13
4/30/22 13:00,56,34,22
4/30/22 14:00,61,27,34
4/30/22 15:00,72,43,29
4/30/22 16:00,67,42,25
4/30/22 17:00,56,27,29
4/30/22 18:00,46,28,18
4/30/22 19:00,28,16,12
4/30/22 20:00,21,16,5
4/30/22 21:00,22,12,10
4/30/22 22:00,7,4,3
4/30/22 23:00,8,3,5
6/1/22 0:00,4,1,3
6/1/22 1:00,3,2,1
6/1/22 2:00,3,2,1
6/1/22 3:00,1,1,0
6/1/22 4:00,10,9,1
6/1/22 5:00,34,29,5
6/1/22 6:00,85,76,9
6/1/22 7:00,107,99,8
6/1/22 8:00,132,124,8
6/1/22 9:00,69,63,6
6/1/22 10:00,40,33,7
6/1/22 11:00,31,18,13
6/1/22 12:00,28,14,14
6/1/22 13:00,40,17,23
6/1/22 14:00,67,20,47
6/1/22 15:00,65,18,47
6/1/22 16:00,145,19,126
6/1/22 17:00,169,25,144
6/1/22 18:00,78,10,68
6/1/22 19:00,33,5,28
6/1/22 20:00,38,15,23
6/1/22 21:00,18,7,11
5/1/22 0:00,,0,0
5/1/22 0:15,,0,0
5/1/22 0:30,,0,0
5/1/22 0:45,,0,0
5/1/22 1:00,,1,0
5/1/22 1:15,,0,2
5/1/22 1:30,,0,0
5/1/22 1:45,,0,0
5/1/22 2:00,,0,0
5/1/22 2:15,,2,0
5/1/22 2:30,,1,2
5/1/22 2:45,,0,0
5/1/22 3:00,,0,0
5/1/22 3:15,,0,0
5/1/22 3:30,,1,0
5/1/22 3:45,,0,0
5/1/22 4:00,,0,0
5/1/22 4:15,,2,0
5/1/22 4:30,,0,0
5/1/22 4:45,,1,0
5/1/22 5:00,,1,0
5/1/22 5:15,,0,0
5/1/22 5:30,,0,0
5/1/22 5:45,,0,0
5/1/22 6:00,,2,2
5/1/22 6:15,,1,0
5/1/22 6:30,,1,0
5/1/22 6:45,,3,0
5/1/22 7:00,,3,1
5/1/22 7:15,,3,0
5/1/22 7:30,,5,1
5/1/22 7:45,,8,0
5/1/22 8:00,,3,0
5/1/22 8:15,,13,0
5/1/22 8:30,,4,6
5/1/22 8:45,,3,3
5/1/22 9:00,,11,9
5/1/22 9:15,,3,7
5/1/22 9:30,,9,2
5/1/22 9:45,,5,2
5/1/22 10:00,,4,1
5/1/22 10:15,,9,8
5/1/22 10:30,,4,17
5/1/22 10:45,,3,12
5/1/22 11:00,,3,14
5/1/22 11:15,,4,28
5/1/22 11:30,,7,6
5/1/22 11:45,,15,17
5/1/22 12:00,,13,12
5/1/22 12:15,,8,20
5/1/22 12:30,,26,5
5/1/22 12:45,,11,7
5/1/22 13:00,,10,11
5/1/22 13:15,,19,9
5/1/22 13:30,,7,16
5/1/22 13:45,,14,12
5/1/22 14:00,,3,6
5/1/22 14:15,,12,13
5/1/22 14:30,,11,12
5/1/22 14:45,,18,8
5/1/22 15:00,,0,8
5/1/22 15:15,,29,6
5/1/22 15:30,,18,19
5/1/22 15:45,,9,11
5/1/22 16:00,,7,16
5/1/22 16:15,,19,1
5/1/22 16:30,,7,9
5/1/22 16:45,,13,9
5/1/22 17:00,,5,11
5/1/22 17:15,,2,9
5/1/22 17:30,,7,1
5/1/22 17:45,,3,5
5/1/22 18:00,,3,6
5/1/22 18:15,,10,7
5/1/22 18:30,,4,2
5/1/22 18:45,,4,1
5/1/22 19:00,,0,3
5/1/22 19:15,,0,6
5/1/22 19:30,,5,3
5/1/22 19:45,,2,6
5/1/22 20:00,,0,4
5/1/22 20:15,,1,1
5/1/22 20:30,,1,1
5/1/22 20:45,,1,2
5/1/22 21:00,,1,2
5/1/22 21:15,,0,0
5/1/22 21:30,,0,0
5/1/22 21:45,,2,1
5/1/22 22:00,,0,1
5/1/22 22:15,,1,0
5/1/22 22:30,,1,2
5/1/22 22:45,,0,0
5/1/22 23:00,,1,1
5/1/22 23:15,,1,2
5/1/22 23:30,,0,1
5/1/22 23:45,,0,1
5/2/22 0:00,,0,1
5/2/22 0:15,,2,0
5/2/22 0:30,,1,2
5/2/22 0:45,,0,0
5/2/22 1:00,,0,0
5/2/22 1:15,,0,0
5/2/22 1:30,,0,0
5/2/22 1:45,,0,0
5/2/22 2:00,,0,0
5/2/22 2:15,,0,0
5/2/22 2:30,,0,0
5/2/22 2:45,,0,0
5/2/22 3:00,,0,0
5/2/22 3:15,,1,0
5/2/22 3:30,,0,0
5/2/22 3:45,,1,0
5/2/22 4:00,,1,0
5/2/22 4:15,,1,1
5/2/22 4:30,,3,0
5/2/22 4:45,,0,0
5/2/22 5:00,,1,0
5/2/22 5:15,,5,0
5/2/22 5:30,,1,4
5/2/22 5:45,,8,4
5/2/22 6:00,,7,1
5/2/22 6:15,,5,0
5/2/22 6:30,,6,1
5/2/22 6:45,,9,1
5/2/22 7:00,,7,0
5/2/22 7:15,,11,0
5/2/22 7:30,,10,1
5/2/22 7:45,,20,2
5/2/22 8:00,,13,2
5/2/22 8:15,,12,0
5/2/22 8:30,,8,0
5/2/22 8:45,,8,2
5/2/22 9:00,,8,2
5/2/22 9:15,,16,0
5/2/22 9:30,,4,0
5/2/22 9:45,,0,1
5/2/22 10:00,,4,0
5/2/22 10:15,,2,0
5/2/22 10:30,,1,1
5/2/22 10:45,,1,1
5/2/22 11:00,,2,0
5/2/22 11:15,,1,4
5/2/22 11:30,,2,0
5/2/22 11:45,,1,1
5/2/22 12:00,,0,1
5/2/22 12:15,,2,0
5/2/22 12:30,,1,1
5/2/22 12:45,,0,1
5/2/22 13:00,,1,0
5/2/22 13:15,,0,0
5/2/22 13:30,,1,3
5/2/22 13:45,,0,1
5/2/22 14:00,,3,3
5/2/22 14:15,,4,2
5/2/22 14:30,,0,1
5/2/22 14:45,,1,0
5/2/22 15:00,,5,7
5/2/22 15:15,,2,5
5/2/22 15:30,,4,10
5/2/22 15:45,,4,5
5/2/22 16:00,,3,14
5/2/22 16:15,,3,19
5/2/22 16:30,,2,15
5/2/22 16:45,,3,17
5/2/22 17:00,,2,13
5/2/22 17:15,,8,25
5/2/22 17:30,,3,12
5/2/22 17:45,,2,13
5/2/22 18:00,,3,4
5/2/22 18:15,,1,4
5/2/22 18:30,,1,4
5/2/22 18:45,,1,6
5/2/22 19:00,,0,2
5/2/22 19:15,,0,1
5/2/22 19:30,,0,4
5/2/22 19:45,,1,2
5/2/22 20:00,,3,3
5/2/22 20:15,,0,3
5/2/22 20:30,,0,1
5/2/22 20:45,,0,0
5/2/22 21:00,,1,2
5/2/22 21:15,,1,0
5/2/22 21:30,,2,1
5/2/22 21:45,,0,0
5/2/22 22:00,,0,0
5/2/22 22:15,,0,1
5/2/22 22:30,,0,2
5/2/22 22:45,,0,0
5/2/22 23:00,,0,0
5/2/22 23:15,,0,0
5/2/22 23:30,,0,0
5/2/22 23:45,,0,0
5/3/22 0:00,,0,0
5/3/22 0:15,,0,0
5/3/22 0:30,,0,1
5/3/22 0:45,,0,0
5/3/22 1:00,,0,1
5/3/22 1:15,,0,0
5/3/22 1:30,,0,0
5/3/22 1:45,,0,0
5/3/22 2:00,,0,0
5/3/22 2:15,,1,0
5/3/22 2:30,,0,0
5/3/22 2:45,,0,0
5/3/22 3:00,,0,0
5/3/22 3:15,,0,1
5/3/22 3:30,,0,0
5/3/22 3:45,,1,0
5/3/22 4:00,,0,0
5/3/22 4:15,,3,0
5/3/22 4:30,,4,0
5/3/22 4:45,,3,0
5/3/22 5:00,,6,0
5/3/22 5:15,,2,3
5/3/22 5:30,,10,1
5/3/22 5:45,,9,1
5/3/22 6:00,,13,2
5/3/22 6:15,,15,2
5/3/22 6:30,,20,0
5/3/22 6:45,,14,2
5/3/22 7:00,,17,1
5/3/22 7:15,,29,4
5/3/22 7:30,,29,2
5/3/22 7:45,,35,1
5/3/22 8:00,,23,2
5/3/22 8:15,,26,2
5/3/22 8:30,,15,1
5/3/22 8:45,,16,1
5/3/22 9:00,,9,0
5/3/22 9:15,,10,1
5/3/22 9:30,,7,3
5/3/22 9:45,,6,0
5/3/22 10:00,,9,0
5/3/22 10:15,,4,4
5/3/22 10:30,,7,3
5/3/22 10:45,,7,2
5/3/22 11:00,,3,0
5/3/22 11:15,,2,1
5/3/22 11:30,,3,5
5/3/22 11:45,,1,1
5/3/22 12:00,,0,5
5/3/22 12:15,,5,4
5/3/22 12:30,,3,1
5/3/22 12:45,,0,2
5/3/22 13:00,,4,1
5/3/22 13:15,,3,4
5/3/22 13:30,,0,2
5/3/22 13:45,,8,5
5/3/22 14:00,,7,9
5/3/22 14:15,,8,4
5/3/22 14:30,,3,6
5/3/22 14:45,,5,6
5/3/22 15:00,,5,5
5/3/22 15:15,,5,18
5/3/22 15:30,,2,10
5/3/22 15:45,,4,12
5/3/22 16:00,,4,14
5/3/22 16:15,,1,27
5/3/22 16:30,,7,17
5/3/22 16:45,,1,50
5/3/22 17:00,,7,32
5/3/22 17:15,,3,22
5/3/22 17:30,,6,26
5/3/22 17:45,,3,18
5/3/22 18:00,,5,15
5/3/22 18:15,,3,21
5/3/22 18:30,,5,7
5/3/22 18:45,,1,10
5/3/22 19:00,,1,6
5/3/22 19:15,,0,3
5/3/22 19:30,,3,11
5/3/22 19:45,,0,4
5/3/22 20:00,,3,1
5/3/22 20:15,,1,1
5/3/22 20:30,,1,4
5/3/22 20:45,,2,4
5/3/22 21:00,,2,1
5/3/22 21:15,,0,2
5/3/22 21:30,,0,5
5/3/22 21:45,,0,2
5/3/22 22:00,,1,4
5/3/22 22:15,,1,3
5/3/22 22:30,,0,0
5/3/22 22:45,,0,0
5/3/22 23:00,,0,1
5/3/22 23:15,,0,1
5/3/22 23:30,,0,0
5/3/22 23:45,,0,0
5/4/22 0:00,,1,1
5/4/22 0:15,,0,0
5/4/22 0:30,,0,0
5/4/22 0:45,,0,0
5/4/22 1:00,,0,0
5/4/22 1:15,,0,0
5/4/22 1:30,,0,0
5/4/22 1:45,,0,0
5/4/22 2:00,,0,0
5/4/22 2:15,,0,0
5/4/22 2:30,,0,0
5/4/22 2:45,,0,0
5/4/22 3:00,,0,0
5/4/22 3:15,,0,0
5/4/22 3:30,,2,0
5/4/22 3:45,,1,0
5/4/22 4:00,,0,0
5/4/22 4:15,,4,0
5/4/22 4:30,,1,0
5/4/22 4:45,,4,0
5/4/22 5:00,,7,0
5/4/22 5:15,,4,5
5/4/22 5:30,,8,2
5/4/22 5:45,,10,0
5/4/22 6:00,,16,0
5/4/22 6:15,,14,3
5/4/22 6:30,,19,1
5/4/22 6:45,,23,2
5/4/22 7:00,,21,2
5/4/22 7:15,,3,3
5/4/22 7:30,,51,3
5/4/22 7:45,,22,0
5/4/22 8:00,,28,3
5/4/22 8:15,,27,1
5/4/22 8:30,,26,3
5/4/22 8:45,,4,5
5/4/22 9:00,,24,0
5/4/22 9:15,,9,1
5/4/22 9:30,,5,5
5/4/22 9:45,,6,4
5/4/22 10:00,,2,2
5/4/22 10:15,,9,7
5/4/22 10:30,,4,1
5/4/22 10:45,,4,1
5/4/22 11:00,,9,1
5/4/22 11:15,,6,3
5/4/22 11:30,,0,6
5/4/22 11:45,,4,2
5/4/22 12:00,,9,1
5/4/22 12:15,,1,8
5/4/22 12:30,,2,5
5/4/22 12:45,,1,0
5/4/22 13:00,,7,9
5/4/22 13:15,,0,2
5/4/22 13:30,,9,5
5/4/22 13:45,,9,10
5/4/22 14:00,,5,11
5/4/22 14:15,,5,9
5/4/22 14:30,,10,12
5/4/22 14:45,,5,12
5/4/22 15:00,,13,7
5/4/22 15:15,,6,20
5/4/22 15:30,,12,15
5/4/22 15:45,,8,21
5/4/22 16:00,,9,21
5/4/22 16:15,,7,30
5/4/22 16:30,,16,31
5/4/22 16:45,,4,25
5/4/22 17:00,,12,44
5/4/22 17:15,,16,39
5/4/22 17:30,,9,25
5/4/22 17:45,,8,21
5/4/22 18:00,,11,21
5/4/22 18:15,,6,14
5/4/22 18:30,,4,15
5/4/22 18:45,,5,6
5/4/22 19:00,,4,10
5/4/22 19:15,,4,9
5/4/22 19:30,,5,10
5/4/22 19:45,,4,5
5/4/22 20:00,,6,4
5/4/22 20:15,,0,5
5/4/22 20:30,,1,3
5/4/22 20:45,,4,3
5/4/22 21:00,,0,3
5/4/22 21:15,,0,23
5/4/22 21:30,,1,7
5/4/22 21:45,,0,18
5/4/22 22:00,,1,16
5/4/22 22:15,,0,2
5/4/22 22:30,,0,5
5/4/22 22:45,,0,3
5/4/22 23:00,,1,3
5/4/22 23:15,,0,1
5/4/22 23:30,,0,2
5/4/22 23:45,,0,2
5/5/22 0:00,,0,0
5/5/22 0:15,,0,0
5/5/22 0:30,,0,1
5/5/22 0:45,,0,0
5/5/22 1:00,,0,0
5/5/22 1:15,,0,0
5/5/22 1:30,,0,0
5/5/22 1:45,,0,0
5/5/22 2:00,,1,0
5/5/22 2:15,,0,0
5/5/22 2:30,,0,0
5/5/22 2:45,,0,0
5/5/22 3:00,,0,0
5/5/22 3:15,,0,0
5/5/22 3:30,,1,1
5/5/22 3:45,,0,0
5/5/22 4:00,,0,0
5/5/22 4:15,,4,0
5/5/22 4:30,,0,0
5/5/22 4:45,,3,0
5/5/22 5:00,,5,0
5/5/22 5:15,,1,4
5/5/22 5:30,,5,0
5/5/22 5:45,,9,0
5/5/22 6:00,,10,1
5/5/22 6:15,,12,1
5/5/22 6:30,,6,1
5/5/22 6:45,,12,0
5/5/22 7:00,,10,0
5/5/22 7:15,,20,1
5/5/22 7:30,,22,4
5/5/22 7:45,,12,0
5/5/22 8:00,,20,1
5/5/22 8:15,,18,4
5/5/22 8:30,,6,3
5/5/22 8:45,,8,2
5/5/22 9:00,,6,0
5/5/22 9:15,,4,0
5/5/22 9:30,,7,0
5/5/22 9:45,,3,2
5/5/22 10:00,,3,1
5/5/22 10:15,,3,0
5/5/22 10:30,,6,0
5/5/22 10:45,,1,0
5/5/22 11:00,,0,1
5/5/22 11:15,,2,0
5/5/22 11:30,,3,0
5/5/22 11:45,,1,1
5/5/22 12:00,,1,0
5/5/22 12:15,,0,3
5/5/22 12:30,,2,1
5/5/22 12:45,,0,1
5/5/22 13:00,,1,0
5/5/22 13:15,,0,3
5/5/22 13:30,,1,1
5/5/22 13:45,,0,4
5/5/22 14:00,,2,4
5/5/22 14:15,,1,4
5/5/22 14:30,,3,5
5/5/22 14:45,,3,4
5/5/22 15:00,,2,6
5/5/22 15:15,,1,4
5/5/22 15:30,,1,11
5/5/22 15:45,,2,8
5/5/22 16:00,,1,9
5/5/22 16:15,,4,11
5/5/22 16:30,,0,14
5/5/22 16:45,,4,19
5/5/22 17:00,,1,15
5/5/22 17:15,,2,18
5/5/22 17:30,,1,16
5/5/22 17:45,,0,6
5/5/22 18:00,,3,7
5/5/22 18:15,,4,8
5/5/22 18:30,,3,6
5/5/22 18:45,,3,5
5/5/22 19:00,,0,4
5/5/22 19:15,,0,3
5/5/22 19:30,,0,0
5/5/22 19:45,,0,3
5/5/22 20:00,,0,4
5/5/22 20:15,,2,2
5/5/22 20:30,,0,0
5/5/22 20:45,,0,1
5/5/22 21:00,,1,3
5/5/22 21:15,,1,2
5/5/22 21:30,,0,3
5/5/22 21:45,,0,1
5/5/22 22:00,,0,1
5/5/22 22:15,,0,2
5/5/22 22:30,,0,0
5/5/22 22:45,,1,1
5/5/22 23:00,,0,1
5/5/22 23:15,,0,2
5/5/22 23:30,,0,0
5/5/22 23:45,,0,0
5/6/22 0:00,,0,0
5/6/22 0:15,,0,0
5/6/22 0:30,,0,0
5/6/22 0:45,,0,0
5/6/22 1:00,,0,0
5/6/22 1:15,,0,0
5/6/22 1:30,,0,0
5/6/22 1:45,,0,0
5/6/22 2:00,,1,0
5/6/22 2:15,,0,0
5/6/22 2:30,,0,0
5/6/22 2:45,,0,0
5/6/22 3:00,,0,0
5/6/22 3:15,,0,0
5/6/22 3:30,,0,0
5/6/22 3:45,,0,0
5/6/22 4:00,,0,0
5/6/22 4:15,,1,0
5/6/22 4:30,,2,0
5/6/22 4:45,,6,0
5/6/22 5:00,,4,0
5/6/22 5:15,,1,3
5/6/22 5:30,,12,0
5/6/22 5:45,,5,0
5/6/22 6:00,,2,0
5/6/22 6:15,,9,0
5/6/22 6:30,,8,3
5/6/22 6:45,,8,1
5/6/22 7:00,,7,1
5/6/22 7:15,,16,2
5/6/22 7:30,,15,3
5/6/22 7:45,,12,3
5/6/22 8:00,,12,3
5/6/22 8:15,,9,2
5/6/22 8:30,,8,1
5/6/22 8:45,,7,0
5/6/22 9:00,,3,1
5/6/22 9:15,,7,3
5/6/22 9:30,,4,0
5/6/22 9:45,,5,2
5/6/22 10:00,,1,2
5/6/22 10:15,,5,0
5/6/22 10:30,,1,2
5/6/22 10:45,,1,0
5/6/22 11:00,,1,1
5/6/22 11:15,,2,1
5/6/22 11:30,,1,0
5/6/22 11:45,,1,1
5/6/22 12:00,,1,1
5/6/22 12:15,,2,1
5/6/22 12:30,,2,3
5/6/22 12:45,,0,3
5/6/22 13:00,,1,2
5/6/22 13:15,,2,2
5/6/22 13:30,,0,0
5/6/22 13:45,,0,4
5/6/22 14:00,,3,3
5/6/22 14:15,,2,4
5/6/22 14:30,,1,3
5/6/22 14:45,,1,5
5/6/22 15:00,,3,8
5/6/22 15:15,,5,12
5/6/22 15:30,,8,9
5/6/22 15:45,,2,7
5/6/22 16:00,,1,9
5/6/22 16:15,,5,8
5/6/22 16:30,,3,14
5/6/22 16:45,,3,13
5/6/22 17:00,,2,17
5/6/22 17:15,,0,10
5/6/22 17:30,,3,8
5/6/22 17:45,,0,9
5/6/22 18:00,,2,2
5/6/22 18:15,,2,6
5/6/22 18:30,,0,9
5/6/22 18:45,,0,3
5/6/22 19:00,,0,3
5/6/22 19:15,,0,3
5/6/22 19:30,,0,1
5/6/22 19:45,,1,1
5/6/22 20:00,,0,1
5/6/22 20:15,,1,0
5/6/22 20:30,,0,2
5/6/22 20:45,,0,0
5/6/22 21:00,,1,0
5/6/22 21:15,,0,0
5/6/22 21:30,,1,0
5/6/22 21:45,,0,0
5/6/22 22:00,,1,0
5/6/22 22:15,,0,1
5/6/22 22:30,,0,3
5/6/22 22:45,,0,5
5/6/22 23:00,,2,1
5/6/22 23:15,,0,0
5/6/22 23:30,,0,0
5/6/22 23:45,,1,1
5/7/22 0:00,,0,0
5/7/22 0:15,,0,0
5/7/22 0:30,,0,0
5/7/22 0:45,,0,0
5/7/22 1:00,,0,0
5/7/22 1:15,,0,0
5/7/22 1:30,,0,0
5/7/22 1:45,,0,1
5/7/22 2:00,,1,0
5/7/22 2:15,,0,0
5/7/22 2:30,,0,0
5/7/22 2:45,,0,0
5/7/22 3:00,,0,0
5/7/22 3:15,,0,1
5/7/22 3:30,,0,0
5/7/22 3:45,,0,0
5/7/22 4:00,,0,1
5/7/22 4:15,,1,0
5/7/22 4:30,,2,0
5/7/22 4:45,,0,1
5/7/22 5:00,,1,0
5/7/22 5:15,,0,0
5/7/22 5:30,,0,0
5/7/22 5:45,,0,0
5/7/22 6:00,,0,0
5/7/22 6:15,,1,1
5/7/22 6:30,,2,0
5/7/22 6:45,,2,1
5/7/22 7:00,,1,0
5/7/22 7:15,,1,0
5/7/22 7:30,,2,1
5/7/22 7:45,,0,1
5/7/22 8:00,,0,2
5/7/22 8:15,,1,1
5/7/22 8:30,,4,0
5/7/22 8:45,,3,1
5/7/22 9:00,,4,1
5/7/22 9:15,,8,1
5/7/22 9:30,,2,0
5/7/22 9:45,,5,1
5/7/22 10:00,,6,1
5/7/22 10:15,,2,3
5/7/22 10:30,,3,1
5/7/22 10:45,,1,1
5/7/22 11:00,,9,5
5/7/22 11:15,,7,2
5/7/22 11:30,,4,10
5/7/22 11:45,,8,3
5/7/22 12:00,,7,6
5/7/22 12:15,,3,5
5/7/22 12:30,,6,10
5/7/22 12:45,,4,5
5/7/22 13:00,,4,4
5/7/22 13:15,,1,7
5/7/22 13:30,,4,11
5/7/22 13:45,,6,5
5/7/22 14:00,,4,5
5/7/22 14:15,,5,6
5/7/22 14:30,,7,6
5/7/22 14:45,,5,2
5/7/22 15:00,,1,4
5/7/22 15:15,,2,4
5/7/22 15:30,,2,3
5/7/22 15:45,,1,4
5/7/22 16:00,,2,5
5/7/22 16:15,,1,1
5/7/22 16:30,,1,2
5/7/22 16:45,,6,5
5/7/22 17:00,,2,6
5/7/22 17:15,,2,4
5/7/22 17:30,,2,3
5/7/22 17:45,,4,3
5/7/22 18:00,,0,1
5/7/22 18:15,,0,2
5/7/22 18:30,,1,2
5/7/22 18:45,,0,4
5/7/22 19:00,,1,1
5/7/22 19:15,,0,2
5/7/22 19:30,,0,1
5/7/22 19:45,,0,1
5/7/22 20:00,,1,1
5/7/22 20:15,,1,5
5/7/22 20:30,,0,2
5/7/22 20:45,,0,1
5/7/22 21:00,,3,1
5/7/22 21:15,,1,0
5/7/22 21:30,,0,1
5/7/22 21:45,,1,1
5/7/22 22:00,,0,0
5/7/22 22:15,,0,0
5/7/22 22:30,,0,0
5/7/22 22:45,,0,0
5/7/22 23:00,,1,1
5/7/22 23:15,,0,0
5/7/22 23:30,,0,0
5/7/22 23:45,,0,1
5/8/22 0:00,,0,0
5/8/22 0:15,,1,1
5/8/22 0:30,,0,0
5/8/22 0:45,,0,0
5/8/22 1:00,,0,1
5/8/22 1:15,,0,0
5/8/22 1:30,,0,0
5/8/22 1:45,,0,0
5/8/22 2:00,,1,0
5/8/22 2:15,,1,0
5/8/22 2:30,,0,0
5/8/22 2:45,,0,1
5/8/22 3:00,,0,0
5/8/22 3:15,,0,0
5/8/22 3:30,,1,1
5/8/22 3:45,,0,0
5/8/22 4:00,,0,0
5/8/22 4:15,,0,0
5/8/22 4:30,,1,0
5/8/22 4:45,,0,0
5/8/22 5:00,,0,0
5/8/22 5:15,,1,0
5/8/22 5:30,,0,0
5/8/22 5:45,,1,0
5/8/22 6:00,,1,1
5/8/22 6:15,,2,0
5/8/22 6:30,,0,0
5/8/22 6:45,,1,0
5/8/22 7:00,,1,0
5/8/22 7:15,,1,1
5/8/22 7:30,,2,2
5/8/22 7:45,,2,1
5/8/22 8:00,,1,2
5/8/22 8:15,,2,0
5/8/22 8:30,,4,2
5/8/22 8:45,,2,11
5/8/22 9:00,,4,0
5/8/22 9:15,,6,0
5/8/22 9:30,,4,1
5/8/22 9:45,,7,3
5/8/22 10:00,,8,4
5/8/22 10:15,,9,2
5/8/22 10:30,,1,10
5/8/22 10:45,,8,10
5/8/22 11:00,,3,5
5/8/22 11:15,,4,12
5/8/22 11:30,,4,2
5/8/22 11:45,,11,2
5/8/22 12:00,,3,14
5/8/22 12:15,,11,5
5/8/22 12:30,,6,11
5/8/22 12:45,,10,5
5/8/22 13:00,,4,6
5/8/22 13:15,,5,9
5/8/22 13:30,,7,10
5/8/22 13:45,,4,12
5/8/22 14:00,,9,9
5/8/22 14:15,,7,5
5/8/22 14:30,,5,3
5/8/22 14:45,,4,11
5/8/22 15:00,,4,4
5/8/22 15:15,,9,10
5/8/22 15:30,,6,6
5/8/22 15:45,,5,3
5/8/22 16:00,,9,7
5/8/22 16:15,,4,5
5/8/22 16:30,,12,5
5/8/22 16:45,,7,9
5/8/22 17:00,,1,11
5/8/22 17:15,,5,4
5/8/22 17:30,,1,4
5/8/22 17:45,,0,8
5/8/22 18:00,,2,7
5/8/22 18:15,,3,1
5/8/22 18:30,,1,1
5/8/22 18:45,,1,3
5/8/22 19:00,,0,6
5/8/22 19:15,,3,5
5/8/22 19:30,,3,4
5/8/22 19:45,,6,1
5/8/22 20:00,,1,0
5/8/22 20:15,,1,4
5/8/22 20:30,,1,0
5/8/22 20:45,,0,3
5/8/22 21:00,,0,0
5/8/22 21:15,,0,0
5/8/22 21:30,,0,1
5/8/22 21:45,,0,0
5/8/22 22:00,,1,1
5/8/22 22:15,,0,2
5/8/22 22:30,,0,0
5/8/22 22:45,,0,0
5/8/22 23:00,,0,0
5/8/22 23:15,,0,0
5/8/22 23:30,,0,0
5/8/22 23:45,,0,0
5/9/22 0:00,,0,0
5/9/22 0:15,,0,1
5/9/22 0:30,,0,0
5/9/22 0:45,,0,0
5/9/22 1:00,,0,0
5/9/22 1:15,,0,0
5/9/22 1:30,,0,0
5/9/22 1:45,,0,0
5/9/22 2:00,,0,0
5/9/22 2:15,,0,0
5/9/22 2:30,,0,0
5/9/22 2:45,,0,0
5/9/22 3:00,,0,0
5/9/22 3:15,,0,0
5/9/22 3:30,,2,0
5/9/22 3:45,,0,0
5/9/22 4:00,,2,0
5/9/22 4:15,,4,0
5/9/22 4:30,,2,0
5/9/22 4:45,,6,0
5/9/22 5:00,,3,0
5/9/22 5:15,,2,3
5/9/22 5:30,,8,1
5/9/22 5:45,,15,0
5/9/22 6:00,,9,0
5/9/22 6:15,,24,1
5/9/22 6:30,,17,1
5/9/22 6:45,,11,2
5/9/22 7:00,,15,3
5/9/22 7:15,,21,1
5/9/22 7:30,,24,1
5/9/22 7:45,,18,2
5/9/22 8:00,,27,1
5/9/22 8:15,,16,1
5/9/22 8:30,,14,5
5/9/22 8:45,,5,0
5/9/22 9:00,,11,1
5/9/22 9:15,,3,2
5/9/22 9:30,,7,2
5/9/22 9:45,,4,2
5/9/22 10:00,,4,2
5/9/22 10:15,,9,3
5/9/22 10:30,,2,6
5/9/22 10:45,,5,1
5/9/22 11:00,,5,1
5/9/22 11:15,,3,0
5/9/22 11:30,,7,1
5/9/22 11:45,,2,5
5/9/22 12:00,,6,1
5/9/22 12:15,,4,2
5/9/22 12:30,,6,8
5/9/22 12:45,,6,2
5/9/22 13:00,,0,4
5/9/22 13:15,,0,4
5/9/22 13:30,,5,9
5/9/22 13:45,,6,4
5/9/22 14:00,,4,9
5/9/22 14:15,,5,6
5/9/22 14:30,,1,5
5/9/22 14:45,,2,7
5/9/22 15:00,,8,9
5/9/22 15:15,,4,7
5/9/22 15:30,,1,19
5/9/22 15:45,,0,14
5/9/22 16:00,,9,13
5/9/22 16:15,,2,21
5/9/22 16:30,,3,27
5/9/22 16:45,,5,26
5/9/22 17:00,,7,27
5/9/22 17:15,,6,25
5/9/22 17:30,,2,19
5/9/22 17:45,,2,9
5/9/22 18:00,,6,13
5/9/22 18:15,,0,5
5/9/22 18:30,,2,5
5/9/22 18:45,,2,10
5/9/22 19:00,,2,1
5/9/22 19:15,,1,5
5/9/22 19:30,,0,6
5/9/22 19:45,,2,3
5/9/22 20:00,,0,4
5/9/22 20:15,,0,3
5/9/22 20:30,,1,2
5/9/22 20:45,,0,4
5/9/22 21:00,,0,1
5/9/22 21:15,,0,1
5/9/22 21:30,,1,1
5/9/22 21:45,,0,4
5/9/22 22:00,,0,3
5/9/22 22:15,,1,1
5/9/22 22:30,,0,0
5/9/22 22:45,,0,2
5/9/22 23:00,,0,1
5/9/22 23:15,,0,2
5/9/22 23:30,,0,0
5/9/22 23:45,,1,2
5/10/22 0:00,,0,1
5/10/22 0:15,,0,0
5/10/22 0:30,,1,0
5/10/22 0:45,,1,0
5/10/22 1:00,,0,0
5/10/22 1:15,,2,0
5/10/22 1:30,,1,0
5/10/22 1:45,,1,0
5/10/22 2:00,,0,0
5/10/22 2:15,,0,0
5/10/22 2:30,,0,1
5/10/22 2:45,,0,0
5/10/22 3:00,,1,0
5/10/22 3:15,,0,0
5/10/22 3:30,,1,0
5/10/22 3:45,,0,0
5/10/22 4:00,,0,1
5/10/22 4:15,,2,0
5/10/22 4:30,,3,0
5/10/22 4:45,,4,1
5/10/22 5:00,,5,0
5/10/22 5:15,,1,5
5/10/22 5:30,,11,2
5/10/22 5:45,,13,1
5/10/22 6:00,,15,1
5/10/22 6:15,,12,0
5/10/22 6:30,,17,2
5/10/22 6:45,,17,4
5/10/22 7:00,,25,2
5/10/22 7:15,,30,3
5/10/22 7:30,,28,4
5/10/22 7:45,,20,5
5/10/22 8:00,,37,2
5/10/22 8:15,,27,1
5/10/22 8:30,,19,2
5/10/22 8:45,,16,3
5/10/22 9:00,,7,0
5/10/22 9:15,,5,2
5/10/22 9:30,,7,1
5/10/22 9:45,,6,0
5/10/22 10:00,,3,1
5/10/22 10:15,,4,1
5/10/22 10:30,,4,3
5/10/22 10:45,,7,0
5/10/22 11:00,,8,1
5/10/22 11:15,,3,4
5/10/22 11:30,,5,1
5/10/22 11:45,,7,4
5/10/22 12:00,,5,8
5/10/22 12:15,,7,3
5/10/22 12:30,,3,3
5/10/22 12:45,,3,5
5/10/22 13:00,,2,5
5/10/22 13:15,,4,7
5/10/22 13:30,,8,3
5/10/22 13:45,,4,14
5/10/22 14:00,,5,5
5/10/22 14:15,,1,2
5/10/22 14:30,,8,5
5/10/22 14:45,,6,13
5/10/22 15:00,,12,8
5/10/22 15:15,,9,15
5/10/22 15:30,,13,21
5/10/22 15:45,,6,11
5/10/22 16:00,,6,21
5/10/22 16:15,,4,30
5/10/22 16:30,,9,21
5/10/22 16:45,,7,35
5/10/22 17:00,,15,27
5/10/22 17:15,,5,32
5/10/22 17:30,,6,22
5/10/22 17:45,,3,16
5/10/22 18:00,,6,25
5/10/22 18:15,,7,20
5/10/22 18:30,,3,26
5/10/22 18:45,,6,12
5/10/22 19:00,,4,13
5/10/22 19:15,,2,10
5/10/22 19:30,,11,6
5/10/22 19:45,,3,8
5/10/22 20:00,,4,3
5/10/22 20:15,,1,4
5/10/22 20:30,,2,1
5/10/22 20:45,,2,2
5/10/22 21:00,,0,2
5/10/22 21:15,,2,4
5/10/22 21:30,,2,5
5/10/22 21:45,,0,2
5/10/22 22:00,,1,4
5/10/22 22:15,,1,5
5/10/22 22:30,,1,4
5/10/22 22:45,,0,1
5/10/22 23:00,,0,2
5/10/22 23:15,,0,0
5/10/22 23:30,,0,2
5/10/22 23:45,,0,1
5/11/22 0:00,,0,2
5/11/22 0:15,,0,0
5/11/22 0:30,,0,0
5/11/22 0:45,,0,0
5/11/22 1:00,,0,1
5/11/22 1:15,,1,0
5/11/22 1:30,,0,0
5/11/22 1:45,,0,0
5/11/22 2:00,,0,0
5/11/22 2:15,,0,0
5/11/22 2:30,,0,0
5/11/22 2:45,,0,1
5/11/22 3:00,,0,0
5/11/22 3:15,,1,0
5/11/22 3:30,,0,0
5/11/22 3:45,,1,0
5/11/22 4:00,,0,1
5/11/22 4:15,,3,0
5/11/22 4:30,,4,0
5/11/22 4:45,,2,0
5/11/22 5:00,,6,0
5/11/22 5:15,,4,3
5/11/22 5:30,,9,2
5/11/22 5:45,,7,3
5/11/22 6:00,,10,0
5/11/22 6:15,,15,0
5/11/22 6:30,,15,0
5/11/22 6:45,,21,2
5/11/22 7:00,,19,3
5/11/22 7:15,,36,0
5/11/22 7:30,,8,4
5/11/22 7:45,,0,2
5/11/22 8:00,,3,2
5/11/22 8:15,,0,2
5/11/22 8:30,,4,1
5/11/22 8:45,,2,1
5/11/22 9:00,,2,1
5/11/22 9:15,,16,5
5/11/22 9:30,,10,1
5/11/22 9:45,,11,3
5/11/22 10:00,,6,2
5/11/22 10:15,,4,1
5/11/22 10:30,,6,1
5/11/22 10:45,,0,2
5/11/22 11:00,,7,2
5/11/22 11:15,,5,4
5/11/22 11:30,,5,2
5/11/22 11:45,,6,2
5/11/22 12:00,,9,0
5/11/22 12:15,,7,6
5/11/22 12:30,,7,3
5/11/22 12:45,,5,4
5/11/22 13:00,,4,1
5/11/22 13:15,,9,7
5/11/22 13:30,,6,7
5/11/22 13:45,,8,7
5/11/22 14:00,,4,4
5/11/22 14:15,,5,8
5/11/22 14:30,,4,5
5/11/22 14:45,,7,7
5/11/22 15:00,,6,7
5/11/22 15:15,,1,17
5/11/22 15:30,,2,13
5/11/22 15:45,,8,24
5/11/22 16:00,,5,19
5/11/22 16:15,,3,21
5/11/22 16:30,,8,25
5/11/22 16:45,,7,30
5/11/22 17:00,,10,29
5/11/22 17:15,,4,30
5/11/22 17:30,,3,35
5/11/22 17:45,,5,17
5/11/22 18:00,,5,13
5/11/22 18:15,,9,15
5/11/22 18:30,,5,9
5/11/22 18:45,,0,10
5/11/22 19:00,,3,9
5/11/22 19:15,,3,13
5/11/22 19:30,,3,7
5/11/22 19:45,,3,9
5/11/22 20:00,,9,4
5/11/22 20:15,,1,3
5/11/22 20:30,,1,2
5/11/22 20:45,,0,0
5/11/22 21:00,,4,2
5/11/22 21:15,,1,0
5/11/22 21:30,,0,3
5/11/22 21:45,,0,2
5/11/22 22:00,,1,1
5/11/22 22:15,,1,1
5/11/22 22:30,,0,1
5/11/22 22:45,,0,0
5/11/22 23:00,,0,2
5/11/22 23:15,,0,2
5/11/22 23:30,,0,0
5/11/22 23:45,,0,0
5/12/22 0:00,,0,1
5/12/22 0:15,,0,0
5/12/22 0:30,,0,0
5/12/22 0:45,,2,0
5/12/22 1:00,,0,0
5/12/22 1:15,,1,0
5/12/22 1:30,,0,0
5/12/22 1:45,,0,0
5/12/22 2:00,,0,0
5/12/22 2:15,,0,1
5/12/22 2:30,,0,0
5/12/22 2:45,,0,0
5/12/22 3:00,,0,0
5/12/22 3:15,,0,0
5/12/22 3:30,,0,0
5/12/22 3:45,,0,0
5/12/22 4:00,,1,0
5/12/22 4:15,,3,0
5/12/22 4:30,,2,1
5/12/22 4:45,,3,0
5/12/22 5:00,,3,1
5/12/22 5:15,,4,2
5/12/22 5:30,,4,2
5/12/22 5:45,,4,1
5/12/22 6:00,,8,2
5/12/22 6:15,,13,0
5/12/22 6:30,,12,0
5/12/22 6:45,,7,1
5/12/22 7:00,,6,0
5/12/22 7:15,,21,0
5/12/22 7:30,,29,2
5/12/22 7:45,,13,1
5/12/22 8:00,,16,0
5/12/22 8:15,,9,0
5/12/22 8:30,,13,1
5/12/22 8:45,,13,3
5/12/22 9:00,,9,1
5/12/22 9:15,,5,1
5/12/22 9:30,,8,0
5/12/22 9:45,,1,0
5/12/22 10:00,,0,2
5/12/22 10:15,,2,1
5/12/22 10:30,,6,1
5/12/22 10:45,,2,1
5/12/22 11:00,,4,2
5/12/22 11:15,,0,2
5/12/22 11:30,,2,0
5/12/22 11:45,,2,1
5/12/22 12:00,,3,0
5/12/22 12:15,,0,0
5/12/22 12:30,,2,2
5/12/22 12:45,,0,1
5/12/22 13:00,,0,1
5/12/22 13:15,,2,3
5/12/22 13:30,,2,1
5/12/22 13:45,,0,4
5/12/22 14:00,,1,3
5/12/22 14:15,,3,6
5/12/22 14:30,,0,5
5/12/22 14:45,,0,6
5/12/22 15:00,,3,3
5/12/22 15:15,,0,6
5/12/22 15:30,,1,4
5/12/22 15:45,,1,6
5/12/22 16:00,,0,12
5/12/22 16:15,,3,14
5/12/22 16:30,,3,9
5/12/22 16:45,,2,19
5/12/22 17:00,,2,17
5/12/22 17:15,,3,17
5/12/22 17:30,,2,18
5/12/22 17:45,,1,13
5/12/22 18:00,,0,8
5/12/22 18:15,,1,6
5/12/22 18:30,,2,5
5/12/22 18:45,,2,1
5/12/22 19:00,,1,2
5/12/22 19:15,,1,11
5/12/22 19:30,,0,6
5/12/22 19:45,,0,2
5/12/22 20:00,,1,5
5/12/22 20:15,,2,1
5/12/22 20:30,,0,4
5/12/22 20:45,,0,4
5/12/22 21:00,,1,0
5/12/22 21:15,,1,2
5/12/22 21:30,,0,0
5/12/22 21:45,,0,2
5/12/22 22:00,,0,1
5/12/22 22:15,,0,2
5/12/22 22:30,,0,0
5/12/22 22:45,,0,1
5/12/22 23:00,,0,0
5/12/22 23:15,,0,0
5/12/22 23:30,,0,0
5/12/22 23:45,,0,1
5/13/22 0:00,,0,0
5/13/22 0:15,,0,0
5/13/22 0:30,,0,0
5/13/22 0:45,,0,0
5/13/22 1:00,,0,0
5/13/22 1:15,,0,0
5/13/22 1:30,,0,0
5/13/22 1:45,,0,0
5/13/22 2:00,,0,0
5/13/22 2:15,,0,0
5/13/22 2:30,,0,0
5/13/22 2:45,,0,0
5/13/22 3:00,,0,0
5/13/22 3:15,,1,0
5/13/22 3:30,,0,0
5/13/22 3:45,,1,0
5/13/22 4:00,,1,0
5/13/22 4:15,,3,0
5/13/22 4:30,,1,0
5/13/22 4:45,,4,1
5/13/22 5:00,,3,1
5/13/22 5:15,,2,2
5/13/22 5:30,,10,3
5/13/22 5:45,,10,2
5/13/22 6:00,,8,0
5/13/22 6:15,,8,1
5/13/22 6:30,,11,1
5/13/22 6:45,,13,1
5/13/22 7:00,,28,1
5/13/22 7:15,,19,2
5/13/22 7:30,,8,5
5/13/22 7:45,,30,2
5/13/22 8:00,,25,3
5/13/22 8:15,,7,2
5/13/22 8:30,,9,1
5/13/22 8:45,,7,3
5/13/22 9:00,,13,1
5/13/22 9:15,,5,2
5/13/22 9:30,,6,1
5/13/22 9:45,,6,4
5/13/22 10:00,,10,0
5/13/22 10:15,,6,1
5/13/22 10:30,,2,2
5/13/22 10:45,,5,2
5/13/22 11:00,,2,0
5/13/22 11:15,,6,5
5/13/22 11:30,,4,5
5/13/22 11:45,,6,4
5/13/22 12:00,,6,4
5/13/22 12:15,,5,3
5/13/22 12:30,,4,6
5/13/22 12:45,,5,13
5/13/22 13:00,,6,6
5/13/22 13:15,,7,4
5/13/22 13:30,,7,6
5/13/22 13:45,,2,8
5/13/22 14:00,,6,8
5/13/22 14:15,,5,3
5/13/22 14:30,,10,16
5/13/22 14:45,,3,9
5/13/22 15:00,,6,13
5/13/22 15:15,,7,14
5/13/22 15:30,,9,18
5/13/22 15:45,,1,10
5/13/22 16:00,,7,16
5/13/22 16:15,,3,22
5/13/22 16:30,,4,13
5/13/22 16:45,,9,29
5/13/22 17:00,,3,21
5/13/22 17:15,,3,29
5/13/22 17:30,,7,16
5/13/22 17:45,,1,9
5/13/22 18:00,,10,7
5/13/22 18:15,,8,9
5/13/22 18:30,,3,8
5/13/22 18:45,,2,5
5/13/22 19:00,,2,9
5/13/22 19:15,,4,7
5/13/22 19:30,,1,3
5/13/22 19:45,,0,6
5/13/22 20:00,,3,2
5/13/22 20:15,,0,2
5/13/22 20:30,,2,4
5/13/22 20:45,,3,1
5/13/22 21:00,,1,2
5/13/22 21:15,,2,0
5/13/22 21:30,,0,2
5/13/22 21:45,,1,1
5/13/22 22:00,,0,31
5/13/22 22:15,,0,1
5/13/22 22:30,,0,3
5/13/22 22:45,,3,2
5/13/22 23:00,,3,1
5/13/22 23:15,,0,0
5/13/22 23:30,,0,2
5/13/22 23:45,,1,0
5/14/22 0:00,,2,0
5/14/22 0:15,,4,0
5/14/22 0:30,,0,0
5/14/22 0:45,,2,1
5/14/22 1:00,,0,0
5/14/22 1:15,,6,0
5/14/22 1:30,,0,0
5/14/22 1:45,,0,0
5/14/22 2:00,,0,0
5/14/22 2:15,,0,0
5/14/22 2:30,,0,1
5/14/22 2:45,,0,0
5/14/22 3:00,,1,0
5/14/22 3:15,,0,0
5/14/22 3:30,,0,0
5/14/22 3:45,,0,0
5/14/22 4:00,,0,0
5/14/22 4:15,,2,0
5/14/22 4:30,,1,1
5/14/22 4:45,,0,0
5/14/22 5:00,,0,0
5/14/22 5:15,,1,0
5/14/22 5:30,,0,2
5/14/22 5:45,,1,0
5/14/22 6:00,,2,0
5/14/22 6:15,,1,0
5/14/22 6:30,,0,0
5/14/22 6:45,,2,0
5/14/22 7:00,,0,1
5/14/22 7:15,,1,0
5/14/22 7:30,,3,2
5/14/22 7:45,,1,0
5/14/22 8:00,,1,0
5/14/22 8:15,,1,1
5/14/22 8:30,,1,8
5/14/22 8:45,,3,3
5/14/22 9:00,,3,2
5/14/22 9:15,,11,3
5/14/22 9:30,,1,1
5/14/22 9:45,,4,4
5/14/22 10:00,,2,3
5/14/22 10:15,,1,5
5/14/22 10:30,,6,2
5/14/22 10:45,,2,6
5/14/22 11:00,,5,1
5/14/22 11:15,,7,2
5/14/22 11:30,,3,4
5/14/22 11:45,,9,2
5/14/22 12:00,,3,13
5/14/22 12:15,,3,4
5/14/22 12:30,,3,5
5/14/22 12:45,,5,3
5/14/22 13:00,,3,5
5/14/22 13:15,,8,9
5/14/22 13:30,,5,11
5/14/22 13:45,,11,14
5/14/22 14:00,,16,6
5/14/22 14:15,,13,7
5/14/22 14:30,,15,4
5/14/22 14:45,,5,7
5/14/22 15:00,,8,8
5/14/22 15:15,,9,6
5/14/22 15:30,,2,4
5/14/22 15:45,,1,19
5/14/22 16:00,,16,5
5/14/22 16:15,,5,11
5/14/22 16:30,,7,7
5/14/22 16:45,,6,8
5/14/22 17:00,,10,9
5/14/22 17:15,,6,11
5/14/22 17:30,,13,8
5/14/22 17:45,,4,4
5/14/22 18:00,,7,5
5/14/22 18:15,,5,9
5/14/22 18:30,,2,3
5/14/22 18:45,,3,4
5/14/22 19:00,,1,7
5/14/22 19:15,,0,1
5/14/22 19:30,,2,10
5/14/22 19:45,,2,1
5/14/22 20:00,,0,1
5/14/22 20:15,,3,2
5/14/22 20:30,,2,1
5/14/22 20:45,,1,0
5/14/22 21:00,,0,0
5/14/22 21:15,,0,1
5/14/22 21:30,,1,2
5/14/22 21:45,,1,2
5/14/22 22:00,,6,1
5/14/22 22:15,,0,1
5/14/22 22:30,,2,1
5/14/22 22:45,,0,2
5/14/22 23:00,,0,0
5/14/22 23:15,,1,0
5/14/22 23:30,,0,1
5/14/22 23:45,,0,0
5/15/22 0:00,,0,0
5/15/22 0:15,,0,1
5/15/22 0:30,,1,0
5/15/22 0:45,,1,0
5/15/22 1:00,,0,1
5/15/22 1:15,,0,1
5/15/22 1:30,,0,0
5/15/22 1:45,,1,0
5/15/22 2:00,,0,0
5/15/22 2:15,,0,0
5/15/22 2:30,,0,0
5/15/22 2:45,,1,1
5/15/22 3:00,,0,0
5/15/22 3:15,,0,1
5/15/22 3:30,,0,0
5/15/22 3:45,,0,0
5/15/22 4:00,,0,0
5/15/22 4:15,,1,0
5/15/22 4:30,,0,0
5/15/22 4:45,,0,0
5/15/22 5:00,,1,0
5/15/22 5:15,,0,0
5/15/22 5:30,,0,0
5/15/22 5:45,,0,0
5/15/22 6:00,,1,0
5/15/22 6:15,,3,1
5/15/22 6:30,,0,0
5/15/22 6:45,,1,0
5/15/22 7:00,,1,0
5/15/22 7:15,,0,1
5/15/22 7:30,,0,1
5/15/22 7:45,,2,1
5/15/22 8:00,,1,5
5/15/22 8:15,,0,0
5/15/22 8:30,,1,1
5/15/22 8:45,,0,4
5/15/22 9:00,,0,3
5/15/22 9:15,,3,1
5/15/22 9:30,,1,1
5/15/22 9:45,,4,0
5/15/22 10:00,,1,0
5/15/22 10:15,,1,0
5/15/22 10:30,,0,0
5/15/22 10:45,,4,0
5/15/22 11:00,,0,0
5/15/22 11:15,,0,0
5/15/22 11:30,,3,0
5/15/22 11:45,,7,1
5/15/22 12:00,,1,0
5/15/22 12:15,,0,4
5/15/22 12:30,,2,3
5/15/22 12:45,,2,3
5/15/22 13:00,,2,1
5/15/22 13:15,,0,2
5/15/22 13:30,,0,0
5/15/22 13:45,,2,1
5/15/22 14:00,,1,0
5/15/22 14:15,,0,0
5/15/22 14:30,,0,1
5/15/22 14:45,,2,2
5/15/22 15:00,,5,1
5/15/22 15:15,,1,1
5/15/22 15:30,,0,3
5/15/22 15:45,,2,0
5/15/22 16:00,,0,1
5/15/22 16:15,,2,3
5/15/22 16:30,,0,2
5/15/22 16:45,,0,0
5/15/22 17:00,,1,0
5/15/22 17:15,,0,1
5/15/22 17:30,,2,1
5/15/22 17:45,,0,2
5/15/22 18:00,,1,4
5/15/22 18:15,,1,1
5/15/22 18:30,,2,0
5/15/22 18:45,,1,1
5/15/22 19:00,,0,2
5/15/22 19:15,,2,1
5/15/22 19:30,,0,2
5/15/22 19:45,,2,0
5/15/22 20:00,,1,0
5/15/22 20:15,,0,2
5/15/22 20:30,,0,0
5/15/22 20:45,,0,2
5/15/22 21:00,,0,2
5/15/22 21:15,,1,0
5/15/22 21:30,,0,0
5/15/22 21:45,,1,1
5/15/22 22:00,,1,0
5/15/22 22:15,,1,1
5/15/22 22:30,,0,2
5/15/22 22:45,,0,0
5/15/22 23:00,,0,0
5/15/22 23:15,,0,0
5/15/22 23:30,,0,0
5/15/22 23:45,,0,0
5/16/22 0:00,,0,2
5/16/22 0:15,,0,0
5/16/22 0:30,,0,0
5/16/22 0:45,,0,0
5/16/22 1:00,,0,0
5/16/22 1:15,,0,0
5/16/22 1:30,,0,0
5/16/22 1:45,,0,1
5/16/22 2:00,,0,0
5/16/22 2:15,,2,0
5/16/22 2:30,,0,0
5/16/22 2:45,,0,0
5/16/22 3:00,,0,1
5/16/22 3:15,,0,0
5/16/22 3:30,,0,1
5/16/22 3:45,,0,1
5/16/22 4:00,,2,0
5/16/22 4:15,,4,0
5/16/22 4:30,,2,0
5/16/22 4:45,,5,0
5/16/22 5:00,,6,0
5/16/22 5:15,,2,4
5/16/22 5:30,,10,1
5/16/22 5:45,,10,1
5/16/22 6:00,,7,2
5/16/22 6:15,,14,0
5/16/22 6:30,,11,2
5/16/22 6:45,,16,0
5/16/22 7:00,,21,1
5/16/22 7:15,,6,0
5/16/22 7:30,,36,4
5/16/22 7:45,,18,1
5/16/22 8:00,,26,1
5/16/22 8:15,,14,6
5/16/22 8:30,,18,2
5/16/22 8:45,,11,2
5/16/22 9:00,,10,0
5/16/22 9:15,,4,3
5/16/22 9:30,,8,1
5/16/22 9:45,,10,3
5/16/22 10:00,,2,3
5/16/22 10:15,,6,2
5/16/22 10:30,,6,3
5/16/22 10:45,,6,1
5/16/22 11:00,,5,4
5/16/22 11:15,,5,4
5/16/22 11:30,,3,7
5/16/22 11:45,,3,4
5/16/22 12:00,,4,3
5/16/22 12:15,,5,1
5/16/22 12:30,,6,1
5/16/22 12:45,,2,5
5/16/22 13:00,,5,1
5/16/22 13:15,,4,2
5/16/22 13:30,,4,9
5/16/22 13:45,,3,7
5/16/22 14:00,,4,6
5/16/22 14:15,,7,7
5/16/22 14:30,,3,4
5/16/22 14:45,,7,6
5/16/22 15:00,,6,5
5/16/22 15:15,,4,17
5/16/22 15:30,,5,7
5/16/22 15:45,,4,14
5/16/22 16:00,,7,13
5/16/22 16:15,,9,34
5/16/22 16:30,,1,22
5/16/22 16:45,,5,28
5/16/22 17:00,,7,30
5/16/22 17:15,,9,26
5/16/22 17:30,,4,22
5/16/22 17:45,,3,17
5/16/22 18:00,,5,18
5/16/22 18:15,,1,12
5/16/22 18:30,,6,12
5/16/22 18:45,,0,14
5/16/22 19:00,,4,5
5/16/22 19:15,,8,12
5/16/22 19:30,,5,4
5/16/22 19:45,,4,6
5/16/22 20:00,,1,4
5/16/22 20:15,,1,1
5/16/22 20:30,,2,3
5/16/22 20:45,,3,3
5/16/22 21:00,,0,0
5/16/22 21:15,,1,2
5/16/22 21:30,,1,2
5/16/22 21:45,,2,5
5/16/22 22:00,,3,3
5/16/22 22:15,,3,0
5/16/22 22:30,,1,1
5/16/22 22:45,,2,2
5/16/22 23:00,,0,1
5/16/22 23:15,,0,1
5/16/22 23:30,,0,0
5/16/22 23:45,,0,1
5/17/22 0:00,,0,0
5/17/22 0:15,,1,0
5/17/22 0:30,,0,0
5/17/22 0:45,,0,0
5/17/22 1:00,,0,1
5/17/22 1:15,,0,0
5/17/22 1:30,,0,0
5/17/22 1:45,,0,0
5/17/22 2:00,,0,1
5/17/22 2:15,,2,0
5/17/22 2:30,,0,0
5/17/22 2:45,,0,0
5/17/22 3:00,,0,0
5/17/22 3:15,,0,0
5/17/22 3:30,,0,0
5/17/22 3:45,,0,0
5/17/22 4:00,,1,1
5/17/22 4:15,,1,0
5/17/22 4:30,,4,0
5/17/22 4:45,,5,0
5/17/22 5:00,,6,2
5/17/22 5:15,,1,2
5/17/22 5:30,,11,0
5/17/22 5:45,,10,3
5/17/22 6:00,,9,1
5/17/22 6:15,,21,1
5/17/22 6:30,,14,2
5/17/22 6:45,,18,3
5/17/22 7:00,,23,1
5/17/22 7:15,,41,3
5/17/22 7:30,,30,4
5/17/22 7:45,,27,0
5/17/22 8:00,,26,8
5/17/22 8:15,,25,0
5/17/22 8:30,,21,1
5/17/22 8:45,,19,0
5/17/22 9:00,,18,0
5/17/22 9:15,,9,1
5/17/22 9:30,,13,3
5/17/22 9:45,,3,1
5/17/22 10:00,,4,5
5/17/22 10:15,,7,1
5/17/22 10:30,,7,1
5/17/22 10:45,,7,4
5/17/22 11:00,,2,2
5/17/22 11:15,,5,5
5/17/22 11:30,,7,2
5/17/22 11:45,,5,3
5/17/22 12:00,,5,2
5/17/22 12:15,,7,3
5/17/22 12:30,,6,4
5/17/22 12:45,,2,3
5/17/22 13:00,,7,7
5/17/22 13:15,,6,7
5/17/22 13:30,,2,11
5/17/22 13:45,,4,3
5/17/22 14:00,,5,11
5/17/22 14:15,,4,7
5/17/22 14:30,,4,5
5/17/22 14:45,,3,7
5/17/22 15:00,,5,20
5/17/22 15:15,,6,18
5/17/22 15:30,,0,14
5/17/22 15:45,,10,16
5/17/22 16:00,,6,24
5/17/22 16:15,,4,25
5/17/22 16:30,,1,33
5/17/22 16:45,,8,31
5/17/22 17:00,,4,37
5/17/22 17:15,,5,33
5/17/22 17:30,,6,27
5/17/22 17:45,,4,20
5/17/22 18:00,,8,12
5/17/22 18:15,,6,15
5/17/22 18:30,,3,14
5/17/22 18:45,,2,16
5/17/22 19:00,,2,9
5/17/22 19:15,,3,6
5/17/22 19:30,,8,12
5/17/22 19:45,,0,6
5/17/22 20:00,,1,6
5/17/22 20:15,,3,2
5/17/22 20:30,,3,3
5/17/22 20:45,,1,3
5/17/22 21:00,,0,4
5/17/22 21:15,,2,2
5/17/22 21:30,,0,1
5/17/22 21:45,,2,3
5/17/22 22:00,,0,2
5/17/22 22:15,,1,4
5/17/22 22:30,,0,1
5/17/22 22:45,,1,1
5/17/22 23:00,,0,0
5/17/22 23:15,,0,1
5/17/22 23:30,,0,1
5/17/22 23:45,,0,0
5/18/22 0:00,,0,1
5/18/22 0:15,,0,1
5/18/22 0:30,,0,0
5/18/22 0:45,,1,0
5/18/22 1:00,,0,0
5/18/22 1:15,,0,0
5/18/22 1:30,,0,0
5/18/22 1:45,,0,1
5/18/22 2:00,,0,0
5/18/22 2:15,,0,0
5/18/22 2:30,,0,0
5/18/22 2:45,,0,0
5/18/22 3:00,,0,0
5/18/22 3:15,,1,0
5/18/22 3:30,,0,0
5/18/22 3:45,,0,0
5/18/22 4:00,,0,0
5/18/22 4:15,,4,0
5/18/22 4:30,,1,0
5/18/22 4:45,,1,0
5/18/22 5:00,,4,0
5/18/22 5:15,,3,4
5/18/22 5:30,,0,1
5/18/22 5:45,,7,1
5/18/22 6:00,,6,1
5/18/22 6:15,,9,2
5/18/22 6:30,,12,0
5/18/22 6:45,,10,1
5/18/22 7:00,,12,0
5/18/22 7:15,,23,2
5/18/22 7:30,,19,1
5/18/22 7:45,,17,0
5/18/22 8:00,,16,2
5/18/22 8:15,,12,0
5/18/22 8:30,,12,1
5/18/22 8:45,,9,1
5/18/22 9:00,,10,1
5/18/22 9:15,,4,0
5/18/22 9:30,,4,0
5/18/22 9:45,,2,1
5/18/22 10:00,,2,0
5/18/22 10:15,,3,0
5/18/22 10:30,,2,0
5/18/22 10:45,,5,1
5/18/22 11:00,,3,0
5/18/22 11:15,,6,0
5/18/22 11:30,,2,1
5/18/22 11:45,,2,2
5/18/22 12:00,,3,2
5/18/22 12:15,,2,0
5/18/22 12:30,,5,3
5/18/22 12:45,,0,0
5/18/22 13:00,,3,1
5/18/22 13:15,,0,2
5/18/22 13:30,,4,2
5/18/22 13:45,,4,7
5/18/22 14:00,,4,1
5/18/22 14:15,,8,6
5/18/22 14:30,,6,5
5/18/22 14:45,,0,4
5/18/22 15:00,,4,7
5/18/22 15:15,,2,6
5/18/22 15:30,,1,8
5/18/22 15:45,,3,7
5/18/22 16:00,,8,11
5/18/22 16:15,,6,13
5/18/22 16:30,,2,24
5/18/22 16:45,,7,18
5/18/22 17:00,,4,22
5/18/22 17:15,,4,18
5/18/22 17:30,,0,18
5/18/22 17:45,,0,14
5/18/22 18:00,,4,12
5/18/22 18:15,,1,11
5/18/22 18:30,,1,7
5/18/22 18:45,,6,5
5/18/22 19:00,,0,7
5/18/22 19:15,,4,4
5/18/22 19:30,,0,1
5/18/22 19:45,,2,6
5/18/22 20:00,,1,5
5/18/22 20:15,,0,3
5/18/22 20:30,,0,2
5/18/22 20:45,,6,2
5/18/22 21:00,,0,4
5/18/22 21:15,,2,5
5/18/22 21:30,,0,2
5/18/22 21:45,,1,4
5/18/22 22:00,,0,4
5/18/22 22:15,,0,0
5/18/22 22:30,,0,1
5/18/22 22:45,,0,1
5/18/22 23:00,,0,0
5/18/22 23:15,,0,1
5/18/22 23:30,,2,1
5/18/22 23:45,,0,2
5/19/22 0:00,,0,0
5/19/22 0:15,,1,2
5/19/22 0:30,,0,0
5/19/22 0:45,,0,0
5/19/22 1:00,,0,1
5/19/22 1:15,,0,0
5/19/22 1:30,,0,0
5/19/22 1:45,,0,0
5/19/22 2:00,,0,0
5/19/22 2:15,,0,0
5/19/22 2:30,,0,0
5/19/22 2:45,,0,0
5/19/22 3:00,,0,1
5/19/22 3:15,,0,1
5/19/22 3:30,,0,0
5/19/22 3:45,,0,0
5/19/22 4:00,,1,0
5/19/22 4:15,,4,0
5/19/22 4:30,,3,1
5/19/22 4:45,,4,0
5/19/22 5:00,,6,0
5/19/22 5:15,,4,4
5/19/22 5:30,,4,2
5/19/22 5:45,,8,1
5/19/22 6:00,,9,1
5/19/22 6:15,,12,0
5/19/22 6:30,,18,0
5/19/22 6:45,,21,2
5/19/22 7:00,,19,2
5/19/22 7:15,,35,1
5/19/22 7:30,,26,3
5/19/22 7:45,,33,0
5/19/22 8:00,,28,1
5/19/22 8:15,,23,4
5/19/22 8:30,,26,5
5/19/22 8:45,,8,2
5/19/22 9:00,,13,1
5/19/22 9:15,,14,2
5/19/22 9:30,,9,9
5/19/22 9:45,,7,0
5/19/22 10:00,,3,0
5/19/22 10:15,,11,3
5/19/22 10:30,,4,3
5/19/22 10:45,,6,0
5/19/22 11:00,,7,4
5/19/22 11:15,,9,4
5/19/22 11:30,,10,1
5/19/22 11:45,,6,4
5/19/22 12:00,,4,6
5/19/22 12:15,,7,1
5/19/22 12:30,,2,1
5/19/22 12:45,,3,6
5/19/22 13:00,,5,0
5/19/22 13:15,,4,4
5/19/22 13:30,,5,5
5/19/22 13:45,,6,13
5/19/22 14:00,,6,8
5/19/22 14:15,,7,12
5/19/22 14:30,,4,8
5/19/22 14:45,,2,6
5/19/22 15:00,,6,8
5/19/22 15:15,,6,14
5/19/22 15:30,,6,10
5/19/22 15:45,,3,7
5/19/22 16:00,,5,16
5/19/22 16:15,,10,24
5/19/22 16:30,,11,35
5/19/22 16:45,,7,36
5/19/22 17:00,,17,34
5/19/22 17:15,,6,39
5/19/22 17:30,,6,28
5/19/22 17:45,,5,21
5/19/22 18:00,,3,20
5/19/22 18:15,,9,9
5/19/22 18:30,,5,23
5/19/22 18:45,,4,14
5/19/22 19:00,,3,18
5/19/22 19:15,,3,11
5/19/22 19:30,,1,10
5/19/22 19:45,,4,4
5/19/22 20:00,,0,7
5/19/22 20:15,,2,6
5/19/22 20:30,,0,5
5/19/22 20:45,,2,4
5/19/22 21:00,,2,2
5/19/22 21:15,,0,1
5/19/22 21:30,,0,1
5/19/22 21:45,,0,1
5/19/22 22:00,,0,0
5/19/22 22:15,,0,1
5/19/22 22:30,,0,0
5/19/22 22:45,,0,0
5/19/22 23:00,,0,2
5/19/22 23:15,,0,1
5/19/22 23:30,,0,0
5/19/22 23:45,,0,0
5/20/22 0:00,,0,1
5/20/22 0:15,,1,1
5/20/22 0:30,,2,0
5/20/22 0:45,,0,0
5/20/22 1:00,,0,0
5/20/22 1:15,,0,1
5/20/22 1:30,,0,0
5/20/22 1:45,,0,0
5/20/22 2:00,,0,0
5/20/22 2:15,,1,0
5/20/22 2:30,,1,0
5/20/22 2:45,,0,0
5/20/22 3:00,,0,0
5/20/22 3:15,,0,0
5/20/22 3:30,,0,0
5/20/22 3:45,,0,0
5/20/22 4:00,,0,0
5/20/22 4:15,,5,0
5/20/22 4:30,,1,0
5/20/22 4:45,,1,0
5/20/22 5:00,,3,2
5/20/22 5:15,,4,2
5/20/22 5:30,,10,2
5/20/22 5:45,,8,2
5/20/22 6:00,,6,0
5/20/22 6:15,,6,1
5/20/22 6:30,,21,3
5/20/22 6:45,,11,4
5/20/22 7:00,,23,3
5/20/22 7:15,,28,3
5/20/22 7:30,,32,5
5/20/22 7:45,,19,0
5/20/22 8:00,,30,3
5/20/22 8:15,,15,2
5/20/22 8:30,,16,5
5/20/22 8:45,,9,2
5/20/22 9:00,,13,2
5/20/22 9:15,,12,3
5/20/22 9:30,,8,2
5/20/22 9:45,,4,5
5/20/22 10:00,,7,4
5/20/22 10:15,,5,4
5/20/22 10:30,,7,1
5/20/22 10:45,,5,5
5/20/22 11:00,,4,4
5/20/22 11:15,,7,2
5/20/22 11:30,,6,5
5/20/22 11:45,,2,3
5/20/22 12:00,,1,4
5/20/22 12:15,,3,6
5/20/22 12:30,,6,19
5/20/22 12:45,,1,9
5/20/22 13:00,,6,6
5/20/22 13:15,,5,6
5/20/22 13:30,,3,5
5/20/22 13:45,,1,7
5/20/22 14:00,,6,10
5/20/22 14:15,,4,8
5/20/22 14:30,,24,11
5/20/22 14:45,,5,9
5/20/22 15:00,,12,1
5/20/22 15:15,,7,13
5/20/22 15:30,,6,13
5/20/22 15:45,,6,20
5/20/22 16:00,,8,16
5/20/22 16:15,,3,19
5/20/22 16:30,,9,36
5/20/22 16:45,,9,26
5/20/22 17:00,,7,26
5/20/22 17:15,,12,26
5/20/22 17:30,,2,13
5/20/22 17:45,,6,13
5/20/22 18:00,,1,11
5/20/22 18:15,,6,21
5/20/22 18:30,,6,10
5/20/22 18:45,,3,17
5/20/22 19:00,,7,10
5/20/22 19:15,,0,7
5/20/22 19:30,,2,6
5/20/22 19:45,,0,8
5/20/22 20:00,,1,4
5/20/22 20:15,,0,1
5/20/22 20:30,,0,2
5/20/22 20:45,,3,4
5/20/22 21:00,,2,3
5/20/22 21:15,,4,3
5/20/22 21:30,,0,1
5/20/22 21:45,,0,3
5/20/22 22:00,,1,1
5/20/22 22:15,,0,2
5/20/22 22:30,,1,1
5/20/22 22:45,,4,1
5/20/22 23:00,,0,3
5/20/22 23:15,,0,0
5/20/22 23:30,,0,3
5/20/22 23:45,,0,1
5/21/22 0:00,,5,3
5/21/22 0:15,,1,0
5/21/22 0:30,,2,0
5/21/22 0:45,,0,0
5/21/22 1:00,,0,3
5/21/22 1:15,,0,0
5/21/22 1:30,,2,0
5/21/22 1:45,,0,0
5/21/22 2:00,,1,1
5/21/22 2:15,,0,2
5/21/22 2:30,,0,0
5/21/22 2:45,,0,0
5/21/22 3:00,,0,0
5/21/22 3:15,,0,0
5/21/22 3:30,,1,0
5/21/22 3:45,,0,0
5/21/22 4:00,,0,1
5/21/22 4:15,,1,0
5/21/22 4:30,,0,0
5/21/22 4:45,,1,1
5/21/22 5:00,,0,1
5/21/22 5:15,,2,0
5/21/22 5:30,,1,1
5/21/22 5:45,,2,0
5/21/22 6:00,,0,0
5/21/22 6:15,,4,1
5/21/22 6:30,,2,0
5/21/22 6:45,,3,2
5/21/22 7:00,,6,0
5/21/22 7:15,,4,1
5/21/22 7:30,,2,4
5/21/22 7:45,,8,1
5/21/22 8:00,,7,5
5/21/22 8:15,,7,7
5/21/22 8:30,,5,7
5/21/22 8:45,,14,1
5/21/22 9:00,,10,6
5/21/22 9:15,,12,7
5/21/22 9:30,,11,6
5/21/22 9:45,,11,10
5/21/22 10:00,,3,11
5/21/22 10:15,,10,22
5/21/22 10:30,,17,7
5/21/22 10:45,,8,5
5/21/22 11:00,,5,8
5/21/22 11:15,,12,5
5/21/22 11:30,,23,21
5/21/22 11:45,,11,11
5/21/22 12:00,,8,15
5/21/22 12:15,,15,8
5/21/22 12:30,,12,19
5/21/22 12:45,,22,17
5/21/22 13:00,,8,10
5/21/22 13:15,,10,7
5/21/22 13:30,,6,21
5/21/22 13:45,,8,15
5/21/22 14:00,,11,9
5/21/22 14:15,,17,9
5/21/22 14:30,,21,11
5/21/22 14:45,,25,12
5/21/22 15:00,,8,21
5/21/22 15:15,,7,15
5/21/22 15:30,,8,10
5/21/22 15:45,,19,13
5/21/22 16:00,,15,11
5/21/22 16:15,,15,11
5/21/22 16:30,,10,11
5/21/22 16:45,,13,9
5/21/22 17:00,,7,12
5/21/22 17:15,,8,13
5/21/22 17:30,,12,11
5/21/22 17:45,,2,5
5/21/22 18:00,,12,5
5/21/22 18:15,,4,14
5/21/22 18:30,,3,3
5/21/22 18:45,,1,8
5/21/22 19:00,,1,4
5/21/22 19:15,,4,5
5/21/22 19:30,,0,5
5/21/22 19:45,,2,1
5/21/22 20:00,,9,3
5/21/22 20:15,,1,3
5/21/22 20:30,,1,2
5/21/22 20:45,,1,3
5/21/22 21:00,,3,3
5/21/22 21:15,,3,0
5/21/22 21:30,,1,4
5/21/22 21:45,,0,1
5/21/22 22:00,,2,1
5/21/22 22:15,,0,0
5/21/22 22:30,,1,2
5/21/22 22:45,,0,0
5/21/22 23:00,,1,6
5/21/22 23:15,,0,0
5/21/22 23:30,,1,0
5/21/22 23:45,,1,5
5/22/22 0:00,,1,1
5/22/22 0:15,,3,2
5/22/22 0:30,,0,3
5/22/22 0:45,,0,0
5/22/22 1:00,,0,0
5/22/22 1:15,,1,0
5/22/22 1:30,,0,0
5/22/22 1:45,,0,1
5/22/22 2:00,,0,3
5/22/22 2:15,,0,0
5/22/22 2:30,,0,1
5/22/22 2:45,,0,0
5/22/22 3:00,,0,0
5/22/22 3:15,,0,0
5/22/22 3:30,,2,0
5/22/22 3:45,,0,1
5/22/22 4:00,,0,1
5/22/22 4:15,,0,0
5/22/22 4:30,,1,0
5/22/22 4:45,,0,0
5/22/22 5:00,,2,0
5/22/22 5:15,,1,0
5/22/22 5:30,,2,2
5/22/22 5:45,,0,1
5/22/22 6:00,,1,1
5/22/22 6:15,,3,1
5/22/22 6:30,,2,1
5/22/22 6:45,,0,0
5/22/22 7:00,,3,2
5/22/22 7:15,,5,1
5/22/22 7:30,,4,3
5/22/22 7:45,,4,2
5/22/22 8:00,,6,0
5/22/22 8:15,,6,5
5/22/22 8:30,,8,6
5/22/22 8:45,,3,5
5/22/22 9:00,,21,7
5/22/22 9:15,,8,3
5/22/22 9:30,,10,7
5/22/22 9:45,,13,14
5/22/22 10:00,,16,2
5/22/22 10:15,,10,6
5/22/22 10:30,,12,10
5/22/22 10:45,,11,5
5/22/22 11:00,,10,13
5/22/22 11:15,,14,14
5/22/22 11:30,,13,15
5/22/22 11:45,,8,15
5/22/22 12:00,,8,11
5/22/22 12:15,,7,8
5/22/22 12:30,,11,17
5/22/22 12:45,,9,13
5/22/22 13:00,,17,9
5/22/22 13:15,,12,12
5/22/22 13:30,,8,30
5/22/22 13:45,,11,8
5/22/22 14:00,,11,20
5/22/22 14:15,,20,18
5/22/22 14:30,,7,7
5/22/22 14:45,,10,14
5/22/22 15:00,,15,16
5/22/22 15:15,,12,13
5/22/22 15:30,,16,10
5/22/22 15:45,,12,7
5/22/22 16:00,,4,10
5/22/22 16:15,,11,6
5/22/22 16:30,,5,12
5/22/22 16:45,,4,8
5/22/22 17:00,,14,10
5/22/22 17:15,,6,8
5/22/22 17:30,,7,8
5/22/22 17:45,,6,8
5/22/22 18:00,,3,9
5/22/22 18:15,,1,5
5/22/22 18:30,,6,5
5/22/22 18:45,,1,7
5/22/22 19:00,,1,2
5/22/22 19:15,,0,4
5/22/22 19:30,,0,1
5/22/22 19:45,,4,3
5/22/22 20:00,,0,2
5/22/22 20:15,,3,1
5/22/22 20:30,,0,0
5/22/22 20:45,,3,3
5/22/22 21:00,,0,3
5/22/22 21:15,,3,0
5/22/22 21:30,,0,1
5/22/22 21:45,,1,4
5/22/22 22:00,,0,4
5/22/22 22:15,,0,0
5/22/22 22:30,,1,0
5/22/22 22:45,,1,0
5/22/22 23:00,,0,1
5/22/22 23:15,,0,0
5/22/22 23:30,,0,0
5/22/22 23:45,,2,0
5/23/22 0:00,,0,0
5/23/22 0:15,,0,0
5/23/22 0:30,,1,1
5/23/22 0:45,,0,0
5/23/22 1:00,,0,1
5/23/22 1:15,,0,0
5/23/22 1:30,,0,0
5/23/22 1:45,,0,0
5/23/22 2:00,,1,0
5/23/22 2:15,,0,0
5/23/22 2:30,,0,0
5/23/22 2:45,,0,0
5/23/22 3:00,,1,1
5/23/22 3:15,,1,0
5/23/22 3:30,,0,0
5/23/22 3:45,,0,0
5/23/22 4:00,,0,0
5/23/22 4:15,,2,0
5/23/22 4:30,,3,0
5/23/22 4:45,,1,0
5/23/22 5:00,,7,1
5/23/22 5:15,,6,4
5/23/22 5:30,,6,0
5/23/22 5:45,,7,1
5/23/22 6:00,,10,1
5/23/22 6:15,,11,2
5/23/22 6:30,,20,0
5/23/22 6:45,,12,4
5/23/22 7:00,,21,1
5/23/22 7:15,,28,2
5/23/22 7:30,,20,4
5/23/22 7:45,,23,4
5/23/22 8:00,,30,3
5/23/22 8:15,,15,3
5/23/22 8:30,,21,0
5/23/22 8:45,,6,4
5/23/22 9:00,,7,0
5/23/22 9:15,,9,2
5/23/22 9:30,,3,2
5/23/22 9:45,,11,1
5/23/22 10:00,,3,4
5/23/22 10:15,,5,7
5/23/22 10:30,,5,3
5/23/22 10:45,,3,2
5/23/22 11:00,,6,2
5/23/22 11:15,,5,4
5/23/22 11:30,,6,4
5/23/22 11:45,,4,0
5/23/22 12:00,,1,0
5/23/22 12:15,,4,1
5/23/22 12:30,,0,2
5/23/22 12:45,,2,0
5/23/22 13:00,,1,0
5/23/22 13:15,,6,2
5/23/22 13:30,,3,3
5/23/22 13:45,,5,2
5/23/22 14:00,,3,8
5/23/22 14:15,,8,9
5/23/22 14:30,,4,9
5/23/22 14:45,,5,4
5/23/22 15:00,,7,7
5/23/22 15:15,,3,13
5/23/22 15:30,,5,11
5/23/22 15:45,,1,11
5/23/22 16:00,,3,13
5/23/22 16:15,,11,28
5/23/22 16:30,,4,28
5/23/22 16:45,,8,32
5/23/22 17:00,,10,40
5/23/22 17:15,,5,23
5/23/22 17:30,,8,28
5/23/22 17:45,,4,20
5/23/22 18:00,,10,9
5/23/22 18:15,,3,12
5/23/22 18:30,,2,3
5/23/22 18:45,,10,9
5/23/22 19:00,,0,7
5/23/22 19:15,,1,12
5/23/22 19:30,,5,6
5/23/22 19:45,,1,4
5/23/22 20:00,,1,9
5/23/22 20:15,,1,6
5/23/22 20:30,,7,4
5/23/22 20:45,,4,2
5/23/22 21:00,,1,1
5/23/22 21:15,,0,1
5/23/22 21:30,,0,4
5/23/22 21:45,,0,5
5/23/22 22:00,,0,2
5/23/22 22:15,,0,5
5/23/22 22:30,,1,1
5/23/22 22:45,,0,0
5/23/22 23:00,,0,0
5/23/22 23:15,,0,2
5/23/22 23:30,,0,0
5/23/22 23:45,,0,1
5/24/22 0:00,,0,0
5/24/22 0:15,,0,0
5/24/22 0:30,,0,0
5/24/22 0:45,,0,0
5/24/22 1:00,,2,1
5/24/22 1:15,,0,1
5/24/22 1:30,,0,0
5/24/22 1:45,,0,0
5/24/22 2:00,,0,1
5/24/22 2:15,,0,0
5/24/22 2:30,,0,0
5/24/22 2:45,,0,0
5/24/22 3:00,,1,0
5/24/22 3:15,,0,1
5/24/22 3:30,,0,0
5/24/22 3:45,,0,0
5/24/22 4:00,,3,0
5/24/22 4:15,,3,0
5/24/22 4:30,,4,0
5/24/22 4:45,,6,0
5/24/22 5:00,,6,0
5/24/22 5:15,,3,4
5/24/22 5:30,,9,2
5/24/22 5:45,,10,1
5/24/22 6:00,,11,2
5/24/22 6:15,,18,2
5/24/22 6:30,,21,5
5/24/22 6:45,,14,2
5/24/22 7:00,,29,1
5/24/22 7:15,,29,3
5/24/22 7:30,,39,5
5/24/22 7:45,,32,4
5/24/22 8:00,,26,0
5/24/22 8:15,,33,2
5/24/22 8:30,,26,3
5/24/22 8:45,,15,1
5/24/22 9:00,,8,0
5/24/22 9:15,,3,2
5/24/22 9:30,,14,3
5/24/22 9:45,,6,2
5/24/22 10:00,,4,0
5/24/22 10:15,,5,1
5/24/22 10:30,,5,2
5/24/22 10:45,,6,3
5/24/22 11:00,,6,0
5/24/22 11:15,,5,5
5/24/22 11:30,,1,2
5/24/22 11:45,,3,2
5/24/22 12:00,,6,4
5/24/22 12:15,,4,5
5/24/22 12:30,,5,6
5/24/22 12:45,,6,5
5/24/22 13:00,,2,1
5/24/22 13:15,,7,5
5/24/22 13:30,,1,9
5/24/22 13:45,,1,11
5/24/22 14:00,,7,4
5/24/22 14:15,,5,8
5/24/22 14:30,,5,8
5/24/22 14:45,,7,15
5/24/22 15:00,,8,8
5/24/22 15:15,,5,10
5/24/22 15:30,,3,19
5/24/22 15:45,,6,15
5/24/22 16:00,,10,20
5/24/22 16:15,,4,26
5/24/22 16:30,,0,42
5/24/22 16:45,,3,24
5/24/22 17:00,,7,38
5/24/22 17:15,,6,29
5/24/22 17:30,,4,28
5/24/22 17:45,,5,11
5/24/22 18:00,,4,22
5/24/22 18:15,,5,7
5/24/22 18:30,,2,12
5/24/22 18:45,,3,7
5/24/22 19:00,,2,7
5/24/22 19:15,,3,8
5/24/22 19:30,,2,7
5/24/22 19:45,,3,4
5/24/22 20:00,,0,4
5/24/22 20:15,,0,9
5/24/22 20:30,,4,4
5/24/22 20:45,,1,3
5/24/22 21:00,,0,3
5/24/22 21:15,,0,3
5/24/22 21:30,,0,4
5/24/22 21:45,,0,2
5/24/22 22:00,,0,4
5/24/22 22:15,,0,1
5/24/22 22:30,,1,1
5/24/22 22:45,,0,1
5/24/22 23:00,,0,0
5/24/22 23:15,,0,2
5/24/22 23:30,,1,0
5/24/22 23:45,,0,2
5/25/22 0:00,,0,0
5/25/22 0:15,,0,1
5/25/22 0:30,,0,0
5/25/22 0:45,,0,0
5/25/22 1:00,,0,0
5/25/22 1:15,,0,0
5/25/22 1:30,,0,0
5/25/22 1:45,,0,0
5/25/22 2:00,,0,0
5/25/22 2:15,,0,0
5/25/22 2:30,,0,0
5/25/22 2:45,,0,0
5/25/22 3:00,,0,0
5/25/22 3:15,,0,0
5/25/22 3:30,,0,0
5/25/22 3:45,,0,0
5/25/22 4:00,,2,0
5/25/22 4:15,,2,0
5/25/22 4:30,,1,0
5/25/22 4:45,,4,2
5/25/22 5:00,,4,1
5/25/22 5:15,,8,1
5/25/22 5:30,,6,3
5/25/22 5:45,,13,1
5/25/22 6:00,,13,0
5/25/22 6:15,,18,1
5/25/22 6:30,,20,1
5/25/22 6:45,,23,2
5/25/22 7:00,,19,2
5/25/22 7:15,,24,2
5/25/22 7:30,,37,3
5/25/22 7:45,,25,3
5/25/22 8:00,,29,4
5/25/22 8:15,,31,3
5/25/22 8:30,,18,3
5/25/22 8:45,,14,1
5/25/22 9:00,,16,2
5/25/22 9:15,,7,5
5/25/22 9:30,,7,0
5/25/22 9:45,,7,1
5/25/22 10:00,,6,1
5/25/22 10:15,,6,2
5/25/22 10:30,,5,2
5/25/22 10:45,,6,2
5/25/22 11:00,,6,1
5/25/22 11:15,,3,1
5/25/22 11:30,,3,3
5/25/22 11:45,,3,7
5/25/22 12:00,,5,2
5/25/22 12:15,,10,2
5/25/22 12:30,,3,5
5/25/22 12:45,,3,5
5/25/22 13:00,,2,9
5/25/22 13:15,,6,6
5/25/22 13:30,,1,9
5/25/22 13:45,,3,4
5/25/22 14:00,,4,6
5/25/22 14:15,,11,5
5/25/22 14:30,,3,6
5/25/22 14:45,,5,10
5/25/22 15:00,,7,13
5/25/22 15:15,,7,10
5/25/22 15:30,,2,21
5/25/22 15:45,,4,14
5/25/22 16:00,,7,27
5/25/22 16:15,,9,37
5/25/22 16:30,,10,28
5/25/22 16:45,,6,32
5/25/22 17:00,,5,30
5/25/22 17:15,,9,46
5/25/22 17:30,,4,25
5/25/22 17:45,,11,33
5/25/22 18:00,,10,15
5/25/22 18:15,,9,15
5/25/22 18:30,,3,9
5/25/22 18:45,,3,13
5/25/22 19:00,,3,11
5/25/22 19:15,,5,4
5/25/22 19:30,,1,9
5/25/22 19:45,,5,8
5/25/22 20:00,,0,5
5/25/22 20:15,,2,6
5/25/22 20:30,,4,4
5/25/22 20:45,,2,2
5/25/22 21:00,,0,6
5/25/22 21:15,,1,3
5/25/22 21:30,,1,3
5/25/22 21:45,,0,4
5/25/22 22:00,,0,0
5/25/22 22:15,,0,0
5/25/22 22:30,,0,1
5/25/22 22:45,,0,0
5/25/22 23:00,,0,1
5/25/22 23:15,,1,0
5/25/22 23:30,,1,0
5/25/22 23:45,,1,4
5/26/22 0:00,,2,1
5/26/22 0:15,,0,0
5/26/22 0:30,,0,1
5/26/22 0:45,,0,0
5/26/22 1:00,,0,0
5/26/22 1:15,,0,1
5/26/22 1:30,,0,0
5/26/22 1:45,,0,1
5/26/22 2:00,,0,0
5/26/22 2:15,,0,0
5/26/22 2:30,,0,0
5/26/22 2:45,,0,0
5/26/22 3:00,,0,1
5/26/22 3:15,,1,0
5/26/22 3:30,,0,0
5/26/22 3:45,,0,0
5/26/22 4:00,,0,2
5/26/22 4:15,,3,0
5/26/22 4:30,,2,1
5/26/22 4:45,,4,0
5/26/22 5:00,,5,0
5/26/22 5:15,,8,2
5/26/22 5:30,,4,1
5/26/22 5:45,,8,3
5/26/22 6:00,,12,1
5/26/22 6:15,,14,3
5/26/22 6:30,,15,0
5/26/22 6:45,,13,0
5/26/22 7:00,,26,0
5/26/22 7:15,,28,2
5/26/22 7:30,,24,6
5/26/22 7:45,,24,3
5/26/22 8:00,,30,2
5/26/22 8:15,,24,2
5/26/22 8:30,,17,2
5/26/22 8:45,,13,1
5/26/22 9:00,,8,0
5/26/22 9:15,,10,2
5/26/22 9:30,,7,0
5/26/22 9:45,,3,4
5/26/22 10:00,,3,3
5/26/22 10:15,,3,2
5/26/22 10:30,,4,1
5/26/22 10:45,,0,1
5/26/22 11:00,,5,3
5/26/22 11:15,,6,1
5/26/22 11:30,,1,0
5/26/22 11:45,,2,5
5/26/22 12:00,,2,4
5/26/22 12:15,,8,1
5/26/22 12:30,,6,0
5/26/22 12:45,,5,5
5/26/22 13:00,,1,3
5/26/22 13:15,,1,5
5/26/22 13:30,,4,7
5/26/22 13:45,,1,4
5/26/22 14:00,,2,5
5/26/22 14:15,,7,6
5/26/22 14:30,,2,7
5/26/22 14:45,,5,12
5/26/22 15:00,,4,7
5/26/22 15:15,,5,9
5/26/22 15:30,,1,9
5/26/22 15:45,,3,9
5/26/22 16:00,,5,20
5/26/22 16:15,,5,26
5/26/22 16:30,,1,19
5/26/22 16:45,,3,24
5/26/22 17:00,,1,29
5/26/22 17:15,,6,15
5/26/22 17:30,,3,23
5/26/22 17:45,,1,19
5/26/22 18:00,,1,9
5/26/22 18:15,,1,14
5/26/22 18:30,,2,8
5/26/22 18:45,,0,8
5/26/22 19:00,,0,12
5/26/22 19:15,,2,4
5/26/22 19:30,,0,8
5/26/22 19:45,,0,3
5/26/22 20:00,,1,5
5/26/22 20:15,,2,3
5/26/22 20:30,,0,2
5/26/22 20:45,,0,1
5/26/22 21:00,,0,0
5/26/22 21:15,,0,2
5/26/22 21:30,,0,3
5/26/22 21:45,,0,2
5/26/22 22:00,,0,0
5/26/22 22:15,,2,1
5/26/22 22:30,,1,2
5/26/22 22:45,,1,2
5/26/22 23:00,,0,1
5/26/22 23:15,,0,1
5/26/22 23:30,,0,0
5/26/22 23:45,,0,0
5/27/22 0:00,,0,0
5/27/22 0:15,,0,0
5/27/22 0:30,,0,0
5/27/22 0:45,,0,0
5/27/22 1:00,,1,0
5/27/22 1:15,,0,0
5/27/22 1:30,,0,0
5/27/22 1:45,,0,0
5/27/22 2:00,,0,0
5/27/22 2:15,,0,0
5/27/22 2:30,,0,0
5/27/22 2:45,,0,0
5/27/22 3:00,,0,1
5/27/22 3:15,,0,0
5/27/22 3:30,,1,0
5/27/22 3:45,,0,1
5/27/22 4:00,,0,0
5/27/22 4:15,,1,0
5/27/22 4:30,,2,1
5/27/22 4:45,,3,0
5/27/22 5:00,,4,0
5/27/22 5:15,,5,3
5/27/22 5:30,,7,0
5/27/22 5:45,,6,1
5/27/22 6:00,,7,0
5/27/22 6:15,,9,0
5/27/22 6:30,,6,0
5/27/22 6:45,,7,1
5/27/22 7:00,,12,2
5/27/22 7:15,,6,2
5/27/22 7:30,,28,2
5/27/22 7:45,,14,1
5/27/22 8:00,,17,0
5/27/22 8:15,,12,1
5/27/22 8:30,,16,3
5/27/22 8:45,,10,5
5/27/22 9:00,,5,0
5/27/22 9:15,,6,2
5/27/22 9:30,,12,2
5/27/22 9:45,,7,0
5/27/22 10:00,,6,1
5/27/22 10:15,,9,4
5/27/22 10:30,,9,1
5/27/22 10:45,,3,2
5/27/22 11:00,,4,5
5/27/22 11:15,,3,2
5/27/22 11:30,,3,6
5/27/22 11:45,,6,0
5/27/22 12:00,,8,4
5/27/22 12:15,,3,4
5/27/22 12:30,,1,12
5/27/22 12:45,,4,6
5/27/22 13:00,,3,3
5/27/22 13:15,,3,7
5/27/22 13:30,,7,8
5/27/22 13:45,,4,7
5/27/22 14:00,,5,4
5/27/22 14:15,,5,15
5/27/22 14:30,,10,11
5/27/22 14:45,,7,16
5/27/22 15:00,,3,8
5/27/22 15:15,,6,17
5/27/22 15:30,,9,13
5/27/22 15:45,,6,12
5/27/22 16:00,,5,18
5/27/22 16:15,,7,17
5/27/22 16:30,,7,16
5/27/22 16:45,,10,18
5/27/22 17:00,,8,16
5/27/22 17:15,,5,12
5/27/22 17:30,,2,19
5/27/22 17:45,,3,13
5/27/22 18:00,,7,41
5/27/22 18:15,,4,5
5/27/22 18:30,,4,12
5/27/22 18:45,,3,9
5/27/22 19:00,,4,7
5/27/22 19:15,,0,9
5/27/22 19:30,,1,5
5/27/22 19:45,,1,10
5/27/22 20:00,,4,5
5/27/22 20:15,,6,2
5/27/22 20:30,,9,1
5/27/22 20:45,,1,2
5/27/22 21:00,,4,1
5/27/22 21:15,,0,8
5/27/22 21:30,,0,5
5/27/22 21:45,,3,6
5/27/22 22:00,,2,2
5/27/22 22:15,,1,1
5/27/22 22:30,,0,1
5/27/22 22:45,,0,1
5/27/22 23:00,,1,1
5/27/22 23:15,,0,0
5/27/22 23:30,,1,0
5/27/22 23:45,,0,3
5/28/22 0:00,,0,0
5/28/22 0:15,,2,1
5/28/22 0:30,,0,0
5/28/22 0:45,,0,0
5/28/22 1:00,,0,0
5/28/22 1:15,,0,0
5/28/22 1:30,,0,0
5/28/22 1:45,,0,1
5/28/22 2:00,,0,1
5/28/22 2:15,,0,1
5/28/22 2:30,,1,0
5/28/22 2:45,,0,1
5/28/22 3:00,,0,0
5/28/22 3:15,,0,0
5/28/22 3:30,,0,0
5/28/22 3:45,,0,0
5/28/22 4:00,,0,0
5/28/22 4:15,,1,0
5/28/22 4:30,,1,0
5/28/22 4:45,,1,0
5/28/22 5:00,,0,0
5/28/22 5:15,,0,0
5/28/22 5:30,,1,0
5/28/22 5:45,,0,0
5/28/22 6:00,,1,0
5/28/22 6:15,,1,1
5/28/22 6:30,,4,0
5/28/22 6:45,,2,3
5/28/22 7:00,,4,0
5/28/22 7:15,,1,4
5/28/22 7:30,,4,0
5/28/22 7:45,,1,1
5/28/22 8:00,,4,1
5/28/22 8:15,,6,0
5/28/22 8:30,,2,0
5/28/22 8:45,,2,3
5/28/22 9:00,,2,4
5/28/22 9:15,,3,2
5/28/22 9:30,,5,3
5/28/22 9:45,,1,2
5/28/22 10:00,,3,0
5/28/22 10:15,,7,5
5/28/22 10:30,,1,3
5/28/22 10:45,,0,0
5/28/22 11:00,,6,3
5/28/22 11:15,,3,3
5/28/22 11:30,,0,0
5/28/22 11:45,,5,0
5/28/22 12:00,,5,3
5/28/22 12:15,,6,11
5/28/22 12:30,,0,4
5/28/22 12:45,,7,6
5/28/22 13:00,,1,5
5/28/22 13:15,,6,2
5/28/22 13:30,,0,1
5/28/22 13:45,,2,4
5/28/22 14:00,,4,1
5/28/22 14:15,,4,3
5/28/22 14:30,,6,7
5/28/22 14:45,,4,5
5/28/22 15:00,,1,2
5/28/22 15:15,,5,5
5/28/22 15:30,,2,5
5/28/22 15:45,,0,1
5/28/22 16:00,,1,3
5/28/22 16:15,,10,3
5/28/22 16:30,,4,7
5/28/22 16:45,,3,4
5/28/22 17:00,,0,1
5/28/22 17:15,,5,2
5/28/22 17:30,,1,3
5/28/22 17:45,,0,2
5/28/22 18:00,,0,1
5/28/22 18:15,,0,2
5/28/22 18:30,,0,0
5/28/22 18:45,,0,1
5/28/22 19:00,,0,1
5/28/22 19:15,,0,5
5/28/22 19:30,,0,3
5/28/22 19:45,,0,2
5/28/22 20:00,,0,0
5/28/22 20:15,,0,0
5/28/22 20:30,,0,0
5/28/22 20:45,,0,2
5/28/22 21:00,,0,1
5/28/22 21:15,,0,1
5/28/22 21:30,,1,3
5/28/22 21:45,,0,0
5/28/22 22:00,,1,1
5/28/22 22:15,,0,0
5/28/22 22:30,,1,0
5/28/22 22:45,,0,1
5/28/22 23:00,,0,2
5/28/22 23:15,,0,1
5/28/22 23:30,,0,1
5/28/22 23:45,,0,2
5/29/22 0:00,,0,0
5/29/22 0:15,,0,0
5/29/22 0:30,,0,2
5/29/22 0:45,,1,0
5/29/22 1:00,,0,0
5/29/22 1:15,,0,0
5/29/22 1:30,,0,0
5/29/22 1:45,,0,0
5/29/22 2:00,,0,0
5/29/22 2:15,,0,0
5/29/22 2:30,,0,0
5/29/22 2:45,,0,0
5/29/22 3:00,,0,0
5/29/22 3:15,,1,0
5/29/22 3:30,,0,0
5/29/22 3:45,,0,0
5/29/22 4:00,,0,0
5/29/22 4:15,,1,1
5/29/22 4:30,,1,0
5/29/22 4:45,,0,0
5/29/22 5:00,,0,0
5/29/22 5:15,,1,0
5/29/22 5:30,,0,0
5/29/22 5:45,,0,0
5/29/22 6:00,,1,0
5/29/22 6:15,,1,1
5/29/22 6:30,,1,0
5/29/22 6:45,,0,0
5/29/22 7:00,,0,0
5/29/22 7:15,,0,0
5/29/22 7:30,,1,1
5/29/22 7:45,,3,0
5/29/22 8:00,,1,3
5/29/22 8:15,,2,0
5/29/22 8:30,,2,0
5/29/22 8:45,,0,0
5/29/22 9:00,,1,0
5/29/22 9:15,,5,1
5/29/22 9:30,,4,1
5/29/22 9:45,,3,5
5/29/22 10:00,,4,1
5/29/22 10:15,,5,4
5/29/22 10:30,,3,3
5/29/22 10:45,,2,4
5/29/22 11:00,,6,6
5/29/22 11:15,,2,6
5/29/22 11:30,,2,4
5/29/22 11:45,,1,30
5/29/22 12:00,,3,7
5/29/22 12:15,,1,4
5/29/22 12:30,,23,4
5/29/22 12:45,,5,6
5/29/22 13:00,,5,8
5/29/22 13:15,,8,3
5/29/22 13:30,,8,1
5/29/22 13:45,,4,3
5/29/22 14:00,,9,9
5/29/22 14:15,,2,4
5/29/22 14:30,,7,1
5/29/22 14:45,,2,4
5/29/22 15:00,,0,3
5/29/22 15:15,,0,3
5/29/22 15:30,,0,2
5/29/22 15:45,,2,2
5/29/22 16:00,,1,2
5/29/22 16:15,,1,8
5/29/22 16:30,,2,3
5/29/22 16:45,,7,1
5/29/22 17:00,,0,0
5/29/22 17:15,,1,1
5/29/22 17:30,,1,2
5/29/22 17:45,,0,2
5/29/22 18:00,,0,1
5/29/22 18:15,,2,2
5/29/22 18:30,,1,1
5/29/22 18:45,,0,1
5/29/22 19:00,,0,1
5/29/22 19:15,,0,0
5/29/22 19:30,,0,1
5/29/22 19:45,,1,0
5/29/22 20:00,,0,2
5/29/22 20:15,,0,5
5/29/22 20:30,,1,0
5/29/22 20:45,,0,1
5/29/22 21:00,,0,6
5/29/22 21:15,,1,4
5/29/22 21:30,,0,0
5/29/22 21:45,,0,1
5/29/22 22:00,,0,0
5/29/22 22:15,,1,1
5/29/22 22:30,,0,0
5/29/22 22:45,,0,1
5/29/22 23:00,,2,0
5/29/22 23:15,,0,0
5/29/22 23:30,,0,1
5/29/22 23:45,,0,1
5/30/22 0:00,,0,0
5/30/22 0:15,,0,0
5/30/22 0:30,,0,0
5/30/22 0:45,,0,0
5/30/22 1:00,,0,0
5/30/22 1:15,,0,0
5/30/22 1:30,,0,0
5/30/22 1:45,,0,0
5/30/22 2:00,,0,0
5/30/22 2:15,,0,0
5/30/22 2:30,,0,0
5/30/22 2:45,,0,0
5/30/22 3:00,,0,0
5/30/22 3:15,,0,0
5/30/22 3:30,,1,0
5/30/22 3:45,,0,0
5/30/22 4:00,,0,0
5/30/22 4:15,,1,0
5/30/22 4:30,,1,0
5/30/22 4:45,,0,0
5/30/22 5:00,,0,0
5/30/22 5:15,,2,0
5/30/22 5:30,,1,1
5/30/22 5:45,,1,0
5/30/22 6:00,,2,0
5/30/22 6:15,,3,0
5/30/22 6:30,,0,1
5/30/22 6:45,,1,1
5/30/22 7:00,,2,0
5/30/22 7:15,,2,1
5/30/22 7:30,,5,2
5/30/22 7:45,,7,2
5/30/22 8:00,,8,3
5/30/22 8:15,,3,0
5/30/22 8:30,,4,4
5/30/22 8:45,,5,1
5/30/22 9:00,,3,2
5/30/22 9:15,,5,0
5/30/22 9:30,,6,1
5/30/22 9:45,,7,0
5/30/22 10:00,,4,7
5/30/22 10:15,,9,1
5/30/22 10:30,,1,10
5/30/22 10:45,,5,15
5/30/22 11:00,,9,6
5/30/22 11:15,,11,8
5/30/22 11:30,,8,14
5/30/22 11:45,,6,11
5/30/22 12:00,,13,9
5/30/22 12:15,,7,9
5/30/22 12:30,,10,5
5/30/22 12:45,,10,9
5/30/22 13:00,,13,6
5/30/22 13:15,,15,12
5/30/22 13:30,,7,6
5/30/22 13:45,,0,9
5/30/22 14:00,,11,13
5/30/22 14:15,,13,12
5/30/22 14:30,,6,9
5/30/22 14:45,,2,12
5/30/22 15:00,,4,5
5/30/22 15:15,,11,6
5/30/22 15:30,,5,7
5/30/22 15:45,,6,8
5/30/22 16:00,,4,2
5/30/22 16:15,,5,8
5/30/22 16:30,,6,10
5/30/22 16:45,,1,5
5/30/22 17:00,,7,9
5/30/22 17:15,,19,6
5/30/22 17:30,,7,3
5/30/22 17:45,,1,4
5/30/22 18:00,,7,4
5/30/22 18:15,,2,3
5/30/22 18:30,,0,4
5/30/22 18:45,,1,2
5/30/22 19:00,,1,4
5/30/22 19:15,,1,4
5/30/22 19:30,,1,6
5/30/22 19:45,,4,5
5/30/22 20:00,,4,2
5/30/22 20:15,,6,4
5/30/22 20:30,,3,0
5/30/22 20:45,,0,1
5/30/22 21:00,,0,0
5/30/22 21:15,,2,1
5/30/22 21:30,,0,2
5/30/22 21:45,,0,0
5/30/22 22:00,,0,1
5/30/22 22:15,,0,0
5/30/22 22:30,,0,0
5/30/22 22:45,,0,0
5/30/22 23:00,,0,1
5/30/22 23:15,,0,3
5/30/22 23:30,,0,0
5/30/22 23:45,,0,1
5/31/22 0:00,,0,0
5/31/22 0:15,,0,0
5/31/22 0:30,,0,0
5/31/22 0:45,,0,0
5/31/22 1:00,,1,0
5/31/22 1:15,,0,0
5/31/22 1:30,,1,1
5/31/22 1:45,,0,0
5/31/22 2:00,,0,0
5/31/22 2:15,,0,0
5/31/22 2:30,,0,0
5/31/22 2:45,,0,0
5/31/22 3:00,,1,0
5/31/22 3:15,,0,0
5/31/22 3:30,,0,0
5/31/22 3:45,,0,0
5/31/22 4:00,,1,0
5/31/22 4:15,,3,0
5/31/22 4:30,,4,0
5/31/22 4:45,,5,2
5/31/22 5:00,,5,0
5/31/22 5:15,,5,5
5/31/22 5:30,,15,0
5/31/22 5:45,,8,1
5/31/22 6:00,,10,1
5/31/22 6:15,,14,0
5/31/22 6:30,,26,1
5/31/22 6:45,,16,3
5/31/22 7:00,,20,0
5/31/22 7:15,,20,1
5/31/22 7:30,,45,11
5/31/22 7:45,,34,5
5/31/22 8:00,,21,4
5/31/22 8:15,,24,4
5/31/22 8:30,,25,5
5/31/22 8:45,,17,2
5/31/22 9:00,,20,1
5/31/22 9:15,,13,1
5/31/22 9:30,,12,2
5/31/22 9:45,,10,1
5/31/22 10:00,,6,0
5/31/22 10:15,,9,7
5/31/22 10:30,,3,1
5/31/22 10:45,,4,3
5/31/22 11:00,,3,1
5/31/22 11:15,,8,8
5/31/22 11:30,,5,5
5/31/22 11:45,,7,1
5/31/22 12:00,,6,6
5/31/22 12:15,,5,6
5/31/22 12:30,,2,6
5/31/22 12:45,,3,3
5/31/22 13:00,,5,8
5/31/22 13:15,,0,0
5/31/22 13:30,,1,9
5/31/22 13:45,,6,4
5/31/22 14:00,,3,3
5/31/22 14:15,,2,9
5/31/22 14:30,,8,4
5/31/22 14:45,,4,17
5/31/22 15:00,,7,5
5/31/22 15:15,,4,19
5/31/22 15:30,,6,15
5/31/22 15:45,,2,28
5/31/22 16:00,,8,19
5/31/22 16:15,,9,18
5/31/22 16:30,,10,32
5/31/22 16:45,,8,24
5/31/22 17:00,,9,35
5/31/22 17:15,,15,34
5/31/22 17:30,,10,43
5/31/22 17:45,,2,39
5/31/22 18:00,,3,23
5/31/22 18:15,,1,24
5/31/22 18:30,,4,22
5/31/22 18:45,,0,18
5/31/22 19:00,,9,21
5/31/22 19:15,,1,10
5/31/22 19:30,,6,9
5/31/22 19:45,,7,6
5/31/22 20:00,,8,6
5/31/22 20:15,,0,5
5/31/22 20:30,,3,7
5/31/22 20:45,,4,5
5/31/22 21:00,,6,5
5/31/22 21:15,,2,3
5/31/22 21:30,,3,2
5/31/22 21:45,,2,2
5/31/22 22:00,,2,1
5/31/22 22:15,,3,0
5/31/22 22:30,,3,5
5/31/22 22:45,,1,1
5/31/22 23:00,,0,1
5/31/22 23:15,,0,3
5/31/22 23:30,,0,0
5/31/22 23:45,,0,1
6/1/22 22:00,11,3,8
6/1/22 23:00,1,0,1
6/2/22 0:00,7,4,3
6/2/22 1:00,0,0,0
6/2/22 2:00,1,1,0
6/2/22 3:00,0,0,0
6/2/22 4:00,9,7,2
6/2/22 5:00,29,27,2
6/2/22 6:00,53,49,4
6/2/22 7:00,116,107,9
6/2/22 8:00,119,104,15
6/2/22 9:00,56,43,13
6/2/22 10:00,58,36,22
6/2/22 11:00,31,20,11
6/2/22 12:00,44,24,20
6/2/22 13:00,37,20,17
6/2/22 14:00,50,18,32
6/2/22 15:00,70,23,47
6/2/22 16:00,128,33,95
6/2/22 17:00,140,20,120
6/2/22 18:00,75,8,67
6/2/22 19:00,45,9,36
6/2/22 20:00,22,5,17
6/2/22 21:00,13,3,10
6/2/22 22:00,12,6,6
6/2/22 23:00,4,1,3
6/3/22 0:00,5,5,0
6/3/22 1:00,1,0,1
6/3/22 2:00,2,0,2
6/3/22 3:00,2,2,0
6/3/22 4:00,4,4,0
6/3/22 5:00,25,24,1
6/3/22 6:00,29,27,2
6/3/22 7:00,50,47,3
6/3/22 8:00,41,39,2
6/3/22 9:00,23,21,2
6/3/22 10:00,16,11,5
6/3/22 11:00,16,14,2
6/3/22 12:00,17,11,6
6/3/22 13:00,15,5,10
6/3/22 14:00,39,18,21
6/3/22 15:00,49,15,34
6/3/22 16:00,48,8,40
6/3/22 17:00,72,15,57
6/3/22 18:00,52,16,36
6/3/22 19:00,22,7,15
6/3/22 20:00,12,1,11
6/3/22 21:00,15,4,11
6/3/22 22:00,7,1,6
6/3/22 23:00,5,1,4
6/4/22 0:00,2,0,2
6/4/22 1:00,0,0,0
6/4/22 2:00,3,2,1
6/4/22 3:00,1,0,1
6/4/22 4:00,2,2,0
6/4/22 5:00,3,3,0
6/4/22 6:00,7,4,3
6/4/22 7:00,14,9,5
6/4/22 8:00,39,32,7
6/4/22 9:00,25,20,5
6/4/22 10:00,68,26,42
6/4/22 11:00,69,25,44
6/4/22 12:00,98,63,35
6/4/22 13:00,73,36,37
6/4/22 14:00,57,29,28
6/4/22 15:00,52,35,17
6/4/22 16:00,30,10,20
6/4/22 17:00,29,18,11
6/4/22 18:00,25,5,20
6/4/22 19:00,9,2,7
6/4/22 20:00,12,3,9
6/4/22 21:00,5,0,5
6/4/22 22:00,3,1,2
6/4/22 23:00,7,1,6
6/5/22 0:00,3,1,2
6/5/22 1:00,0,0,0
6/5/22 2:00,2,0,2
6/5/22 3:00,1,0,1
6/5/22 4:00,2,1,1
6/5/22 5:00,3,3,0
6/5/22 6:00,3,2,1
6/5/22 7:00,3,3,0
6/5/22 8:00,3,3,0
6/5/22 9:00,4,3,1
6/5/22 10:00,21,13,8
6/5/22 11:00,22,13,9
6/5/22 12:00,29,13,16
6/5/22 13:00,29,20,9
6/5/22 14:00,32,15,17
6/5/22 15:00,29,19,10
6/5/22 16:00,29,15,14
6/5/22 17:00,32,9,23
6/5/22 18:00,22,5,17
6/5/22 19:00,28,14,14
6/5/22 20:00,16,5,11
6/5/22 21:00,10,5,5
6/5/22 22:00,7,3,4
6/5/22 23:00,1,0,1
6/6/22 0:00,4,4,0
6/6/22 1:00,0,0,0
6/6/22 2:00,1,1,0
6/6/22 3:00,3,0,3
6/6/22 4:00,7,7,0
6/6/22 5:00,33,28,5
6/6/22 6:00,60,54,6
6/6/22 7:00,105,100,5
6/6/22 8:00,89,79,10
6/6/22 9:00,47,35,12
6/6/22 10:00,39,31,8
6/6/22 11:00,32,18,14
6/6/22 12:00,32,13,19
6/6/22 13:00,30,17,13
6/6/22 14:00,57,26,31
6/6/22 15:00,71,14,57
6/6/22 16:00,102,20,82
6/6/22 17:00,139,20,119
6/6/22 18:00,81,15,66
6/6/22 19:00,43,14,29
6/6/22 20:00,26,6,20
6/6/22 21:00,18,6,12
6/6/22 22:00,13,8,5
6/6/22 23:00,7,2,5
6/7/22 0:00,2,2,0
6/7/22 1:00,0,0,0
6/7/22 2:00,2,1,1
6/7/22 3:00,1,1,0
6/7/22 4:00,12,10,2
6/7/22 5:00,39,35,4
6/7/22 6:00,77,74,3
6/7/22 7:00,147,128,19
6/7/22 8:00,123,108,15
6/7/22 9:00,76,63,13
6/7/22 10:00,54,35,19
6/7/22 11:00,29,18,11
6/7/22 12:00,40,19,21
6/7/22 13:00,58,22,36
6/7/22 14:00,65,23,42
6/7/22 15:00,84,22,62
6/7/22 16:00,138,29,109
6/7/22 17:00,164,32,132
6/7/22 18:00,107,17,90
6/7/22 19:00,58,13,45
6/7/22 20:00,39,15,24
6/7/22 21:00,24,8,16
6/7/22 22:00,13,5,8
6/7/22 23:00,6,3,3
6/8/22 0:00,0,0,0
6/8/22 1:00,2,1,1
6/8/22 2:00,2,1,1
6/8/22 3:00,1,1,0
6/8/22 4:00,4,4,0
6/8/22 5:00,38,33,5
6/8/22 6:00,66,61,5
6/8/22 7:00,122,116,6
6/8/22 8:00,134,119,15
6/8/22 9:00,58,51,7
6/8/22 10:00,34,24,10
6/8/22 11:00,26,15,11
6/8/22 12:00,44,20,24
6/8/22 13:00,33,15,18
6/8/22 14:00,47,12,35
6/8/22 15:00,82,25,57
6/8/22 16:00,141,32,109
6/8/22 17:00,166,22,144
6/8/22 18:00,92,18,74
6/8/22 19:00,58,14,44
6/8/22 20:00,40,14,26
6/8/22 21:00,26,8,18
6/8/22 22:00,10,0,10
6/8/22 23:00,9,4,5
6/9/22 0:00,3,0,3
6/9/22 1:00,3,1,2
6/9/22 2:00,1,1,0
6/9/22 3:00,3,2,1
6/9/22 4:00,6,4,2
6/9/22 5:00,27,20,7
6/9/22 6:00,42,39,3
6/9/22 7:00,62,58,4
6/9/22 8:00,53,47,6
6/9/22 9:00,37,30,7
6/9/22 10:00,20,15,5
6/9/22 11:00,11,7,4
6/9/22 12:00,6,5,1
6/9/22 13:00,11,3,8
6/9/22 14:00,24,7,17
6/9/22 15:00,32,3,29
6/9/22 16:00,42,7,35
6/9/22 17:00,51,6,45
6/9/22 18:00,41,2,39
6/9/22 19:00,17,2,15
6/9/22 20:00,15,3,12
6/9/22 21:00,5,0,5
6/9/22 22:00,6,2,4
6/9/22 23:00,2,1,1
6/10/22 0:00,0,0,0
6/10/22 1:00,1,0,1
6/10/22 2:00,1,0,1
6/10/22 3:00,1,1,0
6/10/22 4:00,7,6,1
6/10/22 5:00,24,21,3
6/10/22 6:00,34,31,3
6/10/22 7:00,71,65,6
6/10/22 8:00,66,60,6
6/10/22 9:00,47,39,8
6/10/22 10:00,39,25,14
6/10/22 11:00,27,9,18
6/10/22 12:00,26,14,12
6/10/22 13:00,32,15,17
6/10/22 14:00,41,13,28
6/10/22 15:00,46,8,38
6/10/22 16:00,64,9,55
6/10/22 17:00,56,8,48
6/10/22 18:00,34,5,29
6/10/22 19:00,15,2,13
6/10/22 20:00,10,3,7
6/10/22 21:00,7,2,5
6/10/22 22:00,2,1,1
6/10/22 23:00,13,2,11
6/11/22 0:00,4,2,2
6/11/22 1:00,2,1,1
6/11/22 2:00,1,0,1
6/11/22 3:00,1,1,0
6/11/22 4:00,2,1,1
6/11/22 5:00,8,8,0
6/11/22 6:00,7,5,2
6/11/22 7:00,15,11,4
6/11/22 8:00,42,29,13
6/11/22 9:00,62,25,37
6/11/22 10:00,82,47,35
6/11/22 11:00,74,33,41
6/11/22 12:00,92,55,37
6/11/22 13:00,101,50,51
6/11/22 14:00,92,36,56
6/11/22 15:00,92,38,54
6/11/22 16:00,89,35,54
6/11/22 17:00,64,25,39
6/11/22 18:00,83,45,38
6/11/22 19:00,47,28,19
6/11/22 20:00,33,13,20
6/11/22 21:00,19,8,11
6/11/22 22:00,11,4,7
6/11/22 23:00,23,3,20
6/12/22 0:00,6,1,5
6/12/22 1:00,6,5,1
6/12/22 2:00,3,0,3
6/12/22 3:00,3,1,2
6/12/22 4:00,3,2,1
6/12/22 5:00,4,4,0
6/12/22 6:00,5,5,0
6/12/22 7:00,14,13,1
6/12/22 8:00,20,14,6
6/12/22 9:00,15,13,2
6/12/22 10:00,18,11,7
6/12/22 11:00,43,23,20
6/12/22 12:00,71,46,25
6/12/22 13:00,51,21,30
6/12/22 14:00,46,22,24
6/12/22 15:00,44,27,17
6/12/22 16:00,32,11,21
6/12/22 17:00,22,6,16
6/12/22 18:00,10,5,5
6/12/22 19:00,8,4,4
6/12/22 20:00,9,4,5
6/12/22 21:00,4,1,3
6/12/22 22:00,2,1,1
6/12/22 23:00,3,2,1
6/13/22 0:00,4,1,3
6/13/22 1:00,6,4,2
6/13/22 2:00,6,2,4
6/13/22 3:00,4,4,0
6/13/22 4:00,9,6,3
6/13/22 5:00,26,19,7
6/13/22 6:00,54,48,6
6/13/22 7:00,85,76,9
6/13/22 8:00,79,72,7
6/13/22 9:00,38,31,7
6/13/22 10:00,37,28,9
6/13/22 11:00,22,16,6
6/13/22 12:00,20,12,8
6/13/22 13:00,34,12,22
6/13/22 14:00,32,17,15
6/13/22 15:00,47,10,37
6/13/22 16:00,74,8,66
6/13/22 17:00,110,18,92
6/13/22 18:00,65,10,55
6/13/22 19:00,34,7,27
6/13/22 20:00,15,5,10
6/13/22 21:00,11,0,11
6/13/22 22:00,6,2,4
6/13/22 23:00,9,2,7
6/14/22 0:00,2,0,2
6/14/22 1:00,2,0,2
6/14/22 2:00,0,0,0
6/14/22 3:00,2,0,2
6/14/22 4:00,6,6,0
6/14/22 5:00,30,25,5
6/14/22 6:00,77,73,4
6/14/22 7:00,112,103,9
6/14/22 8:00,108,95,13
6/14/22 9:00,44,37,7
6/14/22 10:00,37,30,7
6/14/22 11:00,40,25,15
6/14/22 12:00,37,19,18
6/14/22 13:00,37,15,22
6/14/22 14:00,45,19,26
6/14/22 15:00,77,22,55
6/14/22 16:00,100,26,74
6/14/22 17:00,163,27,136
6/14/22 18:00,103,21,82
6/14/22 19:00,45,12,33
6/14/22 20:00,24,7,17
6/14/22 21:00,33,5,28
6/14/22 22:00,17,3,14
6/14/22 23:00,12,3,9
6/15/22 0:00,3,0,3
6/15/22 1:00,0,0,0
6/15/22 2:00,0,0,0
6/15/22 3:00,3,2,1
6/15/22 4:00,8,6,2
6/15/22 5:00,32,26,6
6/15/22 6:00,71,66,5
6/15/22 7:00,108,101,7
6/15/22 8:00,111,104,7
6/15/22 9:00,62,55,7
6/15/22 10:00,40,24,16
6/15/22 11:00,44,29,15
6/15/22 12:00,31,19,12
6/15/22 13:00,41,14,27
6/15/22 14:00,49,15,34
6/15/22 15:00,69,13,56
6/15/22 16:00,119,23,96
6/15/22 17:00,149,14,135
6/15/22 18:00,88,18,70
6/15/22 19:00,57,15,42
6/15/22 20:00,36,14,22
6/15/22 21:00,18,5,13
6/15/22 22:00,11,3,8
6/15/22 23:00,6,1,5
6/16/22 0:00,4,2,2
6/16/22 1:00,0,0,0
6/16/22 2:00,3,2,1
6/16/22 3:00,4,1,3
6/16/22 4:00,12,8,4
6/16/22 5:00,25,19,6
6/16/22 6:00,49,45,4
6/16/22 7:00,81,77,4
6/16/22 8:00,105,99,6
6/16/22 9:00,54,44,10
6/16/22 10:00,39,33,6
6/16/22 11:00,25,17,8
6/16/22 12:00,42,23,19
6/16/22 13:00,53,19,34
6/16/22 14:00,65,30,35
6/16/22 15:00,78,32,46
6/16/22 16:00,131,42,89
6/16/22 17:00,152,25,127
6/16/22 18:00,116,38,78
6/16/22 19:00,66,21,45
6/16/22 20:00,36,16,20
6/16/22 21:00,28,10,18
6/16/22 22:00,18,0,18
6/16/22 23:00,8,3,5
6/17/22 0:00,2,0,2
6/17/22 1:00,1,0,1
6/17/22 2:00,1,1,0
6/17/22 3:00,3,1,2
6/17/22 4:00,6,6,0
6/17/22 5:00,23,19,4
6/17/22 6:00,39,36,3
6/17/22 7:00,69,63,6
6/17/22 8:00,45,37,8
6/17/22 9:00,33,29,4
6/17/22 10:00,27,19,8
6/17/22 11:00,21,14,7
6/17/22 12:00,19,10,9
6/17/22 13:00,25,10,15
6/17/22 14:00,29,13,16
6/17/22 15:00,34,4,30
6/17/22 16:00,46,4,42
6/17/22 17:00,65,8,57
6/17/22 18:00,35,9,26
6/17/22 19:00,17,4,13
6/17/22 20:00,14,4,10
6/17/22 21:00,12,4,8
6/17/22 22:00,9,2,7
6/17/22 23:00,8,2,6
6/18/22 0:00,4,1,3
6/18/22 1:00,2,0,2
6/18/22 2:00,2,1,1
6/18/22 3:00,0,0,0
6/18/22 4:00,4,3,1
6/18/22 5:00,7,5,2
6/18/22 6:00,11,8,3
6/18/22 7:00,19,19,0
6/18/22 8:00,30,16,14
6/18/22 9:00,26,15,11
6/18/22 10:00,52,26,26
6/18/22 11:00,67,34,33
6/18/22 12:00,66,43,23
6/18/22 13:00,40,18,22
6/18/22 14:00,61,30,31
6/18/22 15:00,51,25,26
6/18/22 16:00,55,21,34
6/18/22 17:00,57,18,39
6/18/22 18:00,23,11,12
6/18/22 19:00,24,10,14
6/18/22 20:00,15,6,9
6/18/22 21:00,22,7,15
6/18/22 22:00,15,5,10
6/18/22 23:00,5,1,4
6/19/22 0:00,2,1,1
6/19/22 1:00,2,0,2
6/19/22 2:00,8,3,5
6/19/22 3:00,3,2,1
6/19/22 4:00,2,1,1
6/19/22 5:00,4,3,1
6/19/22 6:00,10,9,1
6/19/22 7:00,17,10,7
6/19/22 8:00,36,23,13
6/19/22 9:00,38,25,13
6/19/22 10:00,49,21,28
6/19/22 11:00,44,18,26
6/19/22 12:00,83,50,33
6/19/22 13:00,84,47,37
6/19/22 14:00,80,41,39
6/19/22 15:00,74,34,40
6/19/22 16:00,69,35,34
6/19/22 17:00,61,27,34
6/19/22 18:00,44,16,28
6/19/22 19:00,38,18,20
6/19/22 20:00,13,3,10
6/19/22 21:00,7,3,4
6/19/22 22:00,14,4,10
6/19/22 23:00,2,0,2
6/20/22 0:00,1,1,0
6/20/22 1:00,1,1,0
6/20/22 2:00,1,0,1
6/20/22 3:00,1,1,0
6/20/22 4:00,5,5,0
6/20/22 5:00,26,21,5
6/20/22 6:00,34,31,3
6/20/22 7:00,50,49,1
6/20/22 8:00,65,57,8
6/20/22 9:00,36,28,8
6/20/22 10:00,33,25,8
6/20/22 11:00,33,21,12
6/20/22 12:00,54,31,23
6/20/22 13:00,32,13,19
6/20/22 14:00,58,26,32
6/20/22 15:00,64,18,46
6/20/22 16:00,76,19,57
6/20/22 17:00,94,26,68
6/20/22 18:00,57,12,45
6/20/22 19:00,49,10,39
6/20/22 20:00,34,16,18
6/20/22 21:00,22,10,12
6/20/22 22:00,5,1,4
6/20/22 23:00,3,1,2
6/21/22 0:00,0,0,0
6/21/22 1:00,3,2,1
6/21/22 2:00,2,1,1
6/21/22 3:00,2,1,1
6/21/22 4:00,9,6,3
6/21/22 5:00,47,41,6
6/21/22 6:00,74,67,7
6/21/22 7:00,132,125,7
6/21/22 8:00,123,107,16
6/21/22 9:00,62,48,14
6/21/22 10:00,32,20,12
6/21/22 11:00,45,20,25
6/21/22 12:00,41,28,13
6/21/22 13:00,49,21,28
6/21/22 14:00,61,23,38
6/21/22 15:00,89,32,57
6/21/22 16:00,168,49,119
6/21/22 17:00,195,33,162
6/21/22 18:00,115,28,87
6/21/22 19:00,87,22,65
6/21/22 20:00,66,28,38
6/21/22 21:00,39,16,23
6/21/22 22:00,12,4,8
6/21/22 23:00,1,0,1
6/22/22 0:00,2,0,2
6/22/22 1:00,0,0,0
6/22/22 2:00,3,2,1
6/22/22 3:00,1,0,1
6/22/22 4:00,4,4,0
6/22/22 5:00,41,35,6
6/22/22 6:00,62,59,3
6/22/22 7:00,103,102,1
6/22/22 8:00,90,81,9
6/22/22 9:00,33,26,7
6/22/22 10:00,26,20,6
6/22/22 11:00,20,16,4
6/22/22 12:00,30,14,16
6/22/22 13:00,23,11,12
6/22/22 14:00,38,11,27
6/22/22 15:00,69,14,55
6/22/22 16:00,104,22,82
6/22/22 17:00,159,20,139
6/22/22 18:00,75,17,58
6/22/22 19:00,51,16,35
6/22/22 20:00,39,13,26
6/22/22 21:00,28,11,17
6/22/22 22:00,15,6,9
6/22/22 23:00,1,1,0
6/23/22 0:00,3,1,2
6/23/22 1:00,1,0,1
6/23/22 2:00,3,2,1
6/23/22 3:00,0,0,0
6/23/22 4:00,6,4,2
6/23/22 5:00,33,30,3
6/23/22 6:00,70,63,7
6/23/22 7:00,116,110,6
6/23/22 8:00,110,98,12
6/23/22 9:00,67,58,9
6/23/22 10:00,62,38,24
6/23/22 11:00,51,32,19
6/23/22 12:00,43,27,16
6/23/22 13:00,66,34,32
6/23/22 14:00,49,16,33
6/23/22 15:00,104,37,67
6/23/22 16:00,120,30,90
6/23/22 17:00,176,38,138
6/23/22 18:00,114,25,89
6/23/22 19:00,87,19,68
6/23/22 20:00,43,15,28
6/23/22 21:00,29,7,22
6/23/22 22:00,13,6,7
6/23/22 23:00,7,1,6
6/24/22 0:00,2,1,1
6/24/22 1:00,2,1,1
6/24/22 2:00,2,1,1
6/24/22 3:00,3,2,1
6/24/22 4:00,5,4,1
6/24/22 5:00,37,34,3
6/24/22 6:00,46,40,6
6/24/22 7:00,95,85,10
6/24/22 8:00,72,58,14
6/24/22 9:00,60,44,16
6/24/22 10:00,42,31,11
6/24/22 11:00,43,26,17
6/24/22 12:00,55,20,35
6/24/22 13:00,47,22,25
6/24/22 14:00,59,20,39
6/24/22 15:00,112,40,72
6/24/22 16:00,133,43,90
6/24/22 17:00,106,32,74
6/24/22 18:00,85,31,54
6/24/22 19:00,81,20,61
6/24/22 20:00,47,12,35
6/24/22 21:00,39,17,22
6/24/22 22:00,25,7,18
6/24/22 23:00,11,8,3
6/25/22 0:00,9,3,6
6/25/22 1:00,1,0,1
6/25/22 2:00,2,0,2
6/25/22 3:00,0,0,0
6/25/22 4:00,7,2,5
6/25/22 5:00,4,4,0
6/25/22 6:00,14,6,8
6/25/22 7:00,39,23,16
6/25/22 8:00,47,34,13
6/25/22 9:00,46,17,29
6/25/22 10:00,97,49,48
6/25/22 11:00,93,60,33
6/25/22 12:00,91,40,51
6/25/22 13:00,83,52,31
6/25/22 14:00,99,30,69
6/25/22 15:00,84,38,46
6/25/22 16:00,96,50,46
6/25/22 17:00,60,20,40
6/25/22 18:00,52,20,32
6/25/22 19:00,44,20,24
6/25/22 20:00,36,25,11
6/25/22 21:00,19,6,13
6/25/22 22:00,16,8,8
6/25/22 23:00,15,7,8
6/26/22 0:00,5,2,3
6/26/22 1:00,3,0,3
6/26/22 2:00,3,1,2
6/26/22 3:00,3,0,3
6/26/22 4:00,8,5,3
6/26/22 5:00,2,2,0
6/26/22 6:00,9,7,2
6/26/22 7:00,20,14,6
6/26/22 8:00,41,28,13
6/26/22 9:00,48,25,23
6/26/22 10:00,89,51,38
6/26/22 11:00,70,36,34
6/26/22 12:00,80,50,30
6/26/22 13:00,83,45,38
6/26/22 14:00,69,25,44
6/26/22 15:00,61,24,37
6/26/22 16:00,48,21,27
6/26/22 17:00,48,17,31
6/26/22 18:00,42,20,22
6/26/22 19:00,22,9,13
6/26/22 20:00,31,13,18
6/26/22 21:00,18,10,8
6/26/22 22:00,5,4,1
6/26/22 23:00,6,1,5
6/27/22 0:00,1,0,1
6/27/22 1:00,1,0,1
6/27/22 2:00,3,1,2
6/27/22 3:00,1,1,0
6/27/22 4:00,5,4,1
6/27/22 5:00,32,26,6
6/27/22 6:00,84,74,10
6/27/22 7:00,105,100,5
6/27/22 8:00,88,78,10
6/27/22 9:00,54,51,3
6/27/22 10:00,40,20,20
6/27/22 11:00,33,19,14
6/27/22 12:00,24,13,11
6/27/22 13:00,38,18,20
6/27/22 14:00,41,10,31
6/27/22 15:00,75,21,54
6/27/22 16:00,101,24,77
6/27/22 17:00,141,22,119
6/27/22 18:00,85,23,62
6/27/22 19:00,56,11,45
6/27/22 20:00,36,9,27
6/27/22 21:00,22,8,14
6/27/22 22:00,20,3,17
6/27/22 23:00,6,5,1
6/28/22 0:00,4,2,2
6/28/22 1:00,2,1,1
6/28/22 2:00,1,0,1
6/28/22 3:00,4,3,1
6/28/22 4:00,7,6,1
6/28/22 5:00,38,34,4
6/28/22 6:00,79,73,6
6/28/22 7:00,111,106,5
6/28/22 8:00,119,110,9
6/28/22 9:00,66,51,15
6/28/22 10:00,45,27,18
6/28/22 11:00,33,23,10
6/28/22 12:00,41,23,18
6/28/22 13:00,32,13,19
6/28/22 14:00,33,13,20
6/28/22 15:00,60,14,46
6/28/22 16:00,106,19,87
6/28/22 17:00,149,13,136
6/28/22 18:00,85,17,68
6/28/22 19:00,38,7,31
6/28/22 20:00,27,7,20
6/28/22 21:00,16,3,13
6/28/22 22:00,14,5,9
6/28/22 23:00,5,1,4
6/29/22 0:00,13,4,9
6/29/22 1:00,3,2,1
6/29/22 2:00,1,1,0
6/29/22 3:00,4,1,3
6/29/22 4:00,8,6,2
6/29/22 5:00,38,33,5
6/29/22 6:00,68,64,4
6/29/22 7:00,100,92,8
6/29/22 8:00,117,111,6
6/29/22 9:00,41,40,1
6/29/22 10:00,40,30,10
6/29/22 11:00,41,28,13
6/29/22 12:00,38,23,15
6/29/22 13:00,40,16,24
6/29/22 14:00,52,23,29
6/29/22 15:00,81,21,60
6/29/22 16:00,119,30,89
6/29/22 17:00,157,22,135
6/29/22 18:00,119,30,89
6/29/22 19:00,54,15,39
6/29/22 20:00,43,15,28
6/29/22 21:00,46,8,38
6/29/22 22:00,20,3,17
6/29/22 23:00,6,1,5
6/30/22 0:00,4,1,3
6/30/22 1:00,6,1,5
6/30/22 2:00,1,1,0
6/30/22 3:00,4,0,4
6/30/22 4:00,13,11,2
6/30/22 5:00,35,32,3
6/30/22 6:00,70,62,8
6/30/22 7:00,122,113,9
6/30/22 8:00,124,112,12
6/30/22 9:00,63,53,10
6/30/22 10:00,61,34,27
6/30/22 11:00,50,34,16
6/30/22 12:00,47,29,18
6/30/22 13:00,34,16,18
6/30/22 14:00,52,18,34
6/30/22 15:00,104,34,70
6/30/22 16:00,121,26,95
6/30/22 17:00,162,43,119
6/30/22 18:00,120,23,97
6/30/22 19:00,71,20,51
6/30/22 20:00,65,35,30
6/30/22 21:00,32,14,18
6/30/22 22:00,29,4,25
6/30/22 23:00,7,2,5
7/1/22 0:00,6,1,5
7/1/22 1:00,2,0,2
7/1/22 2:00,5,5,0
7/1/22 3:00,2,0,2
7/1/22 4:00,5,5,0
7/1/22 5:00,23,21,2
7/1/22 6:00,25,24,1
7/1/22 7:00,107,96,11
7/1/22 8:00,67,61,6
7/1/22 9:00,54,45,9
7/1/22 10:00,33,21,12
7/1/22 11:00,45,23,22
7/1/22 12:00,58,34,24
7/1/22 13:00,64,34,30
7/1/22 14:00,84,37,47
7/1/22 15:00,107,27,80
7/1/22 16:00,105,41,64
7/1/22 17:00,96,26,70
7/1/22 18:00,66,22,44
7/1/22 19:00,38,8,30
7/1/22 20:00,26,9,17
7/1/22 21:00,28,12,16
7/1/22 22:00,16,6,10
7/1/22 23:00,18,3,15
7/2/22 0:00,4,1,3
7/2/22 1:00,13,1,12
7/2/22 2:00,2,0,2
7/2/22 3:00,5,1,4
7/2/22 4:00,3,3,0
7/2/22 5:00,11,9,2
7/2/22 6:00,11,5,6
7/2/22 7:00,26,18,8
7/2/22 8:00,43,30,13
7/2/22 9:00,64,32,32
7/2/22 10:00,93,37,56
7/2/22 11:00,82,43,39
7/2/22 12:00,60,33,27
7/2/22 13:00,108,55,53
7/2/22 14:00,74,35,39
7/2/22 15:00,70,37,33
7/2/22 16:00,72,32,40
7/2/22 17:00,62,31,31
7/2/22 18:00,44,17,27
7/2/22 19:00,25,8,17
7/2/22 20:00,42,14,28
7/2/22 21:00,18,8,10
7/2/22 22:00,8,2,6
7/2/22 23:00,22,20,2
7/3/22 0:00,8,2,6
7/3/22 1:00,7,2,5
7/3/22 2:00,3,0,3
7/3/22 3:00,1,1,0
7/3/22 4:00,2,1,1
7/3/22 5:00,3,3,0
7/3/22 6:00,3,2,1
7/3/22 7:00,10,6,4
7/3/22 8:00,11,9,2
7/3/22 9:00,18,12,6
7/3/22 10:00,17,9,8
7/3/22 11:00,28,9,19
7/3/22 12:00,19,6,13
7/3/22 13:00,18,14,4
7/3/22 14:00,15,6,9
7/3/22 15:00,13,6,7
7/3/22 16:00,24,8,16
7/3/22 17:00,10,6,4
7/3/22 18:00,8,5,3
7/3/22 19:00,10,2,8
7/3/22 20:00,6,4,2
7/3/22 21:00,1,0,1
7/3/22 22:00,9,2,7
7/3/22 23:00,1,1,0
7/4/22 0:00,1,1,0
7/4/22 1:00,0,0,0
7/4/22 2:00,2,2,0
7/4/22 3:00,0,0,0
7/4/22 4:00,2,1,1
7/4/22 5:00,8,7,1
7/4/22 6:00,5,5,0
7/4/22 7:00,17,9,8
7/4/22 8:00,20,13,7
7/4/22 9:00,48,37,11
7/4/22 10:00,80,35,45
7/4/22 11:00,68,32,36
7/4/22 12:00,94,46,48
7/4/22 13:00,74,37,37
7/4/22 14:00,88,32,56
7/4/22 15:00,73,45,28
7/4/22 16:00,50,16,34
7/4/22 17:00,42,16,26
7/4/22 18:00,51,26,25
7/4/22 19:00,28,14,14
7/4/22 20:00,31,16,15
7/4/22 21:00,16,7,9
7/4/22 22:00,13,9,4
7/4/22 23:00,5,0,5
7/5/22 0:00,10,0,10
7/5/22 1:00,6,2,4
7/5/22 2:00,3,0,3
7/5/22 3:00,3,1,2
7/5/22 4:00,11,9,2
7/5/22 5:00,21,18,3
7/5/22 6:00,54,48,6
7/5/22 7:00,99,90,9
7/5/22 8:00,94,89,5
7/5/22 9:00,44,39,5
7/5/22 10:00,28,23,5
7/5/22 11:00,48,25,23
7/5/22 12:00,46,24,22
7/5/22 13:00,41,17,24
7/5/22 14:00,56,24,32
7/5/22 15:00,76,25,51
7/5/22 16:00,100,18,82
7/5/22 17:00,110,12,98
7/5/22 18:00,77,15,62
7/5/22 19:00,38,12,26
7/5/22 20:00,17,2,15
7/5/22 21:00,15,1,14
7/5/22 22:00,6,3,3
7/5/22 23:00,3,0,3
7/6/22 0:00,2,0,2
7/6/22 1:00,3,0,3
7/6/22 2:00,0,0,0
7/6/22 3:00,0,0,0
7/6/22 4:00,6,5,1
7/6/22 5:00,31,27,4
7/6/22 6:00,64,59,5
7/6/22 7:00,101,94,7
7/6/22 8:00,96,94,2
7/6/22 9:00,67,55,12
7/6/22 10:00,32,24,8
7/6/22 11:00,29,15,14
7/6/22 12:00,27,14,13
7/6/22 13:00,29,18,11
7/6/22 14:00,37,12,25
7/6/22 15:00,58,15,43
7/6/22 16:00,108,23,85
7/6/22 17:00,157,19,138
7/6/22 18:00,85,14,71
7/6/22 19:00,64,23,41
7/6/22 20:00,44,21,23
7/6/22 21:00,17,5,12
7/6/22 22:00,8,4,4
7/6/22 23:00,2,0,2
7/7/22 0:00,0,0,0
7/7/22 1:00,1,0,1
7/7/22 2:00,3,0,3
7/7/22 3:00,0,0,0
7/7/22 4:00,11,11,0
7/7/22 5:00,33,30,3
7/7/22 6:00,72,65,7
7/7/22 7:00,117,108,9
7/7/22 8:00,95,91,4
7/7/22 9:00,66,59,7
7/7/22 10:00,34,18,16
7/7/22 11:00,41,21,20
7/7/22 12:00,43,26,17
7/7/22 13:00,45,18,27
7/7/22 14:00,56,21,35
7/7/22 15:00,68,26,42
7/7/22 16:00,141,30,111
7/7/22 17:00,149,36,113
7/7/22 18:00,128,30,98
7/7/22 19:00,56,12,44
7/7/22 20:00,44,9,35
7/7/22 21:00,34,13,21
7/7/22 22:00,21,2,19
7/7/22 23:00,13,5,8
7/8/22 0:00,5,0,5
7/8/22 1:00,3,0,3
7/8/22 2:00,0,0,0
7/8/22 3:00,1,1,0
7/8/22 4:00,5,5,0
7/8/22 5:00,27,25,2
7/8/22 6:00,48,42,6
7/8/22 7:00,77,72,5
7/8/22 8:00,70,65,5
7/8/22 9:00,61,47,14
7/8/22 10:00,45,33,12
7/8/22 11:00,46,31,15
7/8/22 12:00,40,21,19
7/8/22 13:00,46,18,28
7/8/22 14:00,73,24,49
7/8/22 15:00,80,27,53
7/8/22 16:00,105,30,75
7/8/22 17:00,128,35,93
7/8/22 18:00,77,25,52
7/8/22 19:00,44,11,33
7/8/22 20:00,37,16,21
7/8/22 21:00,19,5,14
7/8/22 22:00,31,11,20
7/8/22 23:00,12,5,7
7/9/22 0:00,14,6,8
7/9/22 1:00,3,0,3
7/9/22 2:00,5,2,3
7/9/22 3:00,3,2,1
7/9/22 4:00,3,2,1
7/9/22 5:00,5,3,2
7/9/22 6:00,21,16,5
7/9/22 7:00,9,4,5
7/9/22 8:00,16,9,7
7/9/22 9:00,30,16,14
7/9/22 10:00,51,28,23
7/9/22 11:00,94,59,35
7/9/22 12:00,99,64,35
7/9/22 13:00,97,65,32
7/9/22 14:00,88,39,49
7/9/22 15:00,92,29,63
7/9/22 16:00,121,27,94
7/9/22 17:00,80,34,46
7/9/22 18:00,51,29,22
7/9/22 19:00,37,13,24
7/9/22 20:00,20,9,11
7/9/22 21:00,26,12,14
7/9/22 22:00,30,3,27
7/9/22 23:00,4,0,4
7/10/22 0:00,4,1,3
7/10/22 1:00,0,0,0
7/10/22 2:00,1,0,1
7/10/22 3:00,2,0,2
7/10/22 4:00,5,3,2
7/10/22 5:00,5,5,0
7/10/22 6:00,9,7,2
7/10/22 7:00,14,11,3
7/10/22 8:00,32,18,14
7/10/22 9:00,52,36,16
7/10/22 10:00,71,23,48
7/10/22 11:00,109,51,58
7/10/22 12:00,83,53,30
7/10/22 13:00,154,110,44
7/10/22 14:00,99,58,41
7/10/22 15:00,93,35,58
7/10/22 16:00,90,41,49
7/10/22 17:00,61,16,45
7/10/22 18:00,62,31,31
7/10/22 19:00,56,34,22
7/10/22 20:00,19,8,11
7/10/22 21:00,18,8,10
7/10/22 22:00,18,14,4
7/10/22 23:00,10,4,6
7/11/22 0:00,2,1,1
7/11/22 1:00,2,0,2
7/11/22 2:00,0,0,0
7/11/22 3:00,1,0,1
7/11/22 4:00,10,9,1
7/11/22 5:00,33,27,6
7/11/22 6:00,78,69,9
7/11/22 7:00,112,106,6
7/11/22 8:00,106,96,10
7/11/22 9:00,65,54,11
7/11/22 10:00,50,34,16
7/11/22 11:00,45,27,18
7/11/22 12:00,30,14,16
7/11/22 13:00,39,19,20
7/11/22 14:00,58,17,41
7/11/22 15:00,84,26,58
7/11/22 16:00,118,24,94
7/11/22 17:00,142,15,127
7/11/22 18:00,85,19,66
7/11/22 19:00,51,4,47
7/11/22 20:00,43,16,27
7/11/22 21:00,20,9,11
7/11/22 22:00,10,5,5
7/11/22 23:00,2,0,2
7/12/22 0:00,8,3,5
7/12/22 1:00,5,5,0
7/12/22 2:00,1,0,1
7/12/22 3:00,4,2,2
7/12/22 4:00,11,11,0
7/12/22 5:00,35,29,6
7/12/22 6:00,83,70,13
7/12/22 7:00,139,131,8
7/12/22 8:00,119,105,14
7/12/22 9:00,70,61,9
7/12/22 10:00,46,34,12
7/12/22 11:00,31,23,8
7/12/22 12:00,45,22,23
7/12/22 13:00,45,18,27
7/12/22 14:00,53,23,30
7/12/22 15:00,85,30,55
7/12/22 16:00,132,24,108
7/12/22 17:00,197,34,163
7/12/22 18:00,101,28,73
7/12/22 19:00,64,17,47
7/12/22 20:00,54,20,34
7/12/22 21:00,28,14,14
7/12/22 22:00,17,4,13
7/12/22 23:00,4,0,4
7/13/22 0:00,0,0,0
7/13/22 1:00,2,0,2
7/13/22 2:00,4,4,0
7/13/22 3:00,1,0,1
7/13/22 4:00,10,10,0
7/13/22 5:00,34,30,4
7/13/22 6:00,89,82,7
7/13/22 7:00,132,121,11
7/13/22 8:00,132,124,8
7/13/22 9:00,67,59,8
7/13/22 10:00,33,24,9
7/13/22 11:00,40,25,15
7/13/22 12:00,34,16,18
7/13/22 13:00,38,21,17
7/13/22 14:00,57,17,40
7/13/22 15:00,98,32,66
7/13/22 16:00,140,26,114
7/13/22 17:00,187,23,164
7/13/22 18:00,118,20,98
7/13/22 19:00,67,25,42
7/13/22 20:00,56,25,31
7/13/22 21:00,33,16,17
7/13/22 22:00,14,3,11
7/13/22 23:00,6,0,6
7/14/22 0:00,5,1,4
7/14/22 1:00,4,1,3
7/14/22 2:00,2,2,0
7/14/22 3:00,0,0,0
7/14/22 4:00,7,7,0
7/14/22 5:00,29,25,4
7/14/22 6:00,73,69,4
7/14/22 7:00,132,124,8
7/14/22 8:00,124,116,8
7/14/22 9:00,71,64,7
7/14/22 10:00,42,33,9
7/14/22 11:00,36,17,19
7/14/22 12:00,51,28,23
7/14/22 13:00,54,23,31
7/14/22 14:00,55,25,30
7/14/22 15:00,81,26,55
7/14/22 16:00,147,37,110
7/14/22 17:00,191,41,150
7/14/22 18:00,104,22,82
7/14/22 19:00,57,12,45
7/14/22 20:00,43,15,28
7/14/22 21:00,37,10,27
7/14/22 22:00,11,3,8
7/14/22 23:00,11,3,8
7/15/22 0:00,3,0,3
7/15/22 1:00,4,1,3
7/15/22 2:00,3,1,2
7/15/22 3:00,3,2,1
7/15/22 4:00,5,5,0
7/15/22 5:00,36,31,5
7/15/22 6:00,51,46,5
7/15/22 7:00,83,78,5
7/15/22 8:00,86,74,12
7/15/22 9:00,56,46,10
7/15/22 10:00,45,34,11
7/15/22 11:00,69,37,32
7/15/22 12:00,50,29,21
7/15/22 13:00,51,27,24
7/15/22 14:00,73,22,51
7/15/22 15:00,97,33,64
7/15/22 16:00,99,26,73
7/15/22 17:00,113,13,100
7/15/22 18:00,66,25,41
7/15/22 19:00,52,20,32
7/15/22 20:00,32,8,24
7/15/22 21:00,23,14,9
7/15/22 22:00,21,9,12
7/15/22 23:00,10,6,4
7/16/22 0:00,5,1,4
7/16/22 1:00,1,1,0
7/16/22 2:00,3,0,3
7/16/22 3:00,1,1,0
7/16/22 4:00,6,5,1
7/16/22 5:00,10,8,2
7/16/22 6:00,17,14,3
7/16/22 7:00,23,12,11
7/16/22 8:00,38,25,13
7/16/22 9:00,44,29,15
7/16/22 10:00,69,38,31
7/16/22 11:00,48,31,17
7/16/22 12:00,62,31,31
7/16/22 13:00,83,38,45
7/16/22 14:00,83,31,52
7/16/22 15:00,74,30,44
7/16/22 16:00,77,38,39
7/16/22 17:00,43,23,20
7/16/22 18:00,37,12,25
7/16/22 19:00,34,18,16
7/16/22 20:00,20,9,11
7/16/22 21:00,18,6,12
7/16/22 22:00,9,4,5
7/16/22 23:00,6,1,5
7/17/22 0:00,12,4,8
7/17/22 1:00,5,2,3
7/17/22 2:00,4,3,1
7/17/22 3:00,2,0,2
7/17/22 4:00,2,2,0
7/17/22 5:00,6,5,1
7/17/22 6:00,11,6,5
7/17/22 7:00,18,12,6
7/17/22 8:00,42,36,6
7/17/22 9:00,23,14,9
7/17/22 10:00,64,21,43
7/17/22 11:00,50,24,26
7/17/22 12:00,77,43,34
7/17/22 13:00,54,26,28
7/17/22 14:00,58,29,29
7/17/22 15:00,53,23,30
7/17/22 16:00,37,15,22
7/17/22 17:00,45,20,25
7/17/22 18:00,35,10,25
7/17/22 19:00,23,11,12
7/17/22 20:00,12,7,5
7/17/22 21:00,14,7,7
7/17/22 22:00,7,5,2
7/17/22 23:00,5,1,4
7/18/22 0:00,2,2,0
7/18/22 1:00,3,2,1
7/18/22 2:00,2,1,1
7/18/22 3:00,1,1,0
7/18/22 4:00,7,6,1
7/18/22 5:00,28,23,5
7/18/22 6:00,55,47,8
7/18/22 7:00,91,90,1
7/18/22 8:00,85,77,8
7/18/22 9:00,61,54,7
7/18/22 10:00,19,13,6
7/18/22 11:00,44,30,14
7/18/22 12:00,32,17,15
7/18/22 13:00,41,22,19
7/18/22 14:00,44,20,24
7/18/22 15:00,59,16,43
7/18/22 16:00,105,19,86
7/18/22 17:00,125,14,111
7/18/22 18:00,76,18,58
7/18/22 19:00,52,11,41
7/18/22 20:00,42,15,27
7/18/22 21:00,23,11,12
7/18/22 22:00,10,3,7
7/18/22 23:00,1,0,1
7/19/22 0:00,2,0,2
7/19/22 1:00,0,0,0
7/19/22 2:00,2,2,0
7/19/22 3:00,3,1,2
7/19/22 4:00,7,7,0
7/19/22 5:00,40,34,6
7/19/22 6:00,80,72,8
7/19/22 7:00,139,130,9
7/19/22 8:00,139,131,8
7/19/22 9:00,82,66,16
7/19/22 10:00,43,22,21
7/19/22 11:00,33,25,8
7/19/22 12:00,51,31,20
7/19/22 13:00,58,21,37
7/19/22 14:00,70,27,43
7/19/22 15:00,97,32,65
7/19/22 16:00,146,40,106
7/19/22 17:00,176,26,150
7/19/22 18:00,125,27,98
7/19/22 19:00,57,13,44
7/19/22 20:00,57,29,28
7/19/22 21:00,23,8,15
7/19/22 22:00,17,6,11
7/19/22 23:00,14,4,10
7/20/22 0:00,2,0,2
7/20/22 1:00,2,0,2
7/20/22 2:00,7,4,3
7/20/22 3:00,1,1,0
7/20/22 4:00,10,10,0
7/20/22 5:00,32,25,7
7/20/22 6:00,72,65,7
7/20/22 7:00,134,128,6
7/20/22 8:00,124,116,8
7/20/22 9:00,65,53,12
7/20/22 10:00,28,17,11
7/20/22 11:00,31,17,14
7/20/22 12:00,38,22,16
7/20/22 13:00,69,25,44
7/20/22 14:00,59,21,38
7/20/22 15:00,88,24,64
7/20/22 16:00,138,27,111
7/20/22 17:00,166,24,142
7/20/22 18:00,118,19,99
7/20/22 19:00,80,33,47
7/20/22 20:00,37,8,29
7/20/22 21:00,44,19,25
7/20/22 22:00,17,6,11
7/20/22 23:00,7,1,6
7/21/22 0:00,2,0,2
7/21/22 1:00,2,0,2
7/21/22 2:00,0,0,0
7/21/22 3:00,1,1,0
7/21/22 4:00,7,6,1
7/21/22 5:00,34,29,5
7/21/22 6:00,65,58,7
7/21/22 7:00,143,135,8
7/21/22 8:00,129,121,8
7/21/22 9:00,82,69,13
7/21/22 10:00,58,37,21
7/21/22 11:00,44,34,10
7/21/22 12:00,54,34,20
7/21/22 13:00,47,23,24
7/21/22 14:00,62,19,43
7/21/22 15:00,96,29,67
7/21/22 16:00,141,30,111
7/21/22 17:00,158,34,124
7/21/22 18:00,124,23,101
7/21/22 19:00,69,18,51
7/21/22 20:00,46,15,31
7/21/22 21:00,32,11,21
7/21/22 22:00,15,3,12
7/21/22 23:00,10,0,10
7/22/22 0:00,5,1,4
7/22/22 1:00,4,1,3
7/22/22 2:00,0,0,0
7/22/22 3:00,2,2,0
7/22/22 4:00,4,4,0
7/22/22 5:00,31,30,1
7/22/22 6:00,55,48,7
7/22/22 7:00,96,83,13
7/22/22 8:00,67,55,12
7/22/22 9:00,52,46,6
7/22/22 10:00,41,33,8
7/22/22 11:00,29,18,11
7/22/22 12:00,44,23,21
7/22/22 13:00,53,30,23
7/22/22 14:00,70,34,36
7/22/22 15:00,74,19,55
7/22/22 16:00,109,24,85
7/22/22 17:00,125,28,97
7/22/22 18:00,77,25,52
7/22/22 19:00,45,10,35
7/22/22 20:00,32,7,25
7/22/22 21:00,26,10,16
7/22/22 22:00,13,2,11
7/22/22 23:00,14,3,11
7/23/22 0:00,13,4,9
7/23/22 1:00,5,0,5
7/23/22 2:00,5,0,5
7/23/22 3:00,3,1,2
7/23/22 4:00,2,2,0
7/23/22 5:00,5,4,1
7/23/22 6:00,6,6,0
7/23/22 7:00,15,9,6
7/23/22 8:00,31,24,7
7/23/22 9:00,53,31,22
7/23/22 10:00,35,20,15
7/23/22 11:00,68,39,29
7/23/22 12:00,80,51,29
7/23/22 13:00,59,24,35
7/23/22 14:00,89,33,56
7/23/22 15:00,78,53,25
7/23/22 16:00,95,29,66
7/23/22 17:00,80,44,36
7/23/22 18:00,58,30,28
7/23/22 19:00,39,15,24
7/23/22 20:00,36,10,26
7/23/22 21:00,46,11,35
7/23/22 22:00,10,4,6
7/23/22 23:00,3,0,3
7/24/22 0:00,16,4,12
7/24/22 1:00,1,0,1
7/24/22 2:00,4,0,4
7/24/22 3:00,3,0,3
7/24/22 4:00,5,4,1
7/24/22 5:00,3,3,0
7/24/22 6:00,8,6,2
7/24/22 7:00,14,8,6
7/24/22 8:00,44,26,18
7/24/22 9:00,61,40,21
7/24/22 10:00,61,35,26
7/24/22 11:00,50,27,23
7/24/22 12:00,87,42,45
7/24/22 13:00,92,44,48
7/24/22 14:00,102,53,49
7/24/22 15:00,74,31,43
7/24/22 16:00,89,39,50
7/24/22 17:00,56,27,29
7/24/22 18:00,45,17,28
7/24/22 19:00,37,15,22
7/24/22 20:00,28,8,20
7/24/22 21:00,13,7,6
7/24/22 22:00,8,4,4
7/24/22 23:00,4,0,4
7/25/22 0:00,2,1,1
7/25/22 1:00,3,1,2
7/25/22 2:00,3,1,2
7/25/22 3:00,0,0,0
7/25/22 4:00,10,8,2
7/25/22 5:00,28,23,5
7/25/22 6:00,66,58,8
7/25/22 7:00,107,103,4
7/25/22 8:00,100,93,7
7/25/22 9:00,65,56,9
7/25/22 10:00,41,30,11
7/25/22 11:00,33,20,13
7/25/22 12:00,30,20,10
7/25/22 13:00,26,10,16
7/25/22 14:00,50,25,25
7/25/22 15:00,79,19,60
7/25/22 16:00,108,25,83
7/25/22 17:00,153,27,126
7/25/22 18:00,88,19,69
7/25/22 19:00,50,11,39
7/25/22 20:00,39,17,22
7/25/22 21:00,31,11,20
7/25/22 22:00,25,2,23
7/25/22 23:00,3,0,3
7/26/22 0:00,3,2,1
7/26/22 1:00,2,1,1
7/26/22 2:00,3,2,1
7/26/22 3:00,1,1,0
7/26/22 4:00,6,5,1
7/26/22 5:00,34,28,6
7/26/22 6:00,72,66,6
7/26/22 7:00,131,118,13
7/26/22 8:00,140,130,10
7/26/22 9:00,79,64,15
7/26/22 10:00,47,25,22
7/26/22 11:00,30,18,12
7/26/22 12:00,42,21,21
7/26/22 13:00,65,32,33
7/26/22 14:00,42,16,26
7/26/22 15:00,64,20,44
7/26/22 16:00,103,22,81
7/26/22 17:00,163,22,141
7/26/22 18:00,98,23,75
7/26/22 19:00,57,19,38
7/26/22 20:00,53,15,38
7/26/22 21:00,26,8,18
7/26/22 22:00,35,6,29
7/26/22 23:00,11,2,9
7/27/22 0:00,3,1,2
7/27/22 1:00,2,0,2
7/27/22 2:00,4,1,3
7/27/22 3:00,2,1,1
7/27/22 4:00,6,6,0
7/27/22 5:00,36,30,6
7/27/22 6:00,75,70,5
7/27/22 7:00,129,111,18
7/27/22 8:00,109,103,6
7/27/22 9:00,62,49,13
7/27/22 10:00,52,26,26
7/27/22 11:00,35,25,10
7/27/22 12:00,43,28,15
7/27/22 13:00,37,15,22
7/27/22 14:00,54,21,33
7/27/22 15:00,79,16,63
7/27/22 16:00,113,24,89
7/27/22 17:00,127,23,104
7/27/22 18:00,89,23,66
7/27/22 19:00,48,9,39
7/27/22 20:00,27,8,19
7/27/22 21:00,30,8,22
7/27/22 22:00,16,1,15
7/27/22 23:00,9,3,6
7/28/22 0:00,6,2,4
7/28/22 1:00,3,2,1
7/28/22 2:00,6,4,2
7/28/22 3:00,1,0,1
7/28/22 4:00,7,7,0
7/28/22 5:00,28,24,4
7/28/22 6:00,72,68,4
7/28/22 7:00,131,115,16
7/28/22 8:00,108,99,9
7/28/22 9:00,66,55,11
7/28/22 10:00,40,26,14
7/28/22 11:00,44,24,20
7/28/22 12:00,32,22,10
7/28/22 13:00,28,16,12
7/28/22 14:00,36,10,26
7/28/22 15:00,83,27,56
7/28/22 16:00,112,28,84
7/28/22 17:00,134,30,104
7/28/22 18:00,104,13,91
7/28/22 19:00,48,7,41
7/28/22 20:00,49,19,30
7/28/22 21:00,25,10,15
7/28/22 22:00,17,1,16
7/28/22 23:00,11,6,5
7/29/22 0:00,5,1,4
7/29/22 1:00,1,0,1
7/29/22 2:00,3,0,3
7/29/22 3:00,2,2,0
7/29/22 4:00,7,5,2
7/29/22 5:00,25,23,2
7/29/22 6:00,56,51,5
7/29/22 7:00,73,67,6
7/29/22 8:00,86,78,8
7/29/22 9:00,51,34,17
7/29/22 10:00,42,24,18
7/29/22 11:00,37,20,17
7/29/22 12:00,31,16,15
7/29/22 13:00,43,20,23
7/29/22 14:00,40,14,26
7/29/22 15:00,91,27,64
7/29/22 16:00,89,22,67
7/29/22 17:00,103,19,84
7/29/22 18:00,58,26,32
7/29/22 19:00,39,16,23
7/29/22 20:00,87,11,76
7/29/22 21:00,13,7,6
7/29/22 22:00,17,11,6
7/29/22 23:00,13,9,4
7/30/22 0:00,9,4,5
7/30/22 1:00,4,1,3
7/30/22 2:00,8,2,6
7/30/22 3:00,4,1,3
7/30/22 4:00,5,4,1
7/30/22 5:00,7,5,2
7/30/22 6:00,15,11,4
7/30/22 7:00,33,18,15
7/30/22 8:00,61,44,17
7/30/22 9:00,71,36,35
7/30/22 10:00,60,30,30
7/30/22 11:00,68,30,38
7/30/22 12:00,69,47,22
7/30/22 13:00,50,13,37
7/30/22 14:00,66,36,30
7/30/22 15:00,60,27,33
7/30/22 16:00,38,22,16
7/30/22 17:00,39,15,24
7/30/22 18:00,43,21,22
7/30/22 19:00,35,15,20
7/30/22 20:00,31,16,15
7/30/22 21:00,12,5,7
7/30/22 22:00,17,6,11
7/30/22 23:00,7,2,5
7/31/22 0:00,5,2,3
7/31/22 1:00,7,2,5
7/31/22 2:00,1,0,1
7/31/22 3:00,2,0,2
7/31/22 4:00,3,1,2
7/31/22 5:00,5,2,3
7/31/22 6:00,15,11,4
7/31/22 7:00,17,17,0
7/31/22 8:00,63,42,21
7/31/22 9:00,53,36,17
7/31/22 10:00,77,38,39
7/31/22 11:00,80,28,52
7/31/22 12:00,79,32,47
7/31/22 13:00,72,38,34
7/31/22 14:00,64,31,33
7/31/22 15:00,44,17,27
7/31/22 16:00,34,14,20
7/31/22 17:00,39,19,20
7/31/22 18:00,32,9,23
7/31/22 19:00,18,8,10
7/31/22 20:00,30,8,22
7/31/22 21:00,17,8,9
7/31/22 22:00,8,3,5
7/31/22 23:00,9,5,4
5/18/17 22:00,7,7,0
5/18/17 23:00,6,6,0
5/19/17 0:00,3,2,1
5/19/17 1:00,0,0,0
5/19/17 2:00,1,1,0
5/19/17 3:00,0,0,0
5/19/17 4:00,5,1,4
5/19/17 5:00,32,7,25
5/19/17 6:00,106,17,89
5/19/17 7:00,238,31,207
5/19/17 8:00,209,33,176
5/19/17 9:00,82,18,64
5/19/17 10:00,47,15,32
5/19/17 11:00,34,16,18
5/19/17 12:00,39,23,16
5/19/17 13:00,35,17,18
5/19/17 14:00,68,46,22
5/19/17 15:00,123,91,32
5/19/17 16:00,177,140,37
5/19/17 17:00,217,180,37
5/19/17 18:00,120,97,23
5/19/17 19:00,58,50,8
5/19/17 20:00,25,11,14
5/19/17 21:00,14,8,6
5/19/17 22:00,12,7,5
5/19/17 23:00,7,6,1
5/20/17 0:00,2,0,2
5/20/17 1:00,0,0,0
5/20/17 2:00,2,1,1
5/20/17 3:00,1,0,1
5/20/17 4:00,1,1,0
5/20/17 5:00,12,1,11
5/20/17 6:00,19,8,11
5/20/17 7:00,29,8,21
5/20/17 8:00,50,22,28
5/20/17 9:00,67,40,27
5/20/17 10:00,81,36,45
5/20/17 11:00,63,35,28
5/20/17 12:00,102,53,49
5/20/17 13:00,132,42,90
5/20/17 14:00,66,34,32
5/20/17 15:00,92,42,50
5/20/17 16:00,91,67,24
5/20/17 17:00,57,32,25
5/20/17 18:00,50,27,23
5/20/17 19:00,27,13,14
5/20/17 20:00,28,18,10
5/20/17 21:00,17,8,9
5/20/17 22:00,11,6,5
5/20/17 23:00,4,2,2
5/21/17 0:00,1,1,0
5/21/17 1:00,3,1,2
5/21/17 2:00,1,0,1
5/21/17 3:00,2,1,1
5/21/17 4:00,2,1,1
5/21/17 5:00,11,6,5
5/21/17 6:00,7,1,6
5/21/17 7:00,23,4,19
5/21/17 8:00,45,21,24
5/21/17 9:00,44,16,28
5/21/17 10:00,75,43,32
5/21/17 11:00,95,48,47
5/21/17 12:00,96,57,39
5/21/17 13:00,107,55,52
6/4/17 15:00,112,63,49
6/4/17 16:00,75,43,32
6/4/17 17:00,56,31,25
6/4/17 18:00,27,17,10
6/4/17 19:00,29,17,12
6/4/17 20:00,11,5,6
6/4/17 21:00,21,12,9
6/4/17 22:00,4,2,2
6/4/17 23:00,4,1,3
6/5/17 0:00,5,3,2
6/5/17 1:00,1,1,0
6/5/17 2:00,1,0,1
6/5/17 3:00,2,1,1
6/5/17 4:00,9,2,7
6/5/17 5:00,31,7,24
6/5/17 6:00,86,16,70
6/5/17 7:00,196,20,176
6/5/17 8:00,181,19,162
6/5/17 9:00,75,7,68
6/5/17 10:00,35,10,25
6/5/17 11:00,28,11,17
6/5/17 12:00,32,15,17
6/5/17 13:00,19,10,9
6/5/17 14:00,32,22,10
6/5/17 15:00,65,50,15
6/5/17 16:00,158,127,31
6/5/17 17:00,246,221,25
6/5/17 18:00,167,136,31
6/5/17 19:00,59,41,18
6/5/17 20:00,23,14,9
6/5/17 21:00,22,11,11
6/5/17 22:00,11,1,10
6/5/17 23:00,2,1,1
6/6/17 0:00,3,2,1
6/6/17 1:00,0,0,0
6/6/17 2:00,1,1,0
6/6/17 3:00,5,3,2
6/6/17 4:00,15,3,12
6/6/17 5:00,41,10,31
6/6/17 6:00,95,16,79
6/6/17 7:00,196,21,175
6/6/17 8:00,181,23,158
6/6/17 9:00,62,4,58
6/6/17 10:00,32,8,24
6/6/17 11:00,27,8,19
6/6/17 12:00,21,17,4
6/6/17 13:00,39,23,16
6/6/17 14:00,40,24,16
6/6/17 15:00,79,46,33
6/6/17 16:00,147,113,34
6/6/17 17:00,237,203,34
6/6/17 18:00,150,126,24
6/6/17 19:00,76,61,15
6/6/17 20:00,35,24,11
6/6/17 21:00,18,12,6
6/6/17 22:00,13,7,6
6/6/17 23:00,3,2,1
6/7/17 0:00,7,5,2
6/7/17 1:00,3,2,1
6/7/17 2:00,2,2,0
6/7/17 3:00,1,1,0
6/7/17 4:00,10,3,7
6/7/17 5:00,28,7,21
6/7/17 6:00,93,14,79
6/7/17 7:00,199,24,175
6/7/17 8:00,186,14,172
6/7/17 9:00,65,6,59
6/7/17 10:00,47,14,33
6/7/17 11:00,38,18,20
6/7/17 12:00,52,21,31
6/7/17 13:00,51,22,29
6/7/17 14:00,37,20,17
6/7/17 15:00,59,48,11
6/7/17 16:00,141,118,23
6/7/17 17:00,223,194,29
6/7/17 18:00,158,127,31
6/7/17 19:00,65,53,12
6/7/17 20:00,50,25,25
6/7/17 21:00,22,16,6
6/7/17 22:00,10,8,2
6/7/17 23:00,8,6,2
6/8/17 0:00,2,1,1
6/8/17 1:00,1,0,1
6/8/17 2:00,3,2,1
6/8/17 3:00,4,1,3
6/8/17 4:00,6,4,2
6/8/17 5:00,19,2,17
6/8/17 6:00,40,7,33
6/8/17 7:00,85,8,77
6/8/17 8:00,76,5,71
6/8/17 9:00,37,2,35
6/8/17 10:00,9,2,7
6/8/17 11:00,2,0,2
6/8/17 12:00,5,2,3
6/8/17 13:00,17,3,14
6/8/17 14:00,24,13,11
6/8/17 15:00,34,24,10
6/8/17 16:00,73,63,10
6/8/17 17:00,120,94,26
6/8/17 18:00,66,58,8
6/8/17 19:00,21,16,5
6/8/17 20:00,12,9,3
6/8/17 21:00,12,8,4
6/8/17 22:00,8,5,3
6/8/17 23:00,4,3,1
6/9/17 0:00,4,2,2
6/9/17 1:00,1,0,1
6/9/17 2:00,3,0,3
6/9/17 3:00,1,0,1
6/9/17 4:00,5,2,3
6/9/17 5:00,15,3,12
6/9/17 6:00,55,11,44
6/9/17 7:00,134,17,117
6/9/17 8:00,123,16,107
6/9/17 9:00,58,18,40
6/9/17 10:00,23,5,18
6/9/17 11:00,22,6,16
6/9/17 12:00,24,15,9
6/9/17 13:00,28,14,14
6/9/17 14:00,31,22,9
6/9/17 15:00,46,33,13
6/9/17 16:00,100,84,16
6/9/17 17:00,129,111,18
6/9/17 18:00,63,54,9
6/9/17 19:00,34,22,12
6/9/17 20:00,12,8,4
6/9/17 21:00,12,11,1
6/9/17 22:00,7,5,2
6/9/17 23:00,7,6,1
6/10/17 0:00,4,1,3
6/10/17 1:00,4,1,3
6/10/17 2:00,0,0,0
6/10/17 3:00,2,1,1
6/10/17 4:00,2,1,1
6/10/17 5:00,4,0,4
6/10/17 6:00,12,4,8
6/10/17 7:00,21,9,12
6/10/17 8:00,39,17,22
6/10/17 9:00,52,31,21
6/10/17 10:00,58,31,27
6/10/17 11:00,92,37,55
6/10/17 12:00,78,32,46
6/10/17 13:00,64,33,31
6/10/17 14:00,94,49,45
6/10/17 15:00,74,35,39
6/10/17 16:00,72,37,35
6/10/17 17:00,62,30,32
6/10/17 18:00,40,23,17
6/10/17 19:00,43,24,19
6/10/17 20:00,17,12,5
6/10/17 21:00,7,6,1
6/10/17 22:00,28,10,18
6/10/17 23:00,4,2,2
6/11/17 0:00,1,1,0
6/11/17 1:00,2,1,1
6/11/17 2:00,1,1,0
6/11/17 3:00,3,2,1
6/11/17 4:00,2,0,2
6/11/17 5:00,10,2,8
6/11/17 6:00,10,3,7
6/11/17 7:00,25,5,20
6/11/17 8:00,36,21,15
6/11/17 9:00,51,29,22
6/11/17 10:00,64,36,28
6/11/17 11:00,66,35,31
6/11/17 12:00,89,49,40
6/11/17 13:00,84,48,36
6/11/17 14:00,86,42,44
6/11/17 15:00,87,36,51
6/11/17 16:00,72,42,30
6/11/17 17:00,45,17,28
6/11/17 18:00,53,36,17
6/11/17 19:00,27,12,15
6/11/17 20:00,12,8,4
6/11/17 21:00,5,2,3
6/11/17 22:00,6,4,2
6/11/17 23:00,2,2,0
6/12/17 0:00,1,1,0
6/12/17 1:00,1,1,0
6/12/17 2:00,0,0,0
6/12/17 3:00,2,2,0
6/12/17 4:00,10,3,7
6/12/17 5:00,27,8,19
6/12/17 6:00,90,20,70
6/12/17 7:00,164,11,153
6/12/17 8:00,168,23,145
6/12/17 9:00,50,7,43
6/12/17 10:00,22,5,17
6/12/17 11:00,22,8,14
6/12/17 12:00,21,7,14
6/12/17 13:00,21,12,9
6/12/17 14:00,30,15,15
6/12/17 15:00,51,41,10
6/12/17 16:00,135,112,23
6/12/17 17:00,210,183,27
6/12/17 18:00,96,86,10
6/12/17 19:00,30,27,3
6/12/17 20:00,18,12,6
6/12/17 21:00,15,8,7
6/12/17 22:00,6,4,2
6/12/17 23:00,2,2,0
6/13/17 0:00,0,0,0
6/13/17 1:00,5,2,3
6/13/17 2:00,4,1,3
6/13/17 3:00,0,0,0
6/13/17 4:00,9,3,6
6/13/17 5:00,24,3,21
6/13/17 6:00,64,8,56
6/13/17 7:00,135,12,123
6/13/17 8:00,138,14,124
6/13/17 9:00,49,8,41
6/13/17 10:00,18,3,15
6/13/17 11:00,15,6,9
6/13/17 12:00,20,10,10
6/13/17 13:00,28,10,18
6/13/17 14:00,33,21,12
6/13/17 15:00,44,32,12
6/13/17 16:00,91,71,20
6/13/17 17:00,168,153,15
6/13/17 18:00,96,80,16
6/13/17 19:00,56,46,10
6/13/17 20:00,23,18,5
6/13/17 21:00,12,11,1
6/13/17 22:00,5,5,0
6/13/17 23:00,4,2,2
6/14/17 0:00,1,0,1
6/14/17 1:00,1,1,0
6/14/17 2:00,3,2,1
6/14/17 3:00,1,1,0
6/14/17 4:00,7,2,5
6/14/17 5:00,32,10,22
6/14/17 6:00,96,11,85
6/14/17 7:00,174,17,157
6/14/17 8:00,171,12,159
6/14/17 9:00,55,10,45
6/14/17 10:00,33,6,27
6/14/17 11:00,22,11,11
6/14/17 12:00,33,21,12
6/14/17 13:00,30,16,14
6/14/17 14:00,45,23,22
6/14/17 15:00,52,39,13
6/14/17 16:00,118,101,17
6/14/17 17:00,224,189,35
6/14/17 18:00,119,99,20
6/14/17 19:00,63,49,14
6/14/17 20:00,34,25,9
6/14/17 21:00,19,15,4
6/14/17 22:00,10,5,5
6/14/17 23:00,1,1,0
6/15/17 0:00,1,1,0
6/15/17 1:00,4,3,1
6/15/17 2:00,0,0,0
6/15/17 3:00,0,0,0
6/15/17 4:00,8,3,5
6/15/17 5:00,14,1,13
6/15/17 6:00,45,8,37
6/15/17 7:00,86,7,79
6/15/17 8:00,92,6,86
6/15/17 9:00,20,2,18
6/15/17 10:00,8,1,7
6/15/17 11:00,5,2,3
6/15/17 12:00,10,4,6
6/15/17 13:00,6,1,5
6/15/17 14:00,9,3,6
6/15/17 15:00,17,15,2
6/15/17 16:00,48,42,6
6/15/17 17:00,82,78,4
6/15/17 18:00,53,48,5
6/15/17 19:00,19,14,5
6/15/17 20:00,8,8,0
6/15/17 21:00,8,6,2
6/15/17 22:00,1,0,1
6/15/17 23:00,4,3,1
6/16/17 0:00,2,1,1
6/16/17 1:00,1,1,0
6/16/17 2:00,2,1,1
6/16/17 3:00,0,0,0
6/16/17 4:00,6,3,3
6/16/17 5:00,19,4,15
6/16/17 6:00,52,10,42
6/16/17 7:00,110,17,93
6/16/17 8:00,114,16,98
6/16/17 9:00,53,11,42
6/16/17 10:00,28,6,22
6/16/17 11:00,21,10,11
6/16/17 12:00,22,15,7
6/16/17 13:00,28,13,15
6/16/17 14:00,40,24,16
6/16/17 15:00,63,48,15
6/16/17 16:00,111,85,26
6/16/17 17:00,119,101,18
6/16/17 18:00,76,66,10
6/16/17 19:00,27,20,7
6/16/17 20:00,33,25,8
6/16/17 21:00,15,9,6
6/16/17 22:00,5,1,4
6/16/17 23:00,0,0,0
6/17/17 0:00,2,2,0
6/17/17 1:00,3,3,0
6/17/17 2:00,2,1,1
6/17/17 3:00,3,1,2
6/17/17 4:00,2,1,1
6/17/17 5:00,6,1,5
6/17/17 6:00,7,1,6
6/17/17 7:00,34,13,21
6/17/17 8:00,49,20,29
6/17/17 9:00,31,16,15
6/17/17 10:00,65,27,38
6/17/17 11:00,86,39,47
6/17/17 12:00,70,31,39
6/17/17 13:00,68,37,31
6/17/17 14:00,57,27,30
6/17/17 15:00,54,34,20
6/17/17 16:00,62,30,32
6/17/17 17:00,48,38,10
6/17/17 18:00,30,21,9
6/17/17 19:00,11,5,6
6/17/17 20:00,7,3,4
6/17/17 21:00,7,5,2
6/17/17 22:00,7,5,2
6/17/17 23:00,3,2,1
6/18/17 0:00,3,3,0
6/18/17 1:00,2,1,1
6/18/17 2:00,1,0,1
6/18/17 3:00,2,2,0
6/18/17 4:00,0,0,0
6/18/17 5:00,8,0,8
6/18/17 6:00,14,4,10
6/18/17 7:00,20,4,16
6/18/17 8:00,39,15,24
6/18/17 9:00,22,16,6
6/18/17 10:00,32,14,18
6/18/17 11:00,60,22,38
6/18/17 12:00,66,33,33
6/18/17 13:00,38,18,20
6/18/17 14:00,58,39,19
6/18/17 15:00,55,33,22
6/18/17 16:00,42,22,20
6/18/17 17:00,42,20,22
6/18/17 18:00,42,27,15
6/18/17 19:00,22,12,10
6/18/17 20:00,12,5,7
6/18/17 21:00,8,2,6
6/18/17 22:00,2,1,1
6/18/17 23:00,5,4,1
6/19/17 0:00,3,0,3
6/19/17 1:00,2,2,0
6/19/17 2:00,4,1,3
6/19/17 3:00,0,0,0
6/19/17 4:00,6,1,5
6/19/17 5:00,33,8,25
6/19/17 6:00,75,14,61
6/19/17 7:00,183,23,160
6/19/17 8:00,168,17,151
6/19/17 9:00,49,9,40
6/19/17 10:00,28,10,18
6/19/17 11:00,31,11,20
6/19/17 12:00,20,11,9
6/19/17 13:00,26,11,15
6/19/17 14:00,35,22,13
6/19/17 15:00,76,56,20
6/19/17 16:00,139,107,32
6/19/17 17:00,228,197,31
6/19/17 18:00,122,107,15
6/19/17 19:00,40,37,3
6/19/17 20:00,25,21,4
6/19/17 21:00,12,10,2
6/19/17 22:00,9,6,3
6/19/17 23:00,2,1,1
6/20/17 0:00,3,2,1
6/20/17 1:00,4,3,1
6/20/17 2:00,2,0,2
6/20/17 3:00,0,0,0
6/20/17 4:00,6,2,4
6/20/17 5:00,41,7,34
6/20/17 6:00,75,12,63
6/20/17 7:00,147,13,134
6/20/17 8:00,130,14,116
6/20/17 9:00,57,7,50
6/20/17 10:00,30,6,24
6/20/17 11:00,12,5,7
6/20/17 12:00,16,7,9
6/20/17 13:00,13,7,6
6/20/17 14:00,24,15,9
6/20/17 15:00,43,23,20
6/20/17 16:00,99,81,18
6/20/17 17:00,180,161,19
6/20/17 18:00,102,92,10
6/20/17 19:00,48,40,8
6/20/17 20:00,25,14,11
6/20/17 21:00,15,10,5
6/20/17 22:00,12,11,1
6/20/17 23:00,6,6,0
6/21/17 0:00,4,2,2
6/21/17 1:00,0,0,0
6/21/17 2:00,0,0,0
6/21/17 3:00,0,0,0
6/21/17 4:00,7,2,5
6/21/17 5:00,36,4,32
6/21/17 6:00,98,11,87
6/21/17 7:00,178,14,164
6/21/17 8:00,167,12,155
6/21/17 9:00,68,16,52
6/21/17 10:00,38,6,32
6/21/17 11:00,26,8,18
6/21/17 12:00,21,11,10
6/21/17 13:00,38,21,17
6/21/17 14:00,37,23,14
6/21/17 15:00,68,51,17
6/21/17 16:00,139,113,26
6/21/17 17:00,229,195,34
6/21/17 18:00,154,127,27
6/21/17 19:00,71,53,18
6/21/17 20:00,43,24,19
6/21/17 21:00,29,19,10
6/21/17 22:00,26,23,3
6/21/17 23:00,9,8,1
6/22/17 0:00,5,3,2
6/22/17 1:00,2,1,1
6/22/17 2:00,1,1,0
6/22/17 3:00,2,0,2
6/22/17 4:00,9,2,7
6/22/17 5:00,32,7,25
6/22/17 6:00,81,5,76
6/22/17 7:00,180,19,161
6/22/17 8:00,171,15,156
6/22/17 9:00,73,14,59
6/22/17 10:00,47,8,39
6/22/17 11:00,28,10,18
6/22/17 12:00,32,16,16
6/22/17 13:00,42,21,21
6/22/17 14:00,34,22,12
6/22/17 15:00,69,54,15
6/22/17 16:00,136,102,34
6/22/17 17:00,223,191,32
6/22/17 18:00,130,106,24
6/22/17 19:00,115,95,20
6/22/17 20:00,49,35,14
6/22/17 21:00,19,12,7
6/22/17 22:00,17,13,4
6/22/17 23:00,4,2,2
6/23/17 0:00,8,7,1
6/23/17 1:00,4,3,1
6/23/17 2:00,5,3,2
6/23/17 3:00,3,1,2
6/23/17 4:00,8,3,5
6/23/17 5:00,16,5,11
6/23/17 6:00,82,10,72
6/23/17 7:00,165,22,143
6/23/17 8:00,140,13,127
6/23/17 9:00,68,8,60
6/23/17 10:00,33,12,21
6/23/17 11:00,41,16,25
6/23/17 12:00,38,22,16
6/23/17 13:00,48,34,14
6/23/17 14:00,47,32,15
6/23/17 15:00,103,79,24
6/23/17 16:00,134,113,21
6/23/17 17:00,158,140,18
6/23/17 18:00,104,77,27
6/23/17 19:00,53,36,17
6/23/17 20:00,58,35,23
6/23/17 21:00,15,10,5
6/23/17 22:00,13,12,1
6/23/17 23:00,21,16,5
6/24/17 0:00,1,1,0
6/24/17 1:00,3,2,1
6/24/17 2:00,2,1,1
6/24/17 3:00,3,2,1
6/24/17 4:00,7,5,2
6/24/17 5:00,7,1,6
6/24/17 6:00,21,6,15
6/24/17 7:00,32,22,10
6/24/17 8:00,83,46,37
6/24/17 9:00,63,26,37
6/24/17 10:00,73,29,44
6/24/17 11:00,103,46,57
6/24/17 12:00,86,47,39
6/24/17 13:00,58,35,23
6/24/17 14:00,81,46,35
6/24/17 15:00,85,37,48
6/24/17 16:00,79,44,35
6/24/17 17:00,53,26,27
6/24/17 18:00,38,24,14
6/24/17 19:00,35,14,21
6/24/17 20:00,36,11,25
6/24/17 21:00,21,10,11
6/24/17 22:00,19,12,7
6/24/17 23:00,8,5,3
6/25/17 0:00,3,2,1
6/25/17 1:00,3,2,1
6/25/17 2:00,2,1,1
6/25/17 3:00,0,0,0
6/25/17 4:00,2,0,2
6/25/17 5:00,7,2,5
6/25/17 6:00,10,6,4
6/25/17 7:00,30,9,21
6/25/17 8:00,57,26,31
6/25/17 9:00,84,51,33
6/25/17 10:00,83,38,45
6/25/17 11:00,74,28,46
6/25/17 12:00,62,18,44
6/25/17 13:00,56,30,26
6/25/17 14:00,36,19,17
6/25/17 15:00,65,36,29
6/25/17 16:00,45,32,13
6/25/17 17:00,41,22,19
6/25/17 18:00,29,19,10
6/25/17 19:00,23,10,13
6/25/17 20:00,22,9,13
6/25/17 21:00,17,8,9
6/25/17 22:00,5,3,2
6/25/17 23:00,2,0,2
6/26/17 0:00,5,1,4
6/26/17 1:00,1,1,0
6/26/17 2:00,3,2,1
6/26/17 3:00,0,0,0
6/26/17 4:00,7,1,6
6/26/17 5:00,28,3,25
6/26/17 6:00,83,10,73
6/26/17 7:00,175,15,160
6/26/17 8:00,147,12,135
6/26/17 9:00,57,6,51
6/26/17 10:00,25,6,19
6/26/17 11:00,20,9,11
6/26/17 12:00,39,23,16
6/26/17 13:00,25,11,14
6/26/17 14:00,21,10,11
6/26/17 15:00,67,51,16
6/26/17 16:00,146,116,30
6/26/17 17:00,214,192,22
6/26/17 18:00,116,96,20
6/26/17 19:00,49,41,8
6/26/17 20:00,20,13,7
6/26/17 21:00,11,4,7
6/26/17 22:00,12,7,5
6/26/17 23:00,8,3,5
6/27/17 0:00,2,2,0
6/27/17 1:00,0,0,0
6/27/17 2:00,1,1,0
6/27/17 3:00,0,0,0
6/27/17 4:00,5,1,4
6/27/17 5:00,24,4,20
6/27/17 6:00,92,14,78
6/27/17 7:00,183,18,165
6/27/17 8:00,178,17,161
6/27/17 9:00,56,5,51
6/27/17 10:00,31,10,21
6/27/17 11:00,34,17,17
6/27/17 12:00,21,7,14
6/27/17 13:00,26,15,11
6/27/17 14:00,39,23,16
6/27/17 15:00,69,37,32
6/27/17 16:00,131,112,19
6/27/17 17:00,218,187,31
6/27/17 18:00,158,132,26
6/27/17 19:00,62,50,12
6/27/17 20:00,40,26,14
6/27/17 21:00,27,17,10
6/27/17 22:00,9,8,1
6/27/17 23:00,8,6,2
6/28/17 0:00,0,0,0
6/28/17 1:00,2,2,0
6/28/17 2:00,2,1,1
6/28/17 3:00,0,0,0
6/28/17 4:00,6,2,4
6/28/17 5:00,28,3,25
6/28/17 6:00,93,11,82
6/28/17 7:00,169,21,148
6/28/17 8:00,145,8,137
6/28/17 9:00,68,11,57
6/28/17 10:00,29,5,24
6/28/17 11:00,29,11,18
6/28/17 12:00,35,10,25
6/28/17 13:00,21,12,9
6/28/17 14:00,24,15,9
6/28/17 15:00,66,48,18
6/28/17 16:00,120,100,20
6/28/17 17:00,215,181,34
6/28/17 18:00,143,115,28
6/28/17 19:00,76,58,18
6/28/17 20:00,30,25,5
6/28/17 21:00,24,10,14
6/28/17 22:00,5,4,1
6/28/17 23:00,1,1,0
6/29/17 0:00,5,4,1
6/29/17 1:00,1,0,1
6/29/17 2:00,0,0,0
6/29/17 3:00,2,2,0
6/29/17 4:00,12,5,7
6/29/17 5:00,26,8,18
6/29/17 6:00,77,7,70
6/29/17 7:00,183,15,168
6/29/17 8:00,140,14,126
6/29/17 9:00,96,18,78
6/29/17 10:00,34,10,24
6/29/17 11:00,22,10,12
6/29/17 12:00,29,14,15
6/29/17 13:00,49,18,31
6/29/17 14:00,36,25,11
6/29/17 15:00,79,55,24
6/29/17 16:00,119,96,23
6/29/17 17:00,216,190,26
6/29/17 18:00,120,105,15
6/29/17 19:00,82,52,30
6/29/17 20:00,53,29,24
6/29/17 21:00,39,21,18
6/29/17 22:00,9,5,4
6/29/17 23:00,12,5,7
6/30/17 0:00,1,1,0
6/30/17 1:00,2,1,1
6/30/17 2:00,4,2,2
6/30/17 3:00,3,2,1
6/30/17 4:00,8,4,4
6/30/17 5:00,25,4,21
6/30/17 6:00,58,8,50
6/30/17 7:00,140,16,124
6/30/17 8:00,149,17,132
6/30/17 9:00,58,18,40
6/30/17 10:00,28,12,16
6/30/17 11:00,39,14,25
6/30/17 12:00,37,19,18
6/30/17 13:00,42,21,21
6/30/17 14:00,38,25,13
6/30/17 15:00,85,60,25
6/30/17 16:00,127,108,19
6/30/17 17:00,144,121,23
6/30/17 18:00,95,70,25
6/30/17 19:00,47,32,15
6/30/17 20:00,34,23,11
6/30/17 21:00,17,8,9
6/30/17 22:00,7,4,3
6/30/17 23:00,5,4,1
7/1/17 0:00,3,3,0
7/1/17 1:00,1,0,1
7/1/17 2:00,2,1,1
7/1/17 3:00,5,3,2
7/1/17 4:00,2,1,1
7/1/17 5:00,6,1,5
7/1/17 6:00,18,5,13
7/1/17 7:00,22,9,13
7/1/17 8:00,60,34,26
7/1/17 9:00,35,17,18
7/1/17 10:00,56,37,19
7/1/17 11:00,62,33,29
7/1/17 12:00,68,28,40
7/1/17 13:00,61,29,32
7/1/17 14:00,71,35,36
7/1/17 15:00,61,29,32
7/1/17 16:00,56,27,29
7/1/17 17:00,43,22,21
7/1/17 18:00,37,20,17
7/1/17 19:00,17,14,3
7/1/17 20:00,20,13,7
7/1/17 21:00,23,17,6
7/1/17 22:00,5,3,2
7/1/17 23:00,3,2,1
7/2/17 0:00,0,0,0
7/2/17 1:00,5,5,0
7/2/17 2:00,1,0,1
7/2/17 3:00,1,1,0
7/2/17 4:00,3,1,2
7/2/17 5:00,6,3,3
7/2/17 6:00,20,9,11
7/2/17 7:00,24,7,17
7/2/17 8:00,22,6,16
7/2/17 9:00,120,100,20
7/2/17 10:00,174,94,80
7/2/17 11:00,145,27,118
7/2/17 12:00,90,35,55
7/2/17 13:00,70,36,34
7/2/17 14:00,86,55,31
7/2/17 15:00,83,46,37
7/2/17 16:00,73,34,39
7/2/17 17:00,61,27,34
7/2/17 18:00,43,25,18
7/2/17 19:00,31,9,22
7/2/17 20:00,24,16,8
7/2/17 21:00,18,8,10
7/2/17 22:00,7,3,4
7/2/17 23:00,4,4,0
7/3/17 0:00,5,2,3
7/3/17 1:00,1,1,0
7/3/17 2:00,3,2,1
7/3/17 3:00,1,0,1
7/3/17 4:00,6,1,5
7/3/17 5:00,13,3,10
7/3/17 6:00,36,8,28
7/3/17 7:00,83,10,73
7/3/17 8:00,72,12,60
7/3/17 9:00,46,10,36
7/3/17 10:00,29,13,16
7/3/17 11:00,30,11,19
7/3/17 12:00,38,18,20
7/3/17 13:00,48,24,24
7/3/17 14:00,64,47,17
7/3/17 15:00,70,51,19
7/3/17 16:00,100,72,28
7/3/17 17:00,99,68,31
7/3/17 18:00,61,45,16
7/3/17 19:00,38,21,17
7/3/17 20:00,35,17,18
7/3/17 21:00,16,14,2
7/3/17 22:00,7,4,3
7/3/17 23:00,1,1,0
7/4/17 0:00,0,0,0
7/4/17 1:00,3,1,2
7/4/17 2:00,3,1,2
7/4/17 3:00,2,1,1
7/4/17 4:00,2,2,0
7/4/17 5:00,10,1,9
7/4/17 6:00,15,6,9
7/4/17 7:00,21,9,12
7/4/17 8:00,40,9,31
7/4/17 9:00,65,40,25
7/4/17 10:00,103,53,50
7/4/17 11:00,74,37,37
7/4/17 12:00,94,40,54
7/4/17 13:00,108,46,62
7/4/17 14:00,88,54,34
7/4/17 15:00,93,56,37
7/4/17 16:00,68,23,45
7/4/17 17:00,45,22,23
7/4/17 18:00,34,22,12
7/4/17 19:00,35,15,20
7/4/17 20:00,23,14,9
7/4/17 21:00,16,11,5
7/4/17 22:00,7,4,3
7/4/17 23:00,10,7,3
7/5/17 0:00,7,6,1
7/5/17 1:00,2,2,0
7/5/17 2:00,1,0,1
7/5/17 3:00,2,1,1
7/5/17 4:00,9,4,5
7/5/17 5:00,21,5,16
7/5/17 6:00,80,9,71
7/5/17 7:00,145,10,135
7/5/17 8:00,161,15,146
7/5/17 9:00,67,8,59
7/5/17 10:00,29,6,23
7/5/17 11:00,42,22,20
7/5/17 12:00,34,17,17
7/5/17 13:00,41,23,18
7/5/17 14:00,43,24,19
7/5/17 15:00,60,32,28
7/5/17 16:00,124,91,33
7/5/17 17:00,197,172,25
7/5/17 18:00,120,108,12
7/5/17 19:00,56,47,9
7/5/17 20:00,24,15,9
7/5/17 21:00,18,9,9
7/5/17 22:00,9,5,4
7/5/17 23:00,6,4,2
7/6/17 0:00,3,1,2
7/6/17 1:00,2,2,0
7/6/17 2:00,1,0,1
7/6/17 3:00,0,0,0
7/6/17 4:00,10,5,5
7/6/17 5:00,26,3,23
7/6/17 6:00,97,14,83
7/6/17 7:00,211,12,199
7/6/17 8:00,151,13,138
7/6/17 9:00,81,11,70
7/6/17 10:00,33,13,20
7/6/17 11:00,22,10,12
7/6/17 12:00,24,11,13
7/6/17 13:00,41,18,23
7/6/17 14:00,40,26,14
7/6/17 15:00,77,43,34
7/6/17 16:00,129,111,18
7/6/17 17:00,241,208,33
7/6/17 18:00,125,103,22
7/6/17 19:00,83,53,30
7/6/17 20:00,45,29,16
7/6/17 21:00,33,26,7
7/6/17 22:00,14,12,2
7/6/17 23:00,12,8,4
7/7/17 0:00,6,4,2
7/7/17 1:00,2,1,1
7/7/17 2:00,1,0,1
7/7/17 3:00,2,0,2
7/7/17 4:00,7,3,4
7/7/17 5:00,22,6,16
7/7/17 6:00,80,14,66
7/7/17 7:00,161,13,148
7/7/17 8:00,138,15,123
7/7/17 9:00,59,8,51
7/7/17 10:00,28,8,20
7/7/17 11:00,32,11,21
7/7/17 12:00,24,15,9
7/7/17 13:00,49,32,17
7/7/17 14:00,52,34,18
7/7/17 15:00,70,44,26
7/7/17 16:00,146,122,24
7/7/17 17:00,157,128,29
7/7/17 18:00,106,88,18
7/7/17 19:00,60,43,17
7/7/17 20:00,25,17,8
7/7/17 21:00,20,14,6
7/7/17 22:00,19,13,6
7/7/17 23:00,10,4,6
7/8/17 0:00,3,3,0
7/8/17 1:00,1,1,0
7/8/17 2:00,0,0,0
7/8/17 3:00,0,0,0
7/8/17 4:00,1,1,0
7/8/17 5:00,4,1,3
7/8/17 6:00,20,5,15
7/8/17 7:00,34,5,29
7/8/17 8:00,36,15,21
7/8/17 9:00,59,31,28
7/8/17 10:00,62,32,30
7/8/17 11:00,100,51,49
7/8/17 12:00,84,45,39
7/8/17 13:00,95,52,43
7/8/17 14:00,103,54,49
7/8/17 15:00,76,37,39
7/8/17 16:00,67,41,26
7/8/17 17:00,86,49,37
7/8/17 18:00,45,20,25
7/8/17 19:00,43,30,13
7/8/17 20:00,27,13,14
7/8/17 21:00,26,16,10
7/8/17 22:00,18,14,4
7/8/17 23:00,10,2,8
7/9/17 0:00,8,2,6
7/9/17 1:00,4,2,2
7/9/17 2:00,3,1,2
7/9/17 3:00,3,0,3
7/9/17 4:00,2,1,1
7/9/17 5:00,6,1,5
7/9/17 6:00,11,7,4
7/9/17 7:00,27,6,21
7/9/17 8:00,59,22,37
7/9/17 9:00,57,24,33
7/9/17 10:00,66,38,28
7/9/17 11:00,90,64,26
7/9/17 12:00,92,49,43
7/9/17 13:00,100,45,55
7/9/17 14:00,61,24,37
7/9/17 15:00,83,49,34
7/9/17 16:00,68,31,37
7/9/17 17:00,72,35,37
7/9/17 18:00,47,25,22
7/9/17 19:00,27,12,15
7/9/17 20:00,27,12,15
7/9/17 21:00,20,8,12
7/9/17 22:00,12,9,3
7/9/17 23:00,1,1,0
7/10/17 0:00,11,5,6
7/10/17 1:00,4,1,3
7/10/17 2:00,4,3,1
7/10/17 3:00,2,2,0
7/10/17 4:00,9,2,7
7/10/17 5:00,19,4,15
7/10/17 6:00,90,11,79
7/10/17 7:00,175,21,154
7/10/17 8:00,176,15,161
7/10/17 9:00,64,15,49
7/10/17 10:00,31,8,23
7/10/17 11:00,34,18,16
7/10/17 12:00,32,11,21
7/10/17 13:00,28,16,12
7/10/17 14:00,45,21,24
7/10/17 15:00,57,42,15
7/10/17 16:00,123,101,22
7/10/17 17:00,257,222,35
7/10/17 18:00,131,111,20
7/10/17 19:00,53,37,16
7/10/17 20:00,40,25,15
7/10/17 21:00,21,16,5
7/10/17 22:00,3,2,1
7/10/17 23:00,2,2,0
7/11/17 0:00,3,1,2
7/11/17 1:00,2,0,2
7/11/17 2:00,0,0,0
7/11/17 3:00,1,1,0
7/11/17 4:00,12,4,8
7/11/17 5:00,36,7,29
7/11/17 6:00,96,18,78
7/11/17 7:00,193,16,177
7/11/17 8:00,182,15,167
7/11/17 9:00,67,13,54
7/11/17 10:00,27,6,21
7/11/17 11:00,32,16,16
7/11/17 12:00,22,10,12
7/11/17 13:00,37,18,19
7/11/17 14:00,33,23,10
7/11/17 15:00,68,51,17
7/11/17 16:00,122,101,21
7/11/17 17:00,224,196,28
7/11/17 18:00,161,132,29
7/11/17 19:00,62,49,13
7/11/17 20:00,49,34,15
7/11/17 21:00,22,12,10
7/11/17 22:00,9,6,3
7/11/17 23:00,11,9,2
7/12/17 0:00,1,0,1
7/12/17 1:00,1,0,1
7/12/17 2:00,1,0,1
7/12/17 3:00,0,0,0
7/12/17 4:00,6,2,4
7/12/17 5:00,16,4,12
7/12/17 6:00,106,11,95
7/12/17 7:00,205,21,184
7/12/17 8:00,169,11,158
7/12/17 9:00,76,8,68
7/12/17 10:00,36,4,32
7/12/17 11:00,29,13,16
7/12/17 12:00,36,20,16
7/12/17 13:00,36,16,20
7/12/17 14:00,42,25,17
7/12/17 15:00,69,49,20
7/12/17 16:00,132,114,18
7/12/17 17:00,229,195,34
7/12/17 18:00,151,129,22
7/12/17 19:00,66,47,19
7/12/17 20:00,53,32,21
7/12/17 21:00,31,20,11
7/12/17 22:00,9,3,6
7/12/17 23:00,6,3,3
7/13/17 0:00,5,4,1
7/13/17 1:00,5,5,0
7/13/17 2:00,2,2,0
7/13/17 3:00,3,0,3
7/13/17 4:00,10,4,6
7/13/17 5:00,33,4,29
7/13/17 6:00,83,14,69
7/13/17 7:00,177,13,164
7/13/17 8:00,155,10,145
7/13/17 9:00,58,13,45
7/13/17 10:00,40,6,34
7/13/17 11:00,21,4,17
7/13/17 12:00,25,10,15
7/13/17 13:00,32,11,21
7/13/17 14:00,49,35,14
7/13/17 15:00,57,43,14
7/13/17 16:00,114,98,16
7/13/17 17:00,180,162,18
7/13/17 18:00,135,116,19
7/13/17 19:00,76,59,17
7/13/17 20:00,36,24,12
7/13/17 21:00,23,14,9
7/13/17 22:00,8,7,1
7/13/17 23:00,4,3,1
7/14/17 0:00,3,2,1
7/14/17 1:00,4,3,1
7/14/17 2:00,5,4,1
7/14/17 3:00,2,1,1
7/14/17 4:00,4,2,2
7/14/17 5:00,27,5,22
7/14/17 6:00,63,7,56
7/14/17 7:00,139,13,126
7/14/17 8:00,133,26,107
7/14/17 9:00,59,6,53
7/14/17 10:00,43,18,25
7/14/17 11:00,33,11,22
7/14/17 12:00,35,18,17
7/14/17 13:00,45,30,15
7/14/17 14:00,59,36,23
7/14/17 15:00,71,50,21
7/14/17 16:00,127,106,21
7/14/17 17:00,155,133,22
7/14/17 18:00,107,85,22
7/14/17 19:00,41,33,8
7/14/17 20:00,21,14,7
7/14/17 21:00,18,9,9
7/14/17 22:00,8,6,2
7/14/17 23:00,9,4,5
7/15/17 0:00,2,1,1
7/15/17 1:00,1,1,0
7/15/17 2:00,2,0,2
7/15/17 3:00,3,1,2
7/15/17 4:00,4,1,3
7/15/17 5:00,8,1,7
7/15/17 6:00,18,6,12
7/15/17 7:00,23,12,11
7/15/17 8:00,44,23,21
7/15/17 9:00,49,24,25
7/15/17 10:00,37,16,21
7/15/17 11:00,71,42,29
7/15/17 12:00,82,37,45
7/15/17 13:00,78,39,39
7/15/17 14:00,75,33,42
7/15/17 15:00,75,41,34
7/15/17 16:00,74,37,37
7/15/17 17:00,49,31,18
7/15/17 18:00,41,22,19
7/15/17 19:00,45,24,21
7/15/17 20:00,33,12,21
7/15/17 21:00,7,4,3
7/15/17 22:00,12,7,5
7/15/17 23:00,8,3,5
7/16/17 0:00,8,2,6
7/16/17 1:00,3,2,1
7/16/17 2:00,1,1,0
7/16/17 3:00,5,3,2
7/16/17 4:00,1,1,0
7/16/17 5:00,5,0,5
7/16/17 6:00,7,0,7
7/16/17 7:00,20,8,12
7/16/17 8:00,26,11,15
7/16/17 9:00,36,16,20
7/16/17 10:00,48,26,22
7/16/17 11:00,59,25,34
7/16/17 12:00,81,56,25
7/16/17 13:00,83,25,58
7/16/17 14:00,66,40,26
7/16/17 15:00,53,26,27
7/16/17 16:00,69,34,35
7/16/17 17:00,43,25,18
7/16/17 18:00,35,22,13
7/16/17 19:00,28,15,13
7/16/17 20:00,25,13,12
7/16/17 21:00,13,5,8
7/16/17 22:00,2,2,0
7/16/17 23:00,3,2,1
7/17/17 0:00,0,0,0
7/17/17 1:00,0,0,0
7/17/17 2:00,2,1,1
7/17/17 3:00,5,2,3
7/17/17 4:00,4,1,3
7/17/17 5:00,32,10,22
7/17/17 6:00,88,14,74
7/17/17 7:00,184,13,171
7/17/17 8:00,144,16,128
7/17/17 9:00,61,10,51
7/17/17 10:00,27,10,17
7/17/17 11:00,32,10,22
7/17/17 12:00,37,18,19
7/17/17 13:00,21,11,10
7/17/17 14:00,21,10,11
7/17/17 15:00,63,36,27
7/17/17 16:00,135,103,32
7/17/17 17:00,186,171,15
7/17/17 18:00,119,108,11
7/17/17 19:00,56,39,17
7/17/17 20:00,39,28,11
7/17/17 21:00,19,8,11
7/17/17 22:00,5,4,1
7/17/17 23:00,8,1,7
7/18/17 0:00,1,1,0
7/18/17 1:00,2,2,0
7/18/17 2:00,2,2,0
7/18/17 3:00,9,5,4
7/18/17 4:00,10,4,6
7/18/17 5:00,28,2,26
7/18/17 6:00,84,11,73
7/18/17 7:00,192,25,167
7/18/17 8:00,183,17,166
7/18/17 9:00,82,13,69
7/18/17 10:00,39,15,24
7/18/17 11:00,26,11,15
7/18/17 12:00,26,11,15
7/18/17 13:00,47,28,19
7/18/17 14:00,27,14,13
7/18/17 15:00,88,69,19
7/18/17 16:00,143,127,16
7/18/17 17:00,242,207,35
7/18/17 18:00,153,121,32
7/18/17 19:00,65,53,12
7/18/17 20:00,43,31,12
7/18/17 21:00,26,16,10
7/18/17 22:00,22,13,9
7/18/17 23:00,6,4,2
7/19/17 0:00,3,3,0
7/19/17 1:00,0,0,0
7/19/17 2:00,2,1,1
7/19/17 3:00,1,1,0
7/19/17 4:00,12,4,8
7/19/17 5:00,30,6,24
7/19/17 6:00,87,11,76
7/19/17 7:00,169,13,156
7/19/17 8:00,156,16,140
7/19/17 9:00,65,4,61
7/19/17 10:00,32,9,23
7/19/17 11:00,24,11,13
7/19/17 12:00,27,10,17
7/19/17 13:00,33,17,16
7/19/17 14:00,33,21,12
7/19/17 15:00,83,62,21
7/19/17 16:00,129,109,20
7/19/17 17:00,208,177,31
7/19/17 18:00,130,104,26
7/19/17 19:00,69,57,12
7/19/17 20:00,43,28,15
7/19/17 21:00,20,9,11
7/19/17 22:00,14,10,4
7/19/17 23:00,9,5,4
7/20/17 0:00,3,1,2
7/20/17 1:00,3,2,1
7/20/17 2:00,0,0,0
7/20/17 3:00,1,0,1
7/20/17 4:00,7,3,4
7/20/17 5:00,33,6,27
7/20/17 6:00,73,12,61
7/20/17 7:00,164,14,150
7/20/17 8:00,153,14,139
7/20/17 9:00,60,9,51
7/20/17 10:00,17,4,13
7/20/17 11:00,22,8,14
7/20/17 12:00,30,9,21
7/20/17 13:00,32,13,19
7/20/17 14:00,47,26,21
7/20/17 15:00,48,36,12
7/20/17 16:00,115,92,23
7/20/17 17:00,192,164,28
7/20/17 18:00,109,92,17
7/20/17 19:00,65,54,11
7/20/17 20:00,27,23,4
7/20/17 21:00,21,16,5
7/20/17 22:00,25,19,6
7/20/17 23:00,12,10,2
7/21/17 0:00,3,0,3
7/21/17 1:00,3,3,0
7/21/17 2:00,3,2,1
7/21/17 3:00,0,0,0
7/21/17 4:00,7,3,4
7/21/17 5:00,28,7,21
7/21/17 6:00,60,13,47
7/21/17 7:00,138,18,120
7/21/17 8:00,108,11,97
7/21/17 9:00,72,18,54
7/21/17 10:00,45,17,28
7/21/17 11:00,36,24,12
7/21/17 12:00,44,16,28
7/21/17 13:00,35,15,20
7/21/17 14:00,56,30,26
7/21/17 15:00,86,57,29
7/21/17 16:00,106,87,19
7/21/17 17:00,151,130,21
7/21/17 18:00,100,81,19
7/21/17 19:00,44,37,7
7/21/17 20:00,37,18,19
7/21/17 21:00,18,15,3
7/21/17 22:00,10,6,4
7/21/17 23:00,16,7,9
7/22/17 0:00,8,4,4
7/22/17 1:00,5,4,1
7/22/17 2:00,4,4,0
7/22/17 3:00,5,4,1
7/22/17 4:00,3,3,0
7/22/17 5:00,8,3,5
7/22/17 6:00,25,10,15
7/22/17 7:00,40,12,28
7/22/17 8:00,37,18,19
7/22/17 9:00,47,22,25
7/22/17 10:00,69,43,26
7/22/17 11:00,37,23,14
7/22/17 12:00,96,43,53
7/22/17 13:00,63,29,34
7/22/17 14:00,66,34,32
7/22/17 15:00,55,26,29
7/22/17 16:00,51,25,26
7/22/17 17:00,37,26,11
7/22/17 18:00,54,25,29
7/22/17 19:00,29,15,14
7/22/17 20:00,22,8,14
7/22/17 21:00,16,10,6
7/22/17 22:00,14,7,7
7/22/17 23:00,8,6,2
7/23/17 0:00,7,5,2
7/23/17 1:00,5,3,2
7/23/17 2:00,2,1,1
7/23/17 3:00,1,1,0
7/23/17 4:00,2,1,1
7/23/17 5:00,3,0,3
7/23/17 6:00,8,2,6
7/23/17 7:00,17,6,11
7/23/17 8:00,45,12,33
7/23/17 9:00,43,16,27
7/23/17 10:00,50,36,14
7/23/17 11:00,93,54,39
7/23/17 12:00,57,30,27
7/23/17 13:00,95,52,43
7/23/17 14:00,70,35,35
7/23/17 15:00,64,37,27
7/23/17 16:00,54,27,27
7/23/17 17:00,58,22,36
7/23/17 18:00,53,28,25
7/23/17 19:00,15,8,7
7/23/17 20:00,21,7,14
7/23/17 21:00,18,11,7
7/23/17 22:00,12,11,1
7/23/17 23:00,5,4,1
7/24/17 0:00,6,2,4
7/24/17 1:00,2,1,1
7/24/17 2:00,0,0,0
7/24/17 3:00,1,1,0
7/24/17 4:00,11,2,9
7/24/17 5:00,31,7,24
7/24/17 6:00,88,16,72
7/24/17 7:00,170,23,147
7/24/17 8:00,153,14,139
7/24/17 9:00,67,10,57
7/24/17 10:00,35,4,31
7/24/17 11:00,29,15,14
7/24/17 12:00,27,14,13
7/24/17 13:00,31,20,11
7/24/17 14:00,33,18,15
7/24/17 15:00,63,43,20
7/24/17 16:00,122,107,15
7/24/17 17:00,228,198,30
7/24/17 18:00,117,95,22
7/24/17 19:00,64,42,22
7/24/17 20:00,32,26,6
7/24/17 21:00,16,12,4
7/24/17 22:00,6,3,3
7/24/17 23:00,8,4,4
7/25/17 0:00,1,1,0
7/25/17 1:00,0,0,0
7/25/17 2:00,3,2,1
7/25/17 3:00,1,0,1
7/25/17 4:00,6,2,4
7/25/17 5:00,35,7,28
7/25/17 6:00,95,14,81
7/25/17 7:00,213,22,191
7/25/17 8:00,154,14,140
7/25/17 9:00,72,10,62
7/25/17 10:00,36,12,24
7/25/17 11:00,37,16,21
7/25/17 12:00,31,10,21
7/25/17 13:00,20,5,15
7/25/17 14:00,30,18,12
7/25/17 15:00,64,40,24
7/25/17 16:00,137,116,21
7/25/17 17:00,226,190,36
7/25/17 18:00,166,130,36
7/25/17 19:00,58,42,16
7/25/17 20:00,41,26,15
7/25/17 21:00,17,9,8
7/25/17 22:00,13,8,5
7/25/17 23:00,11,11,0
7/26/17 0:00,4,3,1
7/26/17 1:00,0,0,0
7/26/17 2:00,0,0,0
7/26/17 3:00,1,1,0
7/26/17 4:00,6,1,5
7/26/17 5:00,26,8,18
7/26/17 6:00,83,15,68
7/26/17 7:00,188,22,166
7/26/17 8:00,164,17,147
7/26/17 9:00,71,11,60
7/26/17 10:00,40,9,31
7/26/17 11:00,23,9,14
7/26/17 12:00,32,18,14
7/26/17 13:00,40,20,20
7/26/17 14:00,42,30,12
7/26/17 15:00,50,33,17
7/26/17 16:00,118,98,20
7/26/17 17:00,221,198,23
7/26/17 18:00,152,127,25
7/26/17 19:00,51,42,9
7/26/17 20:00,36,20,16
7/26/17 21:00,13,9,4
7/26/17 22:00,8,5,3
7/26/17 23:00,8,5,3
7/27/17 0:00,4,2,2
7/27/17 1:00,1,1,0
7/27/17 2:00,1,1,0
7/27/17 3:00,1,1,0
7/27/17 4:00,5,2,3
7/27/17 5:00,37,9,28
7/27/17 6:00,77,11,66
7/27/17 7:00,152,10,142
7/27/17 8:00,148,17,131
7/27/17 9:00,51,5,46
7/27/17 10:00,27,5,22
7/27/17 11:00,15,6,9
7/27/17 12:00,22,6,16
7/27/17 13:00,20,9,11
7/27/17 14:00,40,25,15
7/27/17 15:00,49,34,15
7/27/17 16:00,128,99,29
7/27/17 17:00,186,158,28
7/27/17 18:00,133,105,28
7/27/17 19:00,62,47,15
7/27/17 20:00,37,29,8
7/27/17 21:00,23,17,6
7/27/17 22:00,9,8,1
7/27/17 23:00,8,4,4
7/28/17 0:00,4,3,1
7/28/17 1:00,1,1,0
7/28/17 2:00,2,1,1
7/28/17 3:00,3,3,0
7/28/17 4:00,6,2,4
7/28/17 5:00,23,4,19
7/28/17 6:00,50,9,41
7/28/17 7:00,133,15,118
7/28/17 8:00,121,14,107
7/28/17 9:00,59,8,51
7/28/17 10:00,24,7,17
7/28/17 11:00,30,10,20
7/28/17 12:00,23,7,16
7/28/17 13:00,30,20,10
7/28/17 14:00,50,28,22
7/28/17 15:00,68,48,20
7/28/17 16:00,129,101,28
7/28/17 17:00,137,121,16
7/28/17 18:00,88,72,16
7/28/17 19:00,74,49,25
7/28/17 20:00,36,23,13
7/28/17 21:00,29,9,20
7/28/17 22:00,17,8,9
7/28/17 23:00,22,18,4
7/29/17 0:00,3,1,2
7/29/17 1:00,2,2,0
7/29/17 2:00,7,5,2
7/29/17 3:00,6,4,2
7/29/17 4:00,6,3,3
7/29/17 5:00,11,2,9
7/29/17 6:00,15,3,12
7/29/17 7:00,15,6,9
7/29/17 8:00,41,12,29
7/29/17 9:00,51,29,22
7/29/17 10:00,88,57,31
7/29/17 11:00,53,29,24
7/29/17 12:00,91,37,54
7/29/17 13:00,82,44,38
7/29/17 14:00,73,35,38
7/29/17 15:00,92,59,33
7/29/17 16:00,82,49,33
7/29/17 17:00,54,25,29
7/29/17 18:00,42,20,22
7/29/17 19:00,26,6,20
7/29/17 20:00,23,15,8
7/29/17 21:00,17,14,3
7/29/17 22:00,9,5,4
7/29/17 23:00,9,6,3
7/30/17 0:00,4,1,3
7/30/17 1:00,2,1,1
7/30/17 2:00,0,0,0
7/30/17 3:00,1,0,1
7/30/17 4:00,1,1,0
7/30/17 5:00,7,2,5
7/30/17 6:00,5,1,4
7/30/17 7:00,14,4,10
7/30/17 8:00,26,9,17
7/30/17 9:00,35,23,12
7/30/17 10:00,61,43,18
7/30/17 11:00,75,41,34
7/30/17 12:00,67,41,26
7/30/17 13:00,79,41,38
7/30/17 14:00,108,47,61
7/30/17 15:00,71,39,32
7/30/17 16:00,73,33,40
7/30/17 17:00,41,26,15
7/30/17 18:00,31,19,12
7/30/17 19:00,29,17,12
7/30/17 20:00,26,10,16
7/30/17 21:00,12,5,7
7/30/17 22:00,18,8,10
7/30/17 23:00,1,0,1
7/31/17 0:00,3,0,3
7/31/17 1:00,1,1,0
7/31/17 2:00,1,0,1
7/31/17 3:00,1,1,0
7/31/17 4:00,6,2,4
7/31/17 5:00,19,6,13
7/31/17 6:00,83,14,69
7/31/17 7:00,181,14,167
7/31/17 8:00,185,20,165
7/31/17 9:00,55,5,50
7/31/17 10:00,33,7,26
7/31/17 11:00,40,11,29
7/31/17 12:00,32,17,15
7/31/17 13:00,27,9,18
7/31/17 14:00,30,19,11
7/31/17 15:00,77,52,25
7/31/17 16:00,126,99,27
7/31/17 17:00,223,198,25
7/31/17 18:00,164,138,26
7/31/17 19:00,65,54,11
7/31/17 20:00,29,18,11
7/31/17 21:00,14,10,4
7/31/17 22:00,8,6,2
7/31/17 23:00,3,0,3
8/1/17 0:00,5,5,0
8/1/17 1:00,3,2,1
8/1/17 2:00,2,1,1
8/1/17 3:00,2,2,0
8/1/17 4:00,11,2,9
8/1/17 5:00,28,5,23
8/1/17 6:00,105,13,92
8/1/17 7:00,219,19,200
8/1/17 8:00,164,18,146
8/1/17 9:00,74,13,61
8/1/17 10:00,34,8,26
8/1/17 11:00,24,15,9
8/1/17 12:00,33,16,17
8/1/17 13:00,25,11,14
8/1/17 14:00,31,15,16
8/1/17 15:00,62,46,16
8/1/17 16:00,153,130,23
8/1/17 17:00,222,196,26
8/1/17 18:00,133,113,20
8/1/17 19:00,57,48,9
8/1/17 20:00,36,25,11
8/1/17 21:00,17,11,6
8/1/17 22:00,13,8,5
8/1/17 23:00,4,1,3
8/2/17 0:00,2,2,0
8/2/17 1:00,6,4,2
8/2/17 2:00,3,2,1
8/2/17 3:00,0,0,0
8/2/17 4:00,7,2,5
8/2/17 5:00,31,5,26
8/2/17 6:00,94,14,80
8/2/17 7:00,176,17,159
8/2/17 8:00,157,12,145
8/2/17 9:00,66,8,58
8/2/17 10:00,34,7,27
8/2/17 11:00,25,12,13
8/2/17 12:00,26,13,13
8/2/17 13:00,32,15,17
8/2/17 14:00,29,21,8
8/2/17 15:00,62,46,16
8/2/17 16:00,119,101,18
8/2/17 17:00,195,174,21
8/2/17 18:00,125,114,11
8/2/17 19:00,56,42,14
8/2/17 20:00,47,29,18
8/2/17 21:00,21,13,8
8/2/17 22:00,19,8,11
8/2/17 23:00,4,2,2
8/3/17 0:00,3,2,1
8/3/17 1:00,0,0,0
8/3/17 2:00,4,4,0
8/3/17 3:00,0,0,0
8/3/17 4:00,7,1,6
8/3/17 5:00,31,3,28
8/3/17 6:00,75,13,62
8/3/17 7:00,164,11,153
8/3/17 8:00,125,13,112
8/3/17 9:00,53,5,48
8/3/17 10:00,30,6,24
8/3/17 11:00,20,10,10
8/3/17 12:00,25,14,11
8/3/17 13:00,19,8,11
8/3/17 14:00,25,17,8
8/3/17 15:00,58,41,17
8/3/17 16:00,91,73,18
8/3/17 17:00,175,158,17
8/3/17 18:00,112,97,15
8/3/17 19:00,51,38,13
8/3/17 20:00,32,22,10
8/3/17 21:00,14,7,7
8/3/17 22:00,14,11,3
8/3/17 23:00,9,3,6
8/4/17 0:00,7,5,2
8/4/17 1:00,4,3,1
8/4/17 2:00,4,4,0
8/4/17 3:00,5,3,2
8/4/17 4:00,9,4,5
8/4/17 5:00,17,4,13
8/4/17 6:00,58,14,44
8/4/17 7:00,135,21,114
8/4/17 8:00,97,14,83
8/4/17 9:00,46,9,37
8/4/17 10:00,24,7,17
8/4/17 11:00,21,5,16
8/4/17 12:00,28,11,17
8/4/17 13:00,36,27,9
8/4/17 14:00,34,21,13
8/4/17 15:00,55,35,20
8/4/17 16:00,91,75,16
8/4/17 17:00,107,92,15
8/4/17 18:00,74,59,15
8/4/17 19:00,32,25,7
8/4/17 20:00,25,14,11
8/4/17 21:00,10,7,3
8/4/17 22:00,7,4,3
8/4/17 23:00,5,2,3
8/5/17 0:00,3,2,1
8/5/17 1:00,2,1,1
8/5/17 2:00,3,3,0
8/5/17 3:00,2,2,0
8/5/17 4:00,2,1,1
8/5/17 5:00,6,1,5
8/5/17 6:00,10,4,6
8/5/17 7:00,17,6,11
8/5/17 8:00,39,20,19
8/5/17 9:00,43,20,23
8/5/17 10:00,44,17,27
8/5/17 11:00,49,25,24
8/5/17 12:00,75,26,49
8/5/17 13:00,59,24,35
8/5/17 14:00,60,26,34
8/5/17 15:00,66,30,36
8/5/17 16:00,79,22,57
8/5/17 17:00,35,14,21
8/5/17 18:00,45,30,15
8/5/17 19:00,27,13,14
8/5/17 20:00,16,11,5
8/5/17 21:00,15,9,6
8/5/17 22:00,10,9,1
8/5/17 23:00,19,15,4
8/6/17 0:00,14,12,2
8/6/17 1:00,22,19,3
8/6/17 2:00,2,2,0
8/6/17 3:00,3,2,1
8/6/17 4:00,2,1,1
8/6/17 5:00,8,1,7
8/6/17 6:00,13,8,5
8/6/17 7:00,14,4,10
8/6/17 8:00,43,22,21
8/6/17 9:00,39,22,17
8/6/17 10:00,67,32,35
8/6/17 11:00,64,34,30
8/6/17 12:00,70,26,44
8/6/17 13:00,75,37,38
8/6/17 14:00,78,31,47
8/6/17 15:00,55,29,26
8/6/17 16:00,38,22,16
8/6/17 17:00,33,19,14
8/6/17 18:00,29,17,12
8/6/17 19:00,18,12,6
8/6/17 20:00,18,12,6
8/6/17 21:00,9,5,4
8/6/17 22:00,5,3,2
8/6/17 23:00,3,2,1
8/7/17 0:00,5,1,4
8/7/17 1:00,5,5,0
8/7/17 2:00,2,0,2
8/7/17 3:00,2,1,1
8/7/17 4:00,8,1,7
8/7/17 5:00,32,3,29
8/7/17 6:00,84,11,73
8/7/17 7:00,182,16,166
8/7/17 8:00,181,16,165
8/7/17 9:00,66,10,56
8/7/17 10:00,24,4,20
8/7/17 11:00,23,8,15
8/7/17 12:00,31,13,18
8/7/17 13:00,25,13,12
8/7/17 14:00,29,19,10
8/7/17 15:00,64,47,17
8/7/17 16:00,139,115,24
8/7/17 17:00,219,198,21
8/7/17 18:00,120,101,19
8/7/17 19:00,63,46,17
8/7/17 20:00,25,17,8
8/7/17 21:00,10,9,1
8/7/17 22:00,8,3,5
8/7/17 23:00,3,3,0
8/8/17 0:00,2,0,2
8/8/17 1:00,2,1,1
8/8/17 2:00,4,3,1
8/8/17 3:00,2,1,1
8/8/17 4:00,9,3,6
8/8/17 5:00,34,8,26
8/8/17 6:00,91,11,80
8/8/17 7:00,190,30,160
8/8/17 8:00,169,18,151
8/8/17 9:00,64,8,56
8/8/17 10:00,58,20,38
8/8/17 11:00,21,8,13
8/8/17 12:00,36,16,20
8/8/17 13:00,39,16,23
8/8/17 14:00,35,18,17
8/8/17 15:00,64,48,16
8/8/17 16:00,138,107,31
8/8/17 17:00,219,196,23
8/8/17 18:00,125,103,22
8/8/17 19:00,70,51,19
8/8/17 20:00,33,22,11
8/8/17 21:00,20,10,10
8/8/17 22:00,11,6,5
8/8/17 23:00,9,6,3
8/9/17 0:00,4,4,0
8/9/17 1:00,2,1,1
8/9/17 2:00,11,6,5
8/9/17 3:00,6,2,4
8/9/17 4:00,3,1,2
8/9/17 5:00,27,4,23
8/9/17 6:00,90,17,73
8/9/17 7:00,201,16,185
8/9/17 8:00,147,16,131
8/9/17 9:00,66,5,61
8/9/17 10:00,39,11,28
8/9/17 11:00,23,13,10
8/9/17 12:00,34,15,19
8/9/17 13:00,28,12,16
8/9/17 14:00,36,20,16
8/9/17 15:00,52,39,13
8/9/17 16:00,121,94,27
8/9/17 17:00,195,171,24
8/9/17 18:00,151,125,26
8/9/17 19:00,67,56,11
8/9/17 20:00,36,25,11
8/9/17 21:00,25,12,13
8/9/17 22:00,14,10,4
8/9/17 23:00,10,10,0
8/10/17 0:00,6,4,2
8/10/17 1:00,2,1,1
8/10/17 2:00,3,2,1
8/10/17 3:00,4,3,1
8/10/17 4:00,8,5,3
8/10/17 5:00,36,8,28
8/10/17 6:00,70,13,57
8/10/17 7:00,189,16,173
8/10/17 8:00,131,14,117
8/10/17 9:00,62,12,50
8/10/17 10:00,28,5,23
8/10/17 11:00,20,5,15
8/10/17 12:00,28,10,18
8/10/17 13:00,30,16,14
8/10/17 14:00,34,19,15
8/10/17 15:00,74,52,22
8/10/17 16:00,115,94,21
8/10/17 17:00,202,179,23
8/10/17 18:00,119,98,21
8/10/17 19:00,56,47,9
8/10/17 20:00,30,19,11
8/10/17 21:00,21,12,9
8/10/17 22:00,15,13,2
8/10/17 23:00,6,4,2
8/11/17 0:00,6,5,1
8/11/17 1:00,4,2,2
8/11/17 2:00,2,2,0
8/11/17 3:00,4,0,4
8/11/17 4:00,6,4,2
8/11/17 5:00,22,3,19
8/11/17 6:00,61,13,48
8/11/17 7:00,145,16,129
8/11/17 8:00,131,19,112
8/11/17 9:00,51,11,40
8/11/17 10:00,36,15,21
8/11/17 11:00,38,14,24
8/11/17 12:00,30,17,13
8/11/17 13:00,46,26,20
8/11/17 14:00,50,28,22
8/11/17 15:00,68,45,23
8/11/17 16:00,115,93,22
8/11/17 17:00,171,144,27
8/11/17 18:00,84,70,14
8/11/17 19:00,51,40,11
8/11/17 20:00,28,19,9
8/11/17 21:00,23,13,10
8/11/17 22:00,18,9,9
8/11/17 23:00,10,6,4
8/12/17 0:00,10,4,6
8/12/17 1:00,5,4,1
8/12/17 2:00,4,2,2
8/12/17 3:00,5,3,2
8/12/17 4:00,4,2,2
8/12/17 5:00,4,1,3
8/12/17 6:00,9,2,7
8/12/17 7:00,21,6,15
8/12/17 8:00,39,19,20
8/12/17 9:00,28,12,16
8/12/17 10:00,59,30,29
8/12/17 11:00,55,17,38
8/12/17 12:00,59,26,33
8/12/17 13:00,59,32,27
8/12/17 14:00,56,27,29
8/12/17 15:00,63,41,22
8/12/17 16:00,52,26,26
8/12/17 17:00,70,46,24
8/12/17 18:00,42,23,19
8/12/17 19:00,18,12,6
8/12/17 20:00,19,7,12
8/12/17 21:00,11,5,6
8/12/17 22:00,6,2,4
8/12/17 23:00,4,4,0
8/13/17 0:00,1,0,1
8/13/17 1:00,6,2,4
8/13/17 2:00,0,0,0
8/13/17 3:00,2,1,1
8/13/17 4:00,1,1,0
8/13/17 5:00,6,0,6
8/13/17 6:00,5,2,3
8/13/17 7:00,10,3,7
8/13/17 8:00,19,6,13
8/13/17 9:00,31,13,18
8/13/17 10:00,63,34,29
8/13/17 11:00,82,16,66
8/13/17 12:00,101,24,77
8/13/17 13:00,53,26,27
8/13/17 14:00,44,17,27
8/13/17 15:00,46,23,23
8/13/17 16:00,44,28,16
8/13/17 17:00,30,16,14
8/13/17 18:00,27,13,14
8/13/17 19:00,11,8,3
8/13/17 20:00,14,9,5
8/13/17 21:00,10,4,6
8/13/17 22:00,9,5,4
8/13/17 23:00,6,3,3
8/14/17 0:00,4,1,3
8/14/17 1:00,2,0,2
8/14/17 2:00,1,0,1
8/14/17 3:00,3,1,2
8/14/17 4:00,7,3,4
8/14/17 5:00,27,4,23
8/14/17 6:00,78,12,66
8/14/17 7:00,158,21,137
8/14/17 8:00,149,20,129
8/14/17 9:00,71,5,66
8/14/17 10:00,33,12,21
8/14/17 11:00,27,12,15
8/14/17 12:00,19,10,9
8/14/17 13:00,33,17,16
8/14/17 14:00,36,24,12
8/14/17 15:00,60,45,15
8/14/17 16:00,134,107,27
8/14/17 17:00,194,172,22
8/14/17 18:00,126,105,21
8/14/17 19:00,47,38,9
8/14/17 20:00,22,18,4
8/14/17 21:00,21,13,8
8/14/17 22:00,7,4,3
8/14/17 23:00,6,5,1
8/15/17 0:00,2,1,1
8/15/17 1:00,1,1,0
8/15/17 2:00,0,0,0
8/15/17 3:00,5,4,1
8/15/17 4:00,6,1,5
8/15/17 5:00,35,3,32
8/15/17 6:00,83,9,74
8/15/17 7:00,193,23,170
8/15/17 8:00,154,9,145
8/15/17 9:00,68,12,56
8/15/17 10:00,29,8,21
8/15/17 11:00,35,15,20
8/15/17 12:00,34,18,16
8/15/17 13:00,24,8,16
8/15/17 14:00,35,20,15
8/15/17 15:00,70,47,23
8/15/17 16:00,124,98,26
8/15/17 17:00,201,178,23
8/15/17 18:00,159,138,21
8/15/17 19:00,69,52,17
8/15/17 20:00,32,20,12
8/15/17 21:00,18,14,4
8/15/17 22:00,18,12,6
8/15/17 23:00,5,3,2
8/16/17 0:00,3,3,0
8/16/17 1:00,1,1,0
8/16/17 2:00,1,1,0
8/16/17 3:00,4,3,1
8/16/17 4:00,6,2,4
8/16/17 5:00,29,2,27
8/16/17 6:00,83,7,76
8/16/17 7:00,92,17,75
8/16/17 8:00,224,21,203
8/16/17 9:00,67,11,56
8/16/17 10:00,36,6,30
8/16/17 11:00,35,7,28
8/16/17 12:00,26,15,11
8/16/17 13:00,40,20,20
8/16/17 14:00,41,23,18
8/16/17 15:00,64,49,15
8/16/17 16:00,138,107,31
8/16/17 17:00,212,182,30
8/16/17 18:00,135,112,23
8/16/17 19:00,77,57,20
8/16/17 20:00,45,34,11
8/16/17 21:00,35,22,13
8/16/17 22:00,4,1,3
8/16/17 23:00,9,5,4
8/17/17 0:00,2,0,2
8/17/17 1:00,4,3,1
8/17/17 2:00,4,2,2
8/17/17 3:00,3,2,1
8/17/17 4:00,4,1,3
8/17/17 5:00,33,5,28
8/17/17 6:00,89,10,79
8/17/17 7:00,161,17,144
8/17/17 8:00,138,14,124
8/17/17 9:00,56,6,50
8/17/17 10:00,24,6,18
8/17/17 11:00,20,5,15
8/17/17 12:00,27,15,12
8/17/17 13:00,40,17,23
8/17/17 14:00,40,27,13
8/17/17 15:00,59,41,18
8/17/17 16:00,121,100,21
8/17/17 17:00,193,171,22
8/17/17 18:00,129,114,15
8/17/17 19:00,58,40,18
8/17/17 20:00,32,21,11
8/17/17 21:00,15,9,6
8/17/17 22:00,9,5,4
8/17/17 23:00,11,3,8
8/18/17 0:00,6,4,2
8/18/17 1:00,5,2,3
8/18/17 2:00,3,3,0
8/18/17 3:00,0,0,0
8/18/17 4:00,3,1,2
8/18/17 5:00,23,4,19
8/18/17 6:00,55,5,50
8/18/17 7:00,116,14,102
8/18/17 8:00,135,10,125
8/18/17 9:00,42,4,38
8/18/17 10:00,26,10,16
8/18/17 11:00,20,5,15
8/18/17 12:00,29,14,15
8/18/17 13:00,40,18,22
8/18/17 14:00,49,32,17
8/18/17 15:00,68,45,23
8/18/17 16:00,106,90,16
8/18/17 17:00,136,119,17
8/18/17 18:00,79,68,11
8/18/17 19:00,44,28,16
8/18/17 20:00,15,10,5
8/18/17 21:00,15,12,3
8/18/17 22:00,13,9,4
8/18/17 23:00,9,7,2
8/19/17 0:00,6,5,1
8/19/17 1:00,3,1,2
8/19/17 2:00,1,1,0
8/19/17 3:00,3,2,1
8/19/17 4:00,1,1,0
8/19/17 5:00,3,0,3
8/19/17 6:00,10,4,6
8/19/17 7:00,22,6,16
8/19/17 8:00,42,17,25
8/19/17 9:00,37,21,16
8/19/17 10:00,44,20,24
8/19/17 11:00,63,35,28
8/19/17 12:00,50,29,21
8/19/17 13:00,62,24,38
8/19/17 14:00,53,25,28
8/19/17 15:00,38,24,14
8/19/17 16:00,49,23,26
8/19/17 17:00,60,37,23
8/19/17 18:00,36,25,11
8/19/17 19:00,27,19,8
8/19/17 20:00,16,9,7
8/19/17 21:00,17,6,11
8/19/17 22:00,18,4,14
8/19/17 23:00,4,4,0
8/20/17 0:00,6,4,2
8/20/17 1:00,8,4,4
8/20/17 2:00,3,3,0
8/20/17 3:00,2,1,1
8/20/17 4:00,4,3,1
8/20/17 5:00,6,1,5
8/20/17 6:00,7,2,5
8/20/17 7:00,10,3,7
8/20/17 8:00,30,11,19
8/20/17 9:00,35,17,18
8/20/17 10:00,35,16,19
8/20/17 11:00,37,23,14
8/20/17 12:00,57,35,22
8/20/17 13:00,75,37,38
8/20/17 14:00,48,26,22
8/20/17 15:00,41,23,18
8/20/17 16:00,62,29,33
8/20/17 17:00,38,18,20
8/20/17 18:00,35,13,22
8/20/17 19:00,19,12,7
8/20/17 20:00,16,15,1
8/20/17 21:00,21,17,4
8/20/17 22:00,5,4,1
8/20/17 23:00,5,2,3
8/21/17 0:00,6,2,4
8/21/17 1:00,1,0,1
8/21/17 2:00,1,1,0
8/21/17 3:00,4,3,1
8/21/17 4:00,5,2,3
8/21/17 5:00,34,3,31
8/21/17 6:00,66,10,56
8/21/17 7:00,137,12,125
8/21/17 8:00,111,16,95
8/21/17 9:00,45,5,40
8/21/17 10:00,32,9,23
8/21/17 11:00,27,8,19
8/21/17 12:00,24,11,13
8/21/17 13:00,30,12,18
8/21/17 14:00,40,22,18
8/21/17 15:00,57,42,15
8/21/17 16:00,95,82,13
8/21/17 17:00,160,145,15
8/21/17 18:00,102,90,12
8/21/17 19:00,34,28,6
8/21/17 20:00,19,13,6
8/21/17 21:00,10,10,0
8/21/17 22:00,5,3,2
8/21/17 23:00,4,1,3
8/22/17 0:00,1,1,0
8/22/17 1:00,4,4,0
8/22/17 2:00,1,0,1
8/22/17 3:00,2,1,1
8/22/17 4:00,6,1,5
8/22/17 5:00,33,6,27
8/22/17 6:00,57,10,47
8/22/17 7:00,177,17,160
8/22/17 8:00,141,16,125
8/22/17 9:00,71,7,64
8/22/17 10:00,35,6,29
8/22/17 11:00,24,12,12
8/22/17 12:00,26,11,15
8/22/17 13:00,42,21,21
8/22/17 14:00,24,13,11
8/22/17 15:00,64,46,18
8/22/17 16:00,122,111,11
8/22/17 17:00,208,186,22
8/22/17 18:00,112,99,13
8/22/17 19:00,50,38,12
8/22/17 20:00,37,22,15
8/22/17 21:00,8,7,1
8/22/17 22:00,8,3,5
8/22/17 23:00,6,6,0
8/23/17 0:00,3,2,1
8/23/17 1:00,1,0,1
8/23/17 2:00,4,3,1
8/23/17 3:00,2,1,1
8/23/17 4:00,10,2,8
8/23/17 5:00,30,2,28
8/23/17 6:00,91,14,77
8/23/17 7:00,167,20,147
8/23/17 8:00,152,13,139
8/23/17 9:00,68,11,57
8/23/17 10:00,31,6,25
8/23/17 11:00,20,6,14
8/23/17 12:00,26,12,14
8/23/17 13:00,41,20,21
8/23/17 14:00,34,21,13
8/23/17 15:00,72,54,18
8/23/17 16:00,122,99,23
8/23/17 17:00,184,165,19
8/23/17 18:00,134,109,25
8/23/17 19:00,59,42,17
8/23/17 20:00,30,17,13
8/23/17 21:00,14,12,2
8/23/17 22:00,5,3,2
8/23/17 23:00,5,5,0
8/24/17 0:00,6,2,4
8/24/17 1:00,4,2,2
8/24/17 2:00,0,0,0
8/24/17 3:00,3,1,2
8/24/17 4:00,5,3,2
8/24/17 5:00,27,3,24
8/24/17 6:00,61,11,50
8/24/17 7:00,158,13,145
8/24/17 8:00,168,20,148
8/24/17 9:00,53,6,47
8/24/17 10:00,32,5,27
8/24/17 11:00,27,12,15
8/24/17 12:00,36,15,21
8/24/17 13:00,32,17,15
8/24/17 14:00,32,14,18
8/24/17 15:00,62,49,13
8/24/17 16:00,117,96,21
8/24/17 17:00,172,147,25
8/24/17 18:00,100,84,16
8/24/17 19:00,59,48,11
8/24/17 20:00,19,18,1
8/24/17 21:00,23,21,2
8/24/17 22:00,8,5,3
8/24/17 23:00,7,6,1
8/25/17 0:00,8,6,2
8/25/17 1:00,4,3,1
8/25/17 2:00,2,1,1
8/25/17 3:00,4,1,3
8/25/17 4:00,5,1,4
8/25/17 5:00,15,2,13
8/25/17 6:00,58,5,53
8/25/17 7:00,132,7,125
8/25/17 8:00,131,12,119
8/25/17 9:00,52,5,47
8/25/17 10:00,29,9,20
8/25/17 11:00,29,13,16
8/25/17 12:00,31,17,14
8/25/17 13:00,31,17,14
8/25/17 14:00,51,33,18
8/25/17 15:00,81,56,25
8/25/17 16:00,129,109,20
8/25/17 17:00,146,118,28
8/25/17 18:00,76,68,8
8/25/17 19:00,47,33,14
8/25/17 20:00,26,20,6
8/25/17 21:00,15,9,6
8/25/17 22:00,12,10,2
8/25/17 23:00,12,7,5
8/26/17 0:00,2,1,1
8/26/17 1:00,2,1,1
8/26/17 2:00,5,4,1
8/26/17 3:00,4,2,2
8/26/17 4:00,1,0,1
8/26/17 5:00,5,0,5
8/26/17 6:00,14,4,10
8/26/17 7:00,18,7,11
8/26/17 8:00,28,7,21
8/26/17 9:00,44,22,22
8/26/17 10:00,61,21,40
8/26/17 11:00,82,39,43
8/26/17 12:00,78,33,45
8/26/17 13:00,72,39,33
8/26/17 14:00,63,32,31
8/26/17 15:00,62,31,31
8/26/17 16:00,64,34,30
8/26/17 17:00,35,19,16
8/26/17 18:00,51,30,21
8/26/17 19:00,28,19,9
8/26/17 20:00,26,13,13
8/26/17 21:00,3,2,1
8/26/17 22:00,12,8,4
8/26/17 23:00,5,5,0
8/27/17 0:00,5,3,2
8/27/17 1:00,4,3,1
8/27/17 2:00,1,1,0
8/27/17 3:00,2,1,1
8/27/17 4:00,1,1,0
8/27/17 5:00,4,1,3
8/27/17 6:00,4,0,4
8/27/17 7:00,8,3,5
8/27/17 8:00,33,14,19
8/27/17 9:00,45,22,23
8/27/17 10:00,68,32,36
8/27/17 11:00,73,47,26
8/27/17 12:00,79,42,37
8/27/17 13:00,68,30,38
8/27/17 14:00,69,34,35
8/27/17 15:00,68,34,34
8/27/17 16:00,54,31,23
8/27/17 17:00,55,24,31
8/27/17 18:00,37,15,22
8/27/17 19:00,23,13,10
8/27/17 20:00,10,8,2
8/27/17 21:00,20,17,3
8/27/17 22:00,4,2,2
8/27/17 23:00,6,4,2
8/28/17 0:00,2,1,1
8/28/17 1:00,4,2,2
8/28/17 2:00,2,1,1
8/28/17 3:00,1,0,1
8/28/17 4:00,10,3,7
8/28/17 5:00,25,2,23
8/28/17 6:00,75,13,62
8/28/17 7:00,181,14,167
8/28/17 8:00,154,28,126
8/28/17 9:00,52,4,48
8/28/17 10:00,25,7,18
8/28/17 11:00,16,8,8
8/28/17 12:00,22,12,10
8/28/17 13:00,21,12,9
8/28/17 14:00,32,23,9
8/28/17 15:00,57,36,21
8/28/17 16:00,105,92,13
8/28/17 17:00,190,170,20
8/28/17 18:00,115,101,14
8/28/17 19:00,65,53,12
8/28/17 20:00,26,17,9
8/28/17 21:00,11,4,7
8/28/17 22:00,6,2,4
8/28/17 23:00,3,2,1
8/29/17 0:00,1,0,1
8/29/17 1:00,5,3,2
8/29/17 2:00,2,1,1
8/29/17 3:00,0,0,0
8/29/17 4:00,5,3,2
8/29/17 5:00,34,5,29
8/29/17 6:00,82,14,68
8/29/17 7:00,178,15,163
8/29/17 8:00,158,12,146
8/29/17 9:00,50,10,40
8/29/17 10:00,36,9,27
8/29/17 11:00,23,10,13
8/29/17 12:00,26,15,11
8/29/17 13:00,35,14,21
8/29/17 14:00,35,21,14
8/29/17 15:00,64,39,25
8/29/17 16:00,135,112,23
8/29/17 17:00,202,166,36
8/29/17 18:00,137,117,20
8/29/17 19:00,57,53,4
8/29/17 20:00,22,17,5
8/29/17 21:00,17,13,4
8/29/17 22:00,9,8,1
8/29/17 23:00,3,2,1
8/30/17 0:00,7,4,3
8/30/17 1:00,3,1,2
8/30/17 2:00,2,2,0
8/30/17 3:00,1,1,0
8/30/17 4:00,4,1,3
8/30/17 5:00,28,3,25
8/30/17 6:00,80,15,65
8/30/17 7:00,188,25,163
8/30/17 8:00,165,20,145
8/30/17 9:00,59,12,47
8/30/17 10:00,22,4,18
8/30/17 11:00,24,7,17
8/30/17 12:00,22,11,11
8/30/17 13:00,23,9,14
8/30/17 14:00,38,24,14
8/30/17 15:00,72,48,24
8/30/17 16:00,121,97,24
8/30/17 17:00,209,187,22
8/30/17 18:00,141,117,24
8/30/17 19:00,69,48,21
8/30/17 20:00,38,19,19
8/30/17 21:00,17,14,3
8/30/17 22:00,8,7,1
8/30/17 23:00,5,4,1
8/31/17 0:00,1,0,1
8/31/17 1:00,3,1,2
8/31/17 2:00,1,0,1
8/31/17 3:00,4,2,2
8/31/17 4:00,4,2,2
8/31/17 5:00,23,4,19
8/31/17 6:00,63,11,52
8/31/17 7:00,140,20,120
8/31/17 8:00,153,11,142
8/31/17 9:00,43,2,41
8/31/17 10:00,28,5,23
8/31/17 11:00,13,3,10
8/31/17 12:00,12,5,7
8/31/17 13:00,17,9,8
8/31/17 14:00,28,16,12
8/31/17 15:00,45,26,19
8/31/17 16:00,102,86,16
8/31/17 17:00,177,151,26
8/31/17 18:00,133,111,22
8/31/17 19:00,66,49,17
8/31/17 20:00,23,16,7
8/31/17 21:00,21,10,11
8/31/17 22:00,11,8,3
8/31/17 23:00,7,5,2
9/1/17 0:00,8,4,4
9/1/17 1:00,2,2,0
9/1/17 2:00,1,1,0
9/1/17 3:00,4,1,3
9/1/17 4:00,4,1,3
9/1/17 5:00,18,0,18
9/1/17 6:00,50,8,42
9/1/17 7:00,119,14,105
9/1/17 8:00,101,11,90
9/1/17 9:00,62,14,48
9/1/17 10:00,47,16,31
9/1/17 11:00,38,16,22
9/1/17 12:00,37,13,24
9/1/17 13:00,44,26,18
9/1/17 14:00,53,41,12
9/1/17 15:00,84,61,23
9/1/17 16:00,107,85,22
9/1/17 17:00,108,96,12
9/1/17 18:00,72,60,12
9/1/17 19:00,35,25,10
9/1/17 20:00,25,13,12
9/1/17 21:00,12,3,9
9/1/17 22:00,11,10,1
9/1/17 23:00,8,6,2
9/2/17 0:00,5,1,4
9/2/17 1:00,9,4,5
9/2/17 2:00,2,1,1
9/2/17 3:00,5,3,2
9/2/17 4:00,1,1,0
9/2/17 5:00,4,1,3
9/2/17 6:00,7,2,5
9/2/17 7:00,20,7,13
9/2/17 8:00,43,26,17
9/2/17 9:00,35,16,19
9/2/17 10:00,41,19,22
9/2/17 11:00,62,39,23
9/2/17 12:00,49,19,30
9/2/17 13:00,69,35,34
9/2/17 14:00,78,38,40
9/2/17 15:00,47,28,19
9/2/17 16:00,44,29,15
9/2/17 17:00,54,31,23
9/2/17 18:00,42,30,12
9/2/17 19:00,17,11,6
9/2/17 20:00,14,7,7
9/2/17 21:00,7,3,4
9/2/17 22:00,8,6,2
9/2/17 23:00,7,7,0
9/3/17 0:00,9,7,2
9/3/17 1:00,4,1,3
9/3/17 2:00,4,3,1
9/3/17 3:00,6,5,1
9/3/17 4:00,0,0,0
9/3/17 5:00,5,1,4
9/3/17 6:00,7,2,5
9/3/17 7:00,15,5,10
9/3/17 8:00,45,18,27
9/3/17 9:00,61,36,25
9/3/17 10:00,61,33,28
9/3/17 11:00,51,24,27
9/3/17 12:00,62,30,32
9/3/17 13:00,37,13,24
9/3/17 14:00,45,25,20
9/3/17 15:00,36,19,17
9/3/17 16:00,47,25,22
9/3/17 17:00,29,22,7
9/3/17 18:00,33,21,12
9/3/17 19:00,23,14,9
9/3/17 20:00,28,9,19
9/3/17 21:00,5,1,4
9/3/17 22:00,8,1,7
9/3/17 23:00,4,3,1
9/4/17 0:00,5,3,2
9/4/17 1:00,0,0,0
9/4/17 2:00,3,1,2
9/4/17 3:00,3,2,1
9/4/17 4:00,1,0,1
9/4/17 5:00,6,0,6
9/4/17 6:00,13,5,8
9/4/17 7:00,23,7,16
9/4/17 8:00,50,23,27
9/4/17 9:00,74,54,20
9/4/17 10:00,69,33,36
9/4/17 11:00,83,48,35
9/4/17 12:00,77,36,41
9/4/17 13:00,45,22,23
9/4/17 14:00,62,32,30
9/4/17 15:00,49,14,35
9/4/17 16:00,63,23,40
9/4/17 17:00,43,27,16
9/4/17 18:00,24,15,9
9/4/17 19:00,26,15,11
9/4/17 20:00,9,5,4
9/4/17 21:00,7,5,2
9/4/17 22:00,11,9,2
9/4/17 23:00,2,1,1
9/5/17 0:00,3,2,1
9/5/17 1:00,3,2,1
9/5/17 2:00,4,1,3
9/5/17 3:00,4,2,2
9/5/17 4:00,5,3,2
9/5/17 5:00,30,4,26
9/5/17 6:00,70,13,57
9/5/17 7:00,175,15,160
9/5/17 8:00,133,16,117
9/5/17 9:00,32,3,29
9/5/17 10:00,34,11,23
9/5/17 11:00,13,4,9
9/5/17 12:00,20,8,12
9/5/17 13:00,10,4,6
9/5/17 14:00,24,14,10
9/5/17 15:00,45,35,10
9/5/17 16:00,100,83,17
9/5/17 17:00,153,136,17
9/5/17 18:00,86,78,8
9/5/17 19:00,40,35,5
9/5/17 20:00,18,11,7
9/5/17 21:00,8,6,2
9/5/17 22:00,10,8,2
9/5/17 23:00,4,3,1
9/6/17 0:00,1,1,0
9/6/17 1:00,4,2,2
9/6/17 2:00,3,1,2
9/6/17 3:00,4,3,1
9/6/17 4:00,7,2,5
9/6/17 5:00,27,2,25
9/6/17 6:00,62,17,45
9/6/17 7:00,124,18,106
9/6/17 8:00,114,8,106
9/6/17 9:00,49,5,44
9/6/17 10:00,22,7,15
9/6/17 11:00,17,1,16
9/6/17 12:00,23,10,13
9/6/17 13:00,24,12,12
9/6/17 14:00,20,12,8
9/6/17 15:00,39,29,10
9/6/17 16:00,78,67,11
9/6/17 17:00,140,121,19
9/6/17 18:00,86,73,13
9/6/17 19:00,41,36,5
9/6/17 20:00,17,13,4
9/6/17 21:00,8,6,2
9/6/17 22:00,7,5,2
9/6/17 23:00,4,2,2
9/7/17 0:00,1,0,1
9/7/17 1:00,1,1,0
9/7/17 2:00,2,2,0
9/7/17 3:00,1,0,1
9/7/17 4:00,5,1,4
9/7/17 5:00,17,2,15
9/7/17 6:00,77,14,63
9/7/17 7:00,120,15,105
9/7/17 8:00,133,16,117
9/7/17 9:00,57,8,49
9/7/17 10:00,21,4,17
9/7/17 11:00,16,5,11
9/7/17 12:00,14,7,7
9/7/17 13:00,34,18,16
9/7/17 14:00,26,17,9
9/7/17 15:00,53,33,20
9/7/17 16:00,100,83,17
9/7/17 17:00,153,123,30
9/7/17 18:00,106,86,20
9/7/17 19:00,80,70,10
9/7/17 20:00,23,17,6
9/7/17 21:00,25,12,13
9/7/17 22:00,14,7,7
9/7/17 23:00,20,5,15
9/8/17 0:00,6,4,2
9/8/17 1:00,4,4,0
9/8/17 2:00,6,3,3
9/8/17 3:00,5,3,2
9/8/17 4:00,6,3,3
9/8/17 5:00,23,4,19
9/8/17 6:00,58,13,45
9/8/17 7:00,141,18,123
9/8/17 8:00,110,9,101
9/8/17 9:00,57,14,43
9/8/17 10:00,19,5,14
9/8/17 11:00,27,16,11
9/8/17 12:00,25,13,12
9/8/17 13:00,16,6,10
9/8/17 14:00,33,19,14
9/8/17 15:00,58,37,21
9/8/17 16:00,88,74,14
9/8/17 17:00,148,130,18
9/8/17 18:00,76,64,12
9/8/17 19:00,17,14,3
9/8/17 20:00,23,21,2
9/8/17 21:00,10,6,4
9/8/17 22:00,8,5,3
9/8/17 23:00,5,3,2
9/9/17 0:00,6,4,2
9/9/17 1:00,3,1,2
9/9/17 2:00,5,4,1
9/9/17 3:00,4,2,2
9/9/17 4:00,0,0,0
9/9/17 5:00,7,3,4
9/9/17 6:00,14,5,9
9/9/17 7:00,9,3,6
9/9/17 8:00,27,11,16
9/9/17 9:00,27,16,11
9/9/17 10:00,28,15,13
9/9/17 11:00,36,16,20
9/9/17 12:00,47,21,26
9/9/17 13:00,33,12,21
9/9/17 14:00,35,22,13
9/9/17 15:00,40,26,14
9/9/17 16:00,42,23,19
9/9/17 17:00,24,13,11
9/9/17 18:00,15,6,9
9/9/17 19:00,14,9,5
9/9/17 20:00,22,12,10
9/9/17 21:00,8,4,4
9/9/17 22:00,8,7,1
9/9/17 23:00,4,1,3
9/10/17 0:00,7,4,3
9/10/17 1:00,3,3,0
9/10/17 2:00,6,4,2
9/10/17 3:00,2,1,1
9/10/17 4:00,1,0,1
9/10/17 5:00,5,1,4
9/10/17 6:00,6,4,2
9/10/17 7:00,10,2,8
9/10/17 8:00,14,5,9
9/10/17 9:00,28,13,15
9/10/17 10:00,45,26,19
9/10/17 11:00,49,28,21
9/10/17 12:00,60,23,37
9/10/17 13:00,55,25,30
9/10/17 14:00,56,31,25
9/10/17 15:00,39,19,20
9/10/17 16:00,51,25,26
9/10/17 17:00,36,9,27
9/10/17 18:00,34,21,13
9/10/17 19:00,22,10,12
9/10/17 20:00,14,11,3
9/10/17 21:00,14,12,2
9/10/17 22:00,6,5,1
9/10/17 23:00,2,1,1
9/11/17 0:00,5,3,2
9/11/17 1:00,2,2,0
9/11/17 2:00,3,0,3
9/11/17 3:00,3,1,2
9/11/17 4:00,8,2,6
9/11/17 5:00,37,6,31
9/11/17 6:00,68,10,58
9/11/17 7:00,170,14,156
9/11/17 8:00,121,9,112
9/11/17 9:00,79,9,70
9/11/17 10:00,23,7,16
9/11/17 11:00,34,16,18
9/11/17 12:00,23,12,11
9/11/17 13:00,23,14,9
9/11/17 14:00,34,16,18
9/11/17 15:00,56,42,14
9/11/17 16:00,134,112,22
9/11/17 17:00,197,172,25
9/11/17 18:00,126,107,19
9/11/17 19:00,47,36,11
9/11/17 20:00,25,19,6
9/11/17 21:00,7,6,1
9/11/17 22:00,2,1,1
9/11/17 23:00,6,3,3
9/12/17 0:00,1,1,0
9/12/17 1:00,1,0,1
9/12/17 2:00,0,0,0
9/12/17 3:00,3,2,1
9/12/17 4:00,8,1,7
9/12/17 5:00,34,3,31
9/12/17 6:00,80,13,67
9/12/17 7:00,179,19,160
9/12/17 8:00,157,16,141
9/12/17 9:00,61,4,57
9/12/17 10:00,32,4,28
9/12/17 11:00,20,8,12
9/12/17 12:00,26,13,13
9/12/17 13:00,40,22,18
9/12/17 14:00,35,22,13
9/12/17 15:00,66,45,21
9/12/17 16:00,138,117,21
9/12/17 17:00,203,176,27
9/12/17 18:00,124,112,12
9/12/17 19:00,54,41,13
9/12/17 20:00,27,23,4
9/12/17 21:00,14,10,4
9/12/17 22:00,12,10,2
9/12/17 23:00,4,2,2
9/13/17 0:00,1,0,1
9/13/17 1:00,3,2,1
9/13/17 2:00,2,1,1
9/13/17 3:00,3,2,1
9/13/17 4:00,7,1,6
9/13/17 5:00,31,3,28
9/13/17 6:00,67,12,55
9/13/17 7:00,175,22,153
9/13/17 8:00,143,21,122
9/13/17 9:00,68,4,64
9/13/17 10:00,23,9,14
9/13/17 11:00,28,9,19
9/13/17 12:00,32,9,23
9/13/17 13:00,42,23,19
9/13/17 14:00,38,24,14
9/13/17 15:00,58,41,17
9/13/17 16:00,126,92,34
9/13/17 17:00,188,156,32
9/13/17 18:00,111,91,20
9/13/17 19:00,51,41,10
9/13/17 20:00,32,25,7
9/13/17 21:00,12,9,3
9/13/17 22:00,10,7,3
9/13/17 23:00,3,2,1
9/14/17 0:00,1,0,1
9/14/17 1:00,0,0,0
9/14/17 2:00,2,2,0
9/14/17 3:00,2,1,1
9/14/17 4:00,4,2,2
9/14/17 5:00,27,2,25
9/14/17 6:00,69,14,55
9/14/17 7:00,154,15,139
9/14/17 8:00,140,12,128
9/14/17 9:00,52,6,46
9/14/17 10:00,37,11,26
9/14/17 11:00,18,4,14
9/14/17 12:00,21,8,13
9/14/17 13:00,28,11,17
9/14/17 14:00,40,24,16
9/14/17 15:00,54,32,22
9/14/17 16:00,133,113,20
9/14/17 17:00,168,141,27
9/14/17 18:00,114,97,17
9/14/17 19:00,52,45,7
9/14/17 20:00,20,15,5
9/14/17 21:00,17,12,5
9/14/17 22:00,8,4,4
9/14/17 23:00,8,7,1
9/15/17 0:00,5,5,0
9/15/17 1:00,2,1,1
9/15/17 2:00,1,1,0
9/15/17 3:00,3,2,1
9/15/17 4:00,6,2,4
9/15/17 5:00,20,1,19
9/15/17 6:00,69,12,57
9/15/17 7:00,115,14,101
9/15/17 8:00,129,20,109
9/15/17 9:00,65,7,58
9/15/17 10:00,27,8,19
9/15/17 11:00,28,14,14
9/15/17 12:00,37,23,14
9/15/17 13:00,39,23,16
9/15/17 14:00,59,33,26
9/15/17 15:00,64,40,24
9/15/17 16:00,111,93,18
9/15/17 17:00,160,137,23
9/15/17 18:00,97,78,19
9/15/17 19:00,39,27,12
9/15/17 20:00,15,12,3
9/15/17 21:00,9,5,4
9/15/17 22:00,5,2,3
9/15/17 23:00,7,4,3
9/16/17 0:00,3,3,0
9/16/17 1:00,3,3,0
9/16/17 2:00,1,1,0
9/16/17 3:00,1,1,0
9/16/17 4:00,3,3,0
9/16/17 5:00,7,1,6
9/16/17 6:00,10,6,4
9/16/17 7:00,16,4,12
9/16/17 8:00,43,19,24
9/16/17 9:00,50,31,19
9/16/17 10:00,48,21,27
9/16/17 11:00,47,24,23
9/16/17 12:00,45,29,16
9/16/17 13:00,40,15,25
9/16/17 14:00,53,25,28
9/16/17 15:00,48,19,29
9/16/17 16:00,58,34,24
9/16/17 17:00,42,24,18
9/16/17 18:00,31,13,18
9/16/17 19:00,14,7,7
9/16/17 20:00,8,6,2
9/16/17 21:00,3,2,1
9/16/17 22:00,6,1,5
9/16/17 23:00,5,1,4
9/17/17 0:00,3,2,1
9/17/17 1:00,4,3,1
9/17/17 2:00,1,1,0
9/17/17 3:00,1,1,0
9/17/17 4:00,4,3,1
9/17/17 5:00,3,0,3
9/17/17 6:00,8,3,5
9/17/17 7:00,11,4,7
9/17/17 8:00,32,15,17
9/17/17 9:00,26,16,10
9/17/17 10:00,39,14,25
9/17/17 11:00,38,19,19
9/17/17 12:00,40,16,24
9/17/17 13:00,19,12,7
9/17/17 14:00,6,3,3
9/17/17 15:00,10,4,6
9/17/17 16:00,14,8,6
9/17/17 17:00,10,10,0
9/17/17 18:00,6,4,2
9/17/17 19:00,4,4,0
9/17/17 20:00,3,1,2
9/17/17 21:00,4,2,2
9/17/17 22:00,2,0,2
9/17/17 23:00,1,1,0
9/18/17 0:00,4,1,3
9/18/17 1:00,2,1,1
9/18/17 2:00,1,1,0
9/18/17 3:00,1,1,0
9/18/17 4:00,8,2,6
9/18/17 5:00,22,6,16
9/18/17 6:00,57,10,47
9/18/17 7:00,106,13,93
9/18/17 8:00,112,10,102
9/18/17 9:00,45,8,37
9/18/17 10:00,17,0,17
9/18/17 11:00,9,1,8
9/18/17 12:00,16,8,8
9/18/17 13:00,16,7,9
9/18/17 14:00,27,15,12
9/18/17 15:00,39,30,9
9/18/17 16:00,63,54,9
9/18/17 17:00,133,120,13
9/18/17 18:00,58,54,4
9/18/17 19:00,18,16,2
9/18/17 20:00,7,6,1
9/18/17 21:00,5,3,2
9/18/17 22:00,8,4,4
9/18/17 23:00,2,0,2
9/19/17 0:00,1,0,1
9/19/17 1:00,1,1,0
9/19/17 2:00,0,0,0
9/19/17 3:00,1,1,0
9/19/17 4:00,5,1,4
9/19/17 5:00,13,2,11
9/19/17 6:00,40,10,30
9/19/17 7:00,99,12,87
9/19/17 8:00,95,9,86
9/19/17 9:00,47,6,41
9/19/17 10:00,15,0,15
9/19/17 11:00,11,2,9
9/19/17 12:00,12,8,4
9/19/17 13:00,9,4,5
9/19/17 14:00,20,10,10
9/19/17 15:00,27,19,8
9/19/17 16:00,58,50,8
9/19/17 17:00,114,100,14
9/19/17 18:00,60,55,5
9/19/17 19:00,25,22,3
9/19/17 20:00,4,4,0
9/19/17 21:00,6,4,2
9/19/17 22:00,3,3,0
9/19/17 23:00,2,0,2
9/20/17 0:00,4,3,1
9/20/17 1:00,5,2,3
9/20/17 2:00,2,1,1
9/20/17 3:00,2,1,1
9/20/17 4:00,6,1,5
9/20/17 5:00,17,1,16
9/20/17 6:00,60,7,53
9/20/17 7:00,115,19,96
9/20/17 8:00,129,11,118
9/20/17 9:00,34,2,32
9/20/17 10:00,13,1,12
9/20/17 11:00,18,6,12
9/20/17 12:00,18,12,6
9/20/17 13:00,28,16,12
9/20/17 14:00,30,7,23
9/20/17 15:00,35,21,14
9/20/17 16:00,86,73,13
9/20/17 17:00,130,116,14
9/20/17 18:00,77,65,12
9/20/17 19:00,36,31,5
9/20/17 20:00,26,14,12
9/20/17 21:00,12,10,2
9/20/17 22:00,8,5,3
9/20/17 23:00,1,1,0
9/21/17 0:00,4,2,2
9/21/17 1:00,3,3,0
9/21/17 2:00,2,2,0
9/21/17 3:00,1,1,0
9/21/17 4:00,6,1,5
9/21/17 5:00,25,5,20
9/21/17 6:00,58,12,46
9/21/17 7:00,112,11,101
9/21/17 8:00,122,7,115
9/21/17 9:00,32,1,31
9/21/17 10:00,28,7,21
9/21/17 11:00,21,8,13
9/21/17 12:00,27,13,14
9/21/17 13:00,11,8,3
9/21/17 14:00,36,17,19
9/21/17 15:00,33,26,7
9/21/17 16:00,101,85,16
9/21/17 17:00,141,120,21
9/21/17 18:00,84,75,9
9/21/17 19:00,35,28,7
9/21/17 20:00,10,8,2
9/21/17 21:00,13,9,4
9/21/17 22:00,9,6,3
9/21/17 23:00,2,1,1
9/22/17 0:00,4,4,0
9/22/17 1:00,2,1,1
9/22/17 2:00,2,2,0
9/22/17 3:00,3,1,2
9/22/17 4:00,6,1,5
9/22/17 5:00,24,4,20
9/22/17 6:00,65,15,50
9/22/17 7:00,122,12,110
9/22/17 8:00,117,14,103
9/22/17 9:00,38,8,30
9/22/17 10:00,32,8,24
9/22/17 11:00,29,15,14
9/22/17 12:00,31,16,15
9/22/17 13:00,37,16,21
9/22/17 14:00,42,24,18
9/22/17 15:00,61,45,16
9/22/17 16:00,116,96,20
9/22/17 17:00,123,102,21
9/22/17 18:00,75,62,13
9/22/17 19:00,37,28,9
9/22/17 20:00,18,11,7
9/22/17 21:00,9,4,5
9/22/17 22:00,7,3,4
9/22/17 23:00,5,3,2
9/23/17 0:00,4,3,1
9/23/17 1:00,3,3,0
9/23/17 2:00,4,1,3
9/23/17 3:00,1,1,0
9/23/17 4:00,3,2,1
9/23/17 5:00,7,1,6
9/23/17 6:00,9,2,7
9/23/17 7:00,8,4,4
9/23/17 8:00,35,9,26
9/23/17 9:00,46,17,29
9/23/17 10:00,53,32,21
9/23/17 11:00,64,30,34
9/23/17 12:00,75,34,41
9/23/17 13:00,70,36,34
9/23/17 14:00,56,25,31
9/23/17 15:00,55,29,26
9/23/17 16:00,47,31,16
9/23/17 17:00,39,24,15
9/23/17 18:00,18,10,8
9/23/17 19:00,5,5,0
9/23/17 20:00,9,7,2
9/23/17 21:00,7,6,1
9/23/17 22:00,5,3,2
9/23/17 23:00,5,3,2
9/24/17 0:00,2,2,0
9/24/17 1:00,4,2,2
9/24/17 2:00,2,1,1
9/24/17 3:00,5,3,2
9/24/17 4:00,2,2,0
9/24/17 5:00,4,0,4
9/24/17 6:00,7,2,5
9/24/17 7:00,9,2,7
9/24/17 8:00,30,11,19
9/24/17 9:00,36,21,15
9/24/17 10:00,22,4,18
9/24/17 11:00,44,23,21
9/24/17 12:00,40,24,16
9/24/17 13:00,60,28,32
9/24/17 14:00,43,31,12
9/24/17 15:00,42,22,20
9/24/17 16:00,42,17,25
9/24/17 17:00,27,11,16
9/24/17 18:00,25,13,12
9/24/17 19:00,15,7,8
9/24/17 20:00,9,8,1
9/24/17 21:00,5,5,0
9/24/17 22:00,5,2,3
9/24/17 23:00,5,3,2
9/25/17 0:00,3,1,2
9/25/17 1:00,4,3,1
9/25/17 2:00,3,2,1
9/25/17 3:00,2,1,1
9/25/17 4:00,5,0,5
9/25/17 5:00,26,4,22
9/25/17 6:00,59,7,52
9/25/17 7:00,106,10,96
9/25/17 8:00,126,9,117
9/25/17 9:00,47,5,42
9/25/17 10:00,15,4,11
9/25/17 11:00,13,2,11
9/25/17 12:00,5,3,2
9/25/17 13:00,16,7,9
9/25/17 14:00,25,17,8
9/25/17 15:00,33,22,11
9/25/17 16:00,95,77,18
9/25/17 17:00,151,137,14
9/25/17 18:00,88,81,7
9/25/17 19:00,32,24,8
9/25/17 20:00,10,7,3
9/25/17 21:00,6,4,2
9/25/17 22:00,4,1,3
9/25/17 23:00,1,1,0
9/26/17 0:00,2,2,0
9/26/17 1:00,7,4,3
9/26/17 2:00,0,0,0
9/26/17 3:00,4,4,0
9/26/17 4:00,6,1,5
9/26/17 5:00,30,4,26
9/26/17 6:00,82,11,71
9/26/17 7:00,156,14,142
9/26/17 8:00,148,16,132
9/26/17 9:00,51,7,44
9/26/17 10:00,20,2,18
9/26/17 11:00,26,11,15
9/26/17 12:00,21,10,11
9/26/17 13:00,27,13,14
9/26/17 14:00,45,22,23
9/26/17 15:00,49,34,15
9/26/17 16:00,134,115,19
9/26/17 17:00,195,177,18
9/26/17 18:00,121,106,15
9/26/17 19:00,39,30,9
9/26/17 20:00,25,16,9
9/26/17 21:00,10,10,0
9/26/17 22:00,9,8,1
9/26/17 23:00,14,11,3
9/27/17 0:00,3,2,1
9/27/17 1:00,2,2,0
9/27/17 2:00,0,0,0
9/27/17 3:00,3,2,1
9/27/17 4:00,6,1,5
9/27/17 5:00,26,3,23
9/27/17 6:00,74,10,64
9/27/17 7:00,147,18,129
9/27/17 8:00,164,9,155
9/27/17 9:00,67,11,56
9/27/17 10:00,35,6,29
9/27/17 11:00,26,8,18
9/27/17 12:00,32,14,18
9/27/17 13:00,42,13,29
9/27/17 14:00,29,17,12
9/27/17 15:00,60,39,21
9/27/17 16:00,116,96,20
9/27/17 17:00,177,159,18
9/27/17 18:00,130,110,20
9/27/17 19:00,38,29,9
9/27/17 20:00,18,13,5
9/27/17 21:00,14,13,1
9/27/17 22:00,13,9,4
9/27/17 23:00,9,9,0
9/28/17 0:00,5,4,1
9/28/17 1:00,3,3,0
9/28/17 2:00,4,4,0
9/28/17 3:00,2,0,2
9/28/17 4:00,7,2,5
9/28/17 5:00,28,2,26
9/28/17 6:00,88,16,72
9/28/17 7:00,146,16,130
9/28/17 8:00,193,20,173
9/28/17 9:00,56,6,50
9/28/17 10:00,36,10,26
9/28/17 11:00,31,9,22
9/28/17 12:00,27,16,11
9/28/17 13:00,43,22,21
9/28/17 14:00,44,26,18
9/28/17 15:00,70,47,23
9/28/17 16:00,154,122,32
9/28/17 17:00,192,169,23
9/28/17 18:00,151,130,21
9/28/17 19:00,44,34,10
9/28/17 20:00,17,12,5
9/28/17 21:00,17,10,7
9/28/17 22:00,9,5,4
9/28/17 23:00,7,4,3
9/29/17 0:00,1,1,0
9/29/17 1:00,3,3,0
9/29/17 2:00,3,2,1
9/29/17 3:00,0,0,0
9/29/17 4:00,5,2,3
9/29/17 5:00,12,3,9
9/29/17 6:00,38,3,35
9/29/17 7:00,87,18,69
9/29/17 8:00,91,9,82
9/29/17 9:00,37,7,30
9/29/17 10:00,20,6,14
9/29/17 11:00,8,3,5
9/29/17 12:00,16,6,10
9/29/17 13:00,11,5,6
9/29/17 14:00,24,19,5
9/29/17 15:00,34,22,12
9/29/17 16:00,74,59,15
9/29/17 17:00,97,88,9
9/29/17 18:00,69,55,14
9/29/17 19:00,30,26,4
9/29/17 20:00,7,7,0
9/29/17 21:00,6,4,2
9/29/17 22:00,4,4,0
9/29/17 23:00,14,11,3
9/30/17 0:00,9,7,2
9/30/17 1:00,2,1,1
9/30/17 2:00,1,1,0
9/30/17 3:00,5,4,1
9/30/17 4:00,2,2,0
9/30/17 5:00,3,0,3
9/30/17 6:00,8,2,6
9/30/17 7:00,8,2,6
9/30/17 8:00,26,8,18
9/30/17 9:00,22,11,11
9/30/17 10:00,25,8,17
9/30/17 11:00,45,22,23
9/30/17 12:00,39,17,22
9/30/17 13:00,35,13,22
9/30/17 14:00,23,18,5
9/30/17 15:00,20,9,11
9/30/17 16:00,25,16,9
9/30/17 17:00,10,6,4
9/30/17 18:00,16,11,5
9/30/17 19:00,13,5,8
9/30/17 20:00,4,3,1
9/30/17 21:00,4,4,0
9/30/17 22:00,3,3,0
9/30/17 23:00,5,5,0
10/1/17 0:00,2,1,1
10/1/17 1:00,4,1,3
10/1/17 2:00,4,3,1
10/1/17 3:00,3,1,2
10/1/17 4:00,4,2,2
10/1/17 5:00,4,0,4
10/1/17 6:00,5,1,4
10/1/17 7:00,4,1,3
10/1/17 8:00,24,3,21
10/1/17 9:00,21,11,10
10/1/17 10:00,27,14,13
10/1/17 11:00,33,14,19
10/1/17 12:00,37,14,23
10/1/17 13:00,32,16,16
10/1/17 14:00,19,9,10
10/1/17 15:00,35,20,15
10/1/17 16:00,24,13,11
10/1/17 17:00,32,17,15
10/1/17 18:00,18,11,7
10/1/17 19:00,12,6,6
10/1/17 20:00,7,6,1
10/1/17 21:00,14,10,4
10/1/17 22:00,5,5,0
10/1/17 23:00,6,4,2
10/2/17 0:00,5,3,2
10/2/17 1:00,3,2,1
10/2/17 2:00,2,1,1
10/2/17 3:00,1,1,0
10/2/17 4:00,6,1,5
10/2/17 5:00,25,4,21
10/2/17 6:00,61,11,50
10/2/17 7:00,168,12,156
10/2/17 8:00,158,17,141
10/2/17 9:00,60,4,56
10/2/17 10:00,27,7,20
10/2/17 11:00,12,4,8
10/2/17 12:00,11,7,4
10/2/17 13:00,23,15,8
10/2/17 14:00,23,15,8
10/2/17 15:00,43,35,8
10/2/17 16:00,111,94,17
10/2/17 17:00,185,169,16
10/2/17 18:00,96,83,13
10/2/17 19:00,44,32,12
10/2/17 20:00,11,9,2
10/2/17 21:00,8,7,1
10/2/17 22:00,5,5,0
10/2/17 23:00,2,1,1
10/3/17 0:00,0,0,0
10/3/17 1:00,0,0,0
10/3/17 2:00,2,1,1
10/3/17 3:00,2,1,1
10/3/17 4:00,8,1,7
10/3/17 5:00,29,2,27
10/3/17 6:00,67,13,54
10/3/17 7:00,164,13,151
10/3/17 8:00,150,11,139
10/3/17 9:00,73,9,64
10/3/17 10:00,25,7,18
10/3/17 11:00,22,10,12
10/3/17 12:00,24,13,11
10/3/17 13:00,38,16,22
10/3/17 14:00,34,16,18
10/3/17 15:00,55,38,17
10/3/17 16:00,97,81,16
10/3/17 17:00,202,182,20
10/3/17 18:00,126,110,16
10/3/17 19:00,42,37,5
10/3/17 20:00,15,13,2
10/3/17 21:00,9,7,2
10/3/17 22:00,5,3,2
10/3/17 23:00,7,4,3
10/4/17 0:00,1,0,1
10/4/17 1:00,1,1,0
10/4/17 2:00,2,1,1
10/4/17 3:00,1,0,1
10/4/17 4:00,2,1,1
10/4/17 5:00,25,4,21
10/4/17 6:00,67,9,58
10/4/17 7:00,157,16,141
10/4/17 8:00,138,13,125
10/4/17 9:00,56,8,48
10/4/17 10:00,31,7,24
10/4/17 11:00,10,5,5
10/4/17 12:00,24,10,14
10/4/17 13:00,20,5,15
10/4/17 14:00,38,24,14
10/4/17 15:00,51,35,16
10/4/17 16:00,123,102,21
10/4/17 17:00,185,155,30
10/4/17 18:00,99,89,10
10/4/17 19:00,33,25,8
10/4/17 20:00,20,11,9
10/4/17 21:00,20,17,3
10/4/17 22:00,4,3,1
10/4/17 23:00,4,4,0
10/5/17 0:00,5,3,2
10/5/17 1:00,8,4,4
10/5/17 2:00,1,1,0
10/5/17 3:00,3,1,2
10/5/17 4:00,5,1,4
10/5/17 5:00,25,3,22
10/5/17 6:00,69,11,58
10/5/17 7:00,142,14,128
10/5/17 8:00,145,11,134
10/5/17 9:00,51,5,46
10/5/17 10:00,34,9,25
10/5/17 11:00,37,16,21
10/5/17 12:00,21,12,9
10/5/17 13:00,31,13,18
10/5/17 14:00,41,23,18
10/5/17 15:00,64,46,18
10/5/17 16:00,97,73,24
10/5/17 17:00,178,153,25
10/5/17 18:00,111,91,20
10/5/17 19:00,75,60,15
10/5/17 20:00,20,14,6
10/5/17 21:00,15,5,10
10/5/17 22:00,8,5,3
10/5/17 23:00,12,9,3
10/6/17 0:00,8,3,5
10/6/17 1:00,8,0,8
10/6/17 2:00,2,1,1
10/6/17 3:00,1,1,0
10/6/17 4:00,6,2,4
10/6/17 5:00,17,2,15
10/6/17 6:00,48,8,40
10/6/17 7:00,122,10,112
10/6/17 8:00,111,7,104
10/6/17 9:00,51,8,43
10/6/17 10:00,23,4,19
10/6/17 11:00,24,12,12
10/6/17 12:00,19,5,14
10/6/17 13:00,29,13,16
10/6/17 14:00,37,22,15
10/6/17 15:00,49,35,14
10/6/17 16:00,88,75,13
10/6/17 17:00,129,113,16
10/6/17 18:00,63,50,13
10/6/17 19:00,22,14,8
10/6/17 20:00,7,6,1
10/6/17 21:00,6,5,1
10/6/17 22:00,4,1,3
10/6/17 23:00,1,0,1
10/7/17 0:00,2,2,0
10/7/17 1:00,2,1,1
10/7/17 2:00,6,5,1
10/7/17 3:00,1,1,0
10/7/17 4:00,6,5,1
10/7/17 5:00,3,1,2
10/7/17 6:00,2,1,1
10/7/17 7:00,6,1,5
10/7/17 8:00,19,8,11
10/7/17 9:00,26,11,15
10/7/17 10:00,30,13,17
10/7/17 11:00,28,12,16
10/7/17 12:00,23,12,11
10/7/17 13:00,25,16,9
10/7/17 14:00,22,9,13
10/7/17 15:00,21,13,8
10/7/17 16:00,23,14,9
10/7/17 17:00,25,12,13
10/7/17 18:00,16,5,11
10/7/17 19:00,2,2,0
10/7/17 20:00,6,4,2
10/7/17 21:00,7,5,2
10/7/17 22:00,2,1,1
10/7/17 23:00,0,0,0
10/8/17 0:00,0,0,0
10/8/17 1:00,5,3,2
10/8/17 2:00,0,0,0
10/8/17 3:00,1,1,0
10/8/17 4:00,4,1,3
10/8/17 5:00,4,1,3
10/8/17 6:00,8,4,4
10/8/17 7:00,7,2,5
10/8/17 8:00,21,5,16
10/8/17 9:00,14,7,7
10/8/17 10:00,29,10,19
10/8/17 11:00,38,25,13
10/8/17 12:00,38,15,23
10/8/17 13:00,44,18,26
10/8/17 14:00,35,22,13
10/8/17 15:00,55,28,27
10/8/17 16:00,55,24,31
10/8/17 17:00,35,21,14
10/8/17 18:00,17,8,9
10/8/17 19:00,19,9,10
10/8/17 20:00,5,3,2
10/8/17 21:00,3,3,0
10/8/17 22:00,2,1,1
10/8/17 23:00,3,2,1
10/9/17 0:00,1,1,0
10/9/17 1:00,4,4,0
10/9/17 2:00,0,0,0
10/9/17 3:00,1,1,0
10/9/17 4:00,2,0,2
10/9/17 5:00,20,1,19
10/9/17 6:00,57,6,51
10/9/17 7:00,138,11,127
10/9/17 8:00,135,7,128
10/9/17 9:00,48,2,46
10/9/17 10:00,27,7,20
10/9/17 11:00,19,8,11
10/9/17 12:00,28,13,15
10/9/17 13:00,24,10,14
10/9/17 14:00,31,16,15
10/9/17 15:00,47,32,15
10/9/17 16:00,116,101,15
10/9/17 17:00,181,164,17
10/9/17 18:00,106,88,18
10/9/17 19:00,33,24,9
10/9/17 20:00,21,17,4
10/9/17 21:00,9,5,4
10/9/17 22:00,3,1,2
10/9/17 23:00,1,1,0
10/10/17 0:00,3,2,1
10/10/17 1:00,2,2,0
10/10/17 2:00,5,2,3
10/10/17 3:00,1,1,0
10/10/17 4:00,3,1,2
10/10/17 5:00,24,1,23
10/10/17 6:00,61,17,44
10/10/17 7:00,129,13,116
10/10/17 8:00,122,9,113
10/10/17 9:00,43,2,41
10/10/17 10:00,21,2,19
10/10/17 11:00,14,5,9
10/10/17 12:00,11,7,4
10/10/17 13:00,12,5,7
10/10/17 14:00,10,6,4
10/10/17 15:00,34,27,7
10/10/17 16:00,93,79,14
10/10/17 17:00,137,122,15
10/10/17 18:00,84,71,13
10/10/17 19:00,19,15,4
10/10/17 20:00,13,11,2
10/10/17 21:00,8,7,1
10/10/17 22:00,6,6,0
10/10/17 23:00,5,4,1
10/11/17 0:00,2,0,2
10/11/17 1:00,1,0,1
10/11/17 2:00,2,1,1
10/11/17 3:00,1,1,0
10/11/17 4:00,2,1,1
10/11/17 5:00,23,2,21
10/11/17 6:00,63,7,56
10/11/17 7:00,91,8,83
10/11/17 8:00,150,7,143
10/11/17 9:00,51,8,43
10/11/17 10:00,24,4,20
10/11/17 11:00,16,5,11
10/11/17 12:00,19,10,9
10/11/17 13:00,22,9,13
10/11/17 14:00,19,12,7
10/11/17 15:00,46,32,14
10/11/17 16:00,81,69,12
10/11/17 17:00,139,119,20
10/11/17 18:00,83,70,13
10/11/17 19:00,25,19,6
10/11/17 20:00,16,12,4
10/11/17 21:00,8,7,1
10/11/17 22:00,11,6,5
10/11/17 23:00,2,1,1
10/12/17 0:00,0,0,0
10/12/17 1:00,2,0,2
10/12/17 2:00,3,3,0
10/12/17 3:00,2,2,0
10/12/17 4:00,5,1,4
10/12/17 5:00,16,0,16
10/12/17 6:00,46,7,39
10/12/17 7:00,92,10,82
10/12/17 8:00,97,7,90
10/12/17 9:00,40,6,34
10/12/17 10:00,18,6,12
10/12/17 11:00,12,3,9
10/12/17 12:00,8,4,4
10/12/17 13:00,6,2,4
10/12/17 14:00,13,7,6
10/12/17 15:00,19,15,4
10/12/17 16:00,66,54,12
10/12/17 17:00,109,97,12
10/12/17 18:00,65,56,9
10/12/17 19:00,21,19,2
10/12/17 20:00,7,6,1
10/12/17 21:00,9,7,2
10/12/17 22:00,4,3,1
10/12/17 23:00,6,4,2
10/13/17 0:00,0,0,0
10/13/17 1:00,3,1,2
10/13/17 2:00,0,0,0
10/13/17 3:00,1,1,0
10/13/17 4:00,4,1,3
10/13/17 5:00,17,1,16
10/13/17 6:00,35,7,28
10/13/17 7:00,106,12,94
10/13/17 8:00,104,6,98
10/13/17 9:00,39,4,35
10/13/17 10:00,19,4,15
10/13/17 11:00,13,4,9
10/13/17 12:00,18,6,12
10/13/17 13:00,12,8,4
10/13/17 14:00,26,11,15
10/13/17 15:00,34,24,10
10/13/17 16:00,83,69,14
10/13/17 17:00,130,111,19
10/13/17 18:00,69,55,14
10/13/17 19:00,24,19,5
10/13/17 20:00,13,7,6
10/13/17 21:00,7,4,3
10/13/17 22:00,4,3,1
10/13/17 23:00,6,4,2
10/14/17 0:00,4,3,1
10/14/17 1:00,2,2,0
10/14/17 2:00,3,2,1
10/14/17 3:00,0,0,0
10/14/17 4:00,5,4,1
10/14/17 5:00,2,0,2
10/14/17 6:00,7,4,3
10/14/17 7:00,6,3,3
10/14/17 8:00,27,6,21
10/14/17 9:00,22,10,12
10/14/17 10:00,26,11,15
10/14/17 11:00,29,19,10
10/14/17 12:00,41,14,27
10/14/17 13:00,25,11,14
10/14/17 14:00,36,24,12
10/14/17 15:00,37,13,24
10/14/17 16:00,39,24,15
10/14/17 17:00,19,12,7
10/14/17 18:00,20,11,9
10/14/17 19:00,6,4,2
10/14/17 20:00,10,5,5
10/14/17 21:00,3,2,1
10/14/17 22:00,6,3,3
10/14/17 23:00,3,2,1
10/15/17 0:00,2,2,0
10/15/17 1:00,4,4,0
10/15/17 2:00,2,1,1
10/15/17 3:00,1,0,1
10/15/17 4:00,2,1,1
10/15/17 5:00,4,0,4
10/15/17 6:00,10,4,6
10/15/17 7:00,6,3,3
10/15/17 8:00,24,7,17
10/15/17 9:00,21,11,10
10/15/17 10:00,39,15,24
10/15/17 11:00,42,21,21
10/15/17 12:00,50,26,24
10/15/17 13:00,68,37,31
10/15/17 14:00,71,34,37
10/15/17 15:00,69,27,42
10/15/17 16:00,56,29,27
10/15/17 17:00,38,17,21
10/15/17 18:00,22,14,8
10/15/17 19:00,13,10,3
10/15/17 20:00,6,6,0
10/15/17 21:00,10,6,4
10/15/17 22:00,2,0,2
10/15/17 23:00,4,1,3
10/16/17 0:00,1,1,0
10/16/17 1:00,4,4,0
10/16/17 2:00,2,0,2
10/16/17 3:00,6,2,4
10/16/17 4:00,5,1,4
10/16/17 5:00,20,2,18
10/16/17 6:00,69,7,62
10/16/17 7:00,146,11,135
10/16/17 8:00,148,11,137
10/16/17 9:00,51,6,45
10/16/17 10:00,22,7,15
10/16/17 11:00,14,3,11
10/16/17 12:00,20,10,10
10/16/17 13:00,16,6,10
10/16/17 14:00,22,15,7
10/16/17 15:00,43,29,14
10/16/17 16:00,115,96,19
10/16/17 17:00,177,157,20
10/16/17 18:00,107,97,10
10/16/17 19:00,18,14,4
10/16/17 20:00,9,7,2
10/16/17 21:00,7,6,1
10/16/17 22:00,3,2,1
10/16/17 23:00,3,3,0
10/17/17 0:00,6,4,2
10/17/17 1:00,0,0,0
10/17/17 2:00,1,1,0
10/17/17 3:00,2,1,1
10/17/17 4:00,4,3,1
10/17/17 5:00,24,3,21
10/17/17 6:00,51,6,45
10/17/17 7:00,115,8,107
10/17/17 8:00,87,6,81
10/17/17 9:00,38,1,37
10/17/17 10:00,14,4,10
10/17/17 11:00,16,1,15
10/17/17 12:00,7,5,2
10/17/17 13:00,10,5,5
10/17/17 14:00,12,5,7
10/17/17 15:00,24,12,12
10/17/17 16:00,85,72,13
10/17/17 17:00,122,108,14
10/17/17 18:00,79,67,12
10/17/17 19:00,17,16,1
10/17/17 20:00,10,9,1
10/17/17 21:00,9,5,4
10/17/17 22:00,5,4,1
10/17/17 23:00,4,4,0
10/18/17 0:00,7,5,2
10/18/17 1:00,3,2,1
10/18/17 2:00,3,2,1
10/18/17 3:00,2,1,1
10/18/17 4:00,5,1,4
10/18/17 5:00,18,5,13
10/18/17 6:00,53,8,45
10/18/17 7:00,113,10,103
10/18/17 8:00,88,6,82
10/18/17 9:00,34,7,27
10/18/17 10:00,10,1,9
10/18/17 11:00,7,3,4
10/18/17 12:00,3,1,2
10/18/17 13:00,6,4,2
10/18/17 14:00,11,8,3
10/18/17 15:00,33,23,10
10/18/17 16:00,48,43,5
10/18/17 17:00,102,87,15
10/18/17 18:00,43,41,2
10/18/17 19:00,18,14,4
10/18/17 20:00,10,9,1
10/18/17 21:00,5,5,0
10/18/17 22:00,2,1,1
10/18/17 23:00,2,2,0
10/19/17 0:00,1,0,1
10/19/17 1:00,1,1,0
10/19/17 2:00,1,1,0
10/19/17 3:00,0,0,0
10/19/17 4:00,2,0,2
10/19/17 5:00,13,1,12
10/19/17 6:00,36,8,28
10/19/17 7:00,62,4,58
10/19/17 8:00,77,7,70
10/19/17 9:00,27,3,24
10/19/17 10:00,23,6,17
10/19/17 11:00,4,2,2
10/19/17 12:00,9,6,3
10/19/17 13:00,10,3,7
10/19/17 14:00,17,8,9
10/19/17 15:00,21,19,2
10/19/17 16:00,39,29,10
10/19/17 17:00,72,61,11
10/19/17 18:00,53,48,5
10/19/17 19:00,17,16,1
10/19/17 20:00,7,6,1
10/19/17 21:00,5,3,2
10/19/17 22:00,3,3,0
10/19/17 23:00,2,1,1
10/20/17 0:00,1,1,0
10/20/17 1:00,2,0,2
10/20/17 2:00,3,3,0
10/20/17 3:00,1,0,1
10/20/17 4:00,7,1,6
10/20/17 5:00,13,1,12
10/20/17 6:00,33,4,29
10/20/17 7:00,69,8,61
10/20/17 8:00,80,6,74
10/20/17 9:00,28,2,26
10/20/17 10:00,14,4,10
10/20/17 11:00,11,5,6
10/20/17 12:00,11,4,7
10/20/17 13:00,7,3,4
10/20/17 14:00,20,11,9
10/20/17 15:00,24,17,7
10/20/17 16:00,59,48,11
10/20/17 17:00,88,80,8
10/20/17 18:00,47,41,6
10/20/17 19:00,14,12,2
10/20/17 20:00,8,7,1
10/20/17 21:00,3,2,1
10/20/17 22:00,3,2,1
10/20/17 23:00,2,2,0
10/21/17 0:00,3,2,1
10/21/17 1:00,4,2,2
10/21/17 2:00,1,1,0
10/21/17 3:00,1,1,0
10/21/17 4:00,2,1,1
10/21/17 5:00,2,1,1
10/21/17 6:00,3,2,1
10/21/17 7:00,4,2,2
10/21/17 8:00,7,2,5
10/21/17 9:00,12,7,5
10/21/17 10:00,7,3,4
10/21/17 11:00,6,2,4
10/21/17 12:00,6,3,3
10/21/17 13:00,11,6,5
10/21/17 14:00,5,1,4
10/21/17 15:00,10,7,3
10/21/17 16:00,5,2,3
10/21/17 17:00,11,7,4
10/21/17 18:00,7,2,5
10/21/17 19:00,5,5,0
10/21/17 20:00,2,0,2
10/21/17 21:00,2,2,0
10/21/17 22:00,0,0,0
10/21/17 23:00,1,1,0
10/22/17 0:00,0,0,0
10/22/17 1:00,1,0,1
10/22/17 2:00,0,0,0
10/22/17 3:00,1,1,0
10/22/17 4:00,1,0,1
10/22/17 5:00,2,1,1
10/22/17 6:00,10,5,5
10/22/17 7:00,2,0,2
10/22/17 8:00,20,9,11
10/22/17 9:00,11,3,8
10/22/17 10:00,45,30,15
10/22/17 11:00,44,17,27
10/22/17 12:00,26,10,16
10/22/17 13:00,40,20,20
10/22/17 14:00,25,12,13
10/22/17 15:00,35,16,19
10/22/17 16:00,29,15,14
10/22/17 17:00,20,9,11
10/22/17 18:00,9,3,6
10/22/17 19:00,3,2,1
10/22/17 20:00,3,0,3
10/22/17 21:00,4,2,2
10/22/17 22:00,4,4,0
10/22/17 23:00,3,2,1
10/23/17 0:00,3,1,2
10/23/17 1:00,3,2,1
10/23/17 2:00,1,1,0
10/23/17 3:00,0,0,0
10/23/17 4:00,4,0,4
10/23/17 5:00,22,2,20
10/23/17 6:00,80,15,65
10/23/17 7:00,117,9,108
10/23/17 8:00,160,15,145
10/23/17 9:00,62,5,57
10/23/17 10:00,34,12,22
10/23/17 11:00,17,5,12
10/23/17 12:00,18,4,14
10/23/17 13:00,23,12,11
10/23/17 14:00,32,20,12
10/23/17 15:00,53,33,20
10/23/17 16:00,110,95,15
10/23/17 17:00,210,181,29
10/23/17 18:00,95,76,19
10/23/17 19:00,21,20,1
10/23/17 20:00,11,9,2
10/23/17 21:00,11,10,1
10/23/17 22:00,5,2,3
10/23/17 23:00,2,1,1
10/24/17 0:00,3,1,2
10/24/17 1:00,2,1,1
10/24/17 2:00,4,4,0
10/24/17 3:00,2,2,0
10/24/17 4:00,4,1,3
10/24/17 5:00,35,5,30
10/24/17 6:00,70,12,58
10/24/17 7:00,155,19,136
10/24/17 8:00,153,16,137
10/24/17 9:00,64,7,57
10/24/17 10:00,24,5,19
10/24/17 11:00,23,10,13
10/24/17 12:00,20,9,11
10/24/17 13:00,32,16,16
10/24/17 14:00,30,13,17
10/24/17 15:00,55,41,14
10/24/17 16:00,113,92,21
10/24/17 17:00,214,181,33
10/24/17 18:00,92,77,15
10/24/17 19:00,29,25,4
10/24/17 20:00,9,9,0
10/24/17 21:00,16,14,2
10/24/17 22:00,6,4,2
10/24/17 23:00,2,2,0
10/25/17 0:00,0,0,0
10/25/17 1:00,6,5,1
10/25/17 2:00,3,2,1
10/25/17 3:00,4,3,1
10/25/17 4:00,8,3,5
10/25/17 5:00,23,2,21
10/25/17 6:00,52,4,48
10/25/17 7:00,126,19,107
10/25/17 8:00,139,16,123
10/25/17 9:00,49,7,42
10/25/17 10:00,23,2,21
10/25/17 11:00,17,3,14
10/25/17 12:00,15,7,8
10/25/17 13:00,19,10,9
10/25/17 14:00,10,7,3
10/25/17 15:00,60,42,18
10/25/17 16:00,74,64,10
10/25/17 17:00,154,136,18
10/25/17 18:00,69,63,6
10/25/17 19:00,32,27,5
10/25/17 20:00,21,14,7
10/25/17 21:00,4,3,1
10/25/17 22:00,6,6,0
10/25/17 23:00,0,0,0
10/26/17 0:00,1,0,1
10/26/17 1:00,1,1,0
10/26/17 2:00,2,1,1
10/26/17 3:00,2,1,1
10/26/17 4:00,5,1,4
10/26/17 5:00,26,1,25
10/26/17 6:00,71,9,62
10/26/17 7:00,138,15,123
10/26/17 8:00,138,19,119
10/26/17 9:00,58,7,51
10/26/17 10:00,19,2,17
10/26/17 11:00,21,12,9
10/26/17 12:00,14,4,10
10/26/17 13:00,22,12,10
10/26/17 14:00,23,15,8
10/26/17 15:00,46,29,17
10/26/17 16:00,124,97,27
10/26/17 17:00,163,136,27
10/26/17 18:00,105,87,18
10/26/17 19:00,45,33,12
10/26/17 20:00,13,8,5
10/26/17 21:00,16,11,5
10/26/17 22:00,1,1,0
10/26/17 23:00,6,3,3
10/27/17 0:00,1,1,0
10/27/17 1:00,4,1,3
10/27/17 2:00,6,4,2
10/27/17 3:00,2,2,0
10/27/17 4:00,3,0,3
10/27/17 5:00,18,1,17
10/27/17 6:00,49,4,45
10/27/17 7:00,111,10,101
10/27/17 8:00,131,10,121
10/27/17 9:00,59,10,49
10/27/17 10:00,29,3,26
10/27/17 11:00,24,10,14
10/27/17 12:00,25,7,18
10/27/17 13:00,37,18,19
10/27/17 14:00,54,25,29
10/27/17 15:00,55,39,16
10/27/17 16:00,128,98,30
10/27/17 17:00,131,107,24
10/27/17 18:00,81,61,20
10/27/17 19:00,33,26,7
10/27/17 20:00,15,10,5
10/27/17 21:00,11,5,6
10/27/17 22:00,8,3,5
10/27/17 23:00,8,6,2
10/28/17 0:00,3,2,1
10/28/17 1:00,7,6,1
10/28/17 2:00,2,1,1
10/28/17 3:00,3,2,1
10/28/17 4:00,4,2,2
10/28/17 5:00,5,0,5
10/28/17 6:00,9,2,7
10/28/17 7:00,12,4,8
10/28/17 8:00,20,4,16
10/28/17 9:00,31,17,14
10/28/17 10:00,39,15,24
10/28/17 11:00,41,16,25
10/28/17 12:00,37,16,21
10/28/17 13:00,62,30,32
10/28/17 14:00,64,33,31
10/28/17 15:00,57,36,21
10/28/17 16:00,41,25,16
10/28/17 17:00,36,21,15
10/28/17 18:00,17,13,4
10/28/17 19:00,4,4,0
10/28/17 20:00,15,9,6
10/28/17 21:00,6,5,1
10/28/17 22:00,2,2,0
10/28/17 23:00,2,2,0
10/29/17 0:00,2,2,0
10/29/17 1:00,1,1,0
10/29/17 2:00,2,2,0
10/29/17 3:00,3,1,2
10/29/17 4:00,4,2,2
10/29/17 5:00,5,0,5
10/29/17 6:00,4,2,2
10/29/17 7:00,5,1,4
10/29/17 8:00,26,10,16
10/29/17 9:00,25,15,10
10/29/17 10:00,32,8,24
10/29/17 11:00,25,9,16
10/29/17 12:00,44,22,22
10/29/17 13:00,30,14,16
10/29/17 14:00,33,17,16
10/29/17 15:00,35,20,15
10/29/17 16:00,25,15,10
10/29/17 17:00,35,20,15
10/29/17 18:00,15,8,7
10/29/17 19:00,7,5,2
10/29/17 20:00,7,4,3
10/29/17 21:00,1,1,0
10/29/17 22:00,0,0,0
10/29/17 23:00,1,1,0
10/30/17 0:00,3,3,0
10/30/17 1:00,1,1,0
10/30/17 2:00,0,0,0
10/30/17 3:00,2,1,1
10/30/17 4:00,4,0,4
10/30/17 5:00,32,3,29
10/30/17 6:00,69,16,53
10/30/17 7:00,129,8,121
10/30/17 8:00,146,15,131
10/30/17 9:00,52,6,46
10/30/17 10:00,26,3,23
10/30/17 11:00,24,14,10
10/30/17 12:00,18,9,9
10/30/17 13:00,29,11,18
10/30/17 14:00,19,10,9
10/30/17 15:00,51,41,10
10/30/17 16:00,101,86,15
10/30/17 17:00,185,159,26
10/30/17 18:00,93,81,12
10/30/17 19:00,28,25,3
10/30/17 20:00,15,13,2
10/30/17 21:00,11,8,3
10/30/17 22:00,6,4,2
10/30/17 23:00,4,3,1
10/31/17 0:00,3,2,1
10/31/17 1:00,2,1,1
10/31/17 2:00,3,2,1
10/31/17 3:00,1,0,1
10/31/17 4:00,3,2,1
10/31/17 5:00,25,3,22
10/31/17 6:00,67,10,57
10/31/17 7:00,134,7,127
10/31/17 8:00,135,12,123
10/31/17 9:00,45,5,40
10/31/17 10:00,19,7,12
10/31/17 11:00,42,27,15
10/31/17 12:00,56,16,40
10/31/17 13:00,28,13,15
10/31/17 14:00,26,15,11
10/31/17 15:00,42,33,9
10/31/17 16:00,143,117,26
10/31/17 17:00,190,165,25
10/31/17 18:00,58,54,4
10/31/17 19:00,14,10,4
10/31/17 20:00,13,10,3
10/31/17 21:00,8,2,6
10/31/17 22:00,5,3,2
10/31/17 23:00,1,0,1
11/1/17 0:00,2,2,0
11/1/17 1:00,3,2,1
11/1/17 2:00,4,2,2
11/1/17 3:00,2,2,0
11/1/17 4:00,6,3,3
11/1/17 5:00,17,2,15
11/1/17 6:00,62,8,54
11/1/17 7:00,117,15,102
11/1/17 8:00,119,12,107
11/1/17 9:00,69,11,58
11/1/17 10:00,12,4,8
11/1/17 11:00,18,9,9
11/1/17 12:00,15,4,11
11/1/17 13:00,20,10,10
11/1/17 14:00,22,11,11
11/1/17 15:00,51,40,11
11/1/17 16:00,79,68,11
11/1/17 17:00,141,123,18
11/1/17 18:00,75,59,16
11/1/17 19:00,33,28,5
11/1/17 20:00,30,21,9
11/1/17 21:00,8,5,3
11/1/17 22:00,10,10,0
11/1/17 23:00,2,2,0
11/2/17 0:00,1,0,1
11/2/17 1:00,4,1,3
11/2/17 2:00,3,2,1
11/2/17 3:00,5,1,4
11/2/17 4:00,3,1,2
11/2/17 5:00,18,2,16
11/2/17 6:00,49,8,41
11/2/17 7:00,86,9,77
11/2/17 8:00,106,15,91
11/2/17 9:00,41,3,38
11/2/17 10:00,17,5,12
11/2/17 11:00,2,1,1
11/2/17 12:00,8,5,3
11/2/17 13:00,9,3,6
11/2/17 14:00,14,6,8
11/2/17 15:00,27,17,10
11/2/17 16:00,60,45,15
11/2/17 17:00,118,100,18
11/2/17 18:00,50,42,8
11/2/17 19:00,22,15,7
11/2/17 20:00,11,11,0
11/2/17 21:00,5,4,1
11/2/17 22:00,8,8,0
11/2/17 23:00,0,0,0
11/3/17 0:00,1,1,0
11/3/17 1:00,1,0,1
11/3/17 2:00,2,1,1
11/3/17 3:00,3,3,0
11/3/17 4:00,3,1,2
11/3/17 5:00,11,1,10
11/3/17 6:00,19,3,16
11/3/17 7:00,57,4,53
11/3/17 8:00,84,8,76
11/3/17 9:00,21,1,20
11/3/17 10:00,9,4,5
11/3/17 11:00,7,2,5
11/3/17 12:00,8,2,6
11/3/17 13:00,9,4,5
11/3/17 14:00,13,6,7
11/3/17 15:00,19,14,5
11/3/17 16:00,45,41,4
11/3/17 17:00,69,63,6
11/3/17 18:00,38,35,3
11/3/17 19:00,7,6,1
11/3/17 20:00,9,8,1
11/3/17 21:00,2,1,1
11/3/17 22:00,2,2,0
11/3/17 23:00,3,2,1
11/4/17 0:00,1,1,0
11/4/17 1:00,3,1,2
11/4/17 2:00,3,2,1
11/4/17 3:00,2,1,1
11/4/17 4:00,2,2,0
11/4/17 5:00,4,0,4
11/4/17 6:00,9,5,4
11/4/17 7:00,0,0,0
11/4/17 8:00,14,5,9
11/4/17 9:00,17,8,9
11/4/17 10:00,17,12,5
11/4/17 11:00,16,7,9
11/4/17 12:00,21,6,15
11/4/17 13:00,10,1,9
11/4/17 14:00,9,5,4
11/4/17 15:00,8,4,4
11/4/17 16:00,9,8,1
11/4/17 17:00,4,2,2
11/4/17 18:00,5,3,2
11/4/17 19:00,2,2,0
11/4/17 20:00,2,1,1
11/4/17 21:00,0,0,0
11/4/17 22:00,0,0,0
11/4/17 23:00,0,0,0
11/5/17 0:00,7,5,2
11/5/17 1:00,5,5,0
11/5/17 2:00,3,1,2
11/5/17 3:00,2,1,1
11/5/17 4:00,0,0,0
11/5/17 5:00,3,1,2
11/5/17 6:00,3,0,3
11/5/17 7:00,2,1,1
11/5/17 8:00,3,1,2
11/5/17 9:00,5,2,3
11/5/17 10:00,6,3,3
11/5/17 11:00,4,2,2
11/5/17 12:00,8,2,6
11/5/17 13:00,4,3,1
11/5/17 14:00,3,0,3
11/5/17 15:00,2,0,2
11/5/17 16:00,6,4,2
11/5/17 17:00,9,7,2
11/5/17 18:00,2,1,1
11/5/17 19:00,5,4,1
11/5/17 20:00,1,1,0
11/5/17 21:00,1,0,1
11/5/17 22:00,1,1,0
11/5/17 23:00,2,0,2
11/6/17 0:00,0,0,0
11/6/17 1:00,2,1,1
11/6/17 2:00,2,2,0
11/6/17 3:00,1,1,0
11/6/17 4:00,0,0,0
11/6/17 5:00,16,2,14
11/6/17 6:00,45,6,39
11/6/17 7:00,124,7,117
11/6/17 8:00,100,8,92
11/6/17 9:00,43,7,36
11/6/17 10:00,15,2,13
11/6/17 11:00,24,11,13
11/6/17 12:00,22,6,16
11/6/17 13:00,23,12,11
11/6/17 14:00,22,13,9
11/6/17 15:00,34,23,11
11/6/17 16:00,88,72,16
11/6/17 17:00,146,129,17
11/6/17 18:00,60,54,6
11/6/17 19:00,18,15,3
11/6/17 20:00,7,5,2
11/6/17 21:00,6,3,3
11/6/17 22:00,5,5,0
11/6/17 23:00,0,0,0
11/7/17 0:00,1,0,1
11/7/17 1:00,1,0,1
11/7/17 2:00,3,2,1
11/7/17 3:00,2,2,0
11/7/17 4:00,4,2,2
11/7/17 5:00,28,4,24
11/7/17 6:00,61,12,49
11/7/17 7:00,132,12,120
11/7/17 8:00,114,9,105
11/7/17 9:00,37,2,35
11/7/17 10:00,17,1,16
11/7/17 11:00,12,6,6
11/7/17 12:00,13,5,8
11/7/17 13:00,19,11,8
11/7/17 14:00,26,11,15
11/7/17 15:00,33,25,8
11/7/17 16:00,109,81,28
11/7/17 17:00,132,122,10
11/7/17 18:00,76,62,14
11/7/17 19:00,26,24,2
11/7/17 20:00,9,4,5
11/7/17 21:00,11,9,2
11/7/17 22:00,2,2,0
11/7/17 23:00,2,1,1
11/8/17 0:00,3,1,2
11/8/17 1:00,0,0,0
11/8/17 2:00,1,0,1
11/8/17 3:00,1,1,0
11/8/17 4:00,3,2,1
11/8/17 5:00,18,2,16
11/8/17 6:00,41,8,33
11/8/17 7:00,91,6,85
11/8/17 8:00,149,10,139
11/8/17 9:00,45,4,41
11/8/17 10:00,11,0,11
11/8/17 11:00,15,8,7
11/8/17 12:00,12,6,6
11/8/17 13:00,17,6,11
11/8/17 14:00,19,11,8
11/8/17 15:00,32,29,3
11/8/17 16:00,80,68,12
11/8/17 17:00,126,109,17
11/8/17 18:00,42,38,4
11/8/17 19:00,23,21,2
11/8/17 20:00,6,6,0
11/8/17 21:00,8,6,2
11/8/17 22:00,5,5,0
11/8/17 23:00,1,1,0
11/9/17 0:00,4,3,1
11/9/17 1:00,1,0,1
11/9/17 2:00,4,3,1
11/9/17 3:00,1,0,1
11/9/17 4:00,6,3,3
11/9/17 5:00,12,2,10
11/9/17 6:00,45,10,35
11/9/17 7:00,75,7,68
11/9/17 8:00,81,6,75
11/9/17 9:00,43,6,37
11/9/17 10:00,16,3,13
11/9/17 11:00,8,3,5
11/9/17 12:00,6,2,4
11/9/17 13:00,9,5,4
11/9/17 14:00,7,3,4
11/9/17 15:00,26,22,4
11/9/17 16:00,49,41,8
11/9/17 17:00,92,83,9
11/9/17 18:00,48,40,8
11/9/17 19:00,17,16,1
11/9/17 20:00,6,5,1
11/9/17 21:00,7,5,2
11/9/17 22:00,2,1,1
11/9/17 23:00,2,2,0
11/10/17 0:00,1,0,1
11/10/17 1:00,2,1,1
11/10/17 2:00,4,2,2
11/10/17 3:00,1,1,0
11/10/17 4:00,1,1,0
11/10/17 5:00,13,1,12
11/10/17 6:00,24,4,20
11/10/17 7:00,77,10,67
11/10/17 8:00,75,6,69
11/10/17 9:00,45,8,37
11/10/17 10:00,19,3,16
11/10/17 11:00,22,12,10
11/10/17 12:00,28,7,21
11/10/17 13:00,34,14,20
11/10/17 14:00,36,14,22
11/10/17 15:00,43,31,12
11/10/17 16:00,73,61,12
11/10/17 17:00,82,73,9
11/10/17 18:00,49,37,12
11/10/17 19:00,10,10,0
11/10/17 20:00,8,6,2
11/10/17 21:00,7,6,1
11/10/17 22:00,4,1,3
11/10/17 23:00,4,3,1
11/11/17 0:00,2,0,2
11/11/17 1:00,1,1,0
11/11/17 2:00,2,2,0
11/11/17 3:00,0,0,0
11/11/17 4:00,3,2,1
11/11/17 5:00,4,0,4
11/11/17 6:00,4,1,3
11/11/17 7:00,7,3,4
11/11/17 8:00,16,4,12
11/11/17 9:00,11,3,8
11/11/17 10:00,33,16,17
11/11/17 11:00,19,6,13
11/11/17 12:00,13,7,6
11/11/17 13:00,10,4,6
11/11/17 14:00,12,10,2
11/11/17 15:00,12,8,4
11/11/17 16:00,16,10,6
11/11/17 17:00,16,10,6
11/11/17 18:00,3,2,1
11/11/17 19:00,3,1,2
11/11/17 20:00,0,0,0
11/11/17 21:00,3,3,0
11/11/17 22:00,2,2,0
11/11/17 23:00,3,3,0
11/12/17 0:00,2,1,1
11/12/17 1:00,6,4,2
11/12/17 2:00,1,1,0
11/12/17 3:00,0,0,0
11/12/17 4:00,1,1,0
11/12/17 5:00,3,0,3
11/12/17 6:00,2,2,0
11/12/17 7:00,0,0,0
11/12/17 8:00,8,4,4
11/12/17 9:00,11,4,7
11/12/17 10:00,15,3,12
11/12/17 11:00,25,11,14
11/12/17 12:00,28,13,15
11/12/17 13:00,20,10,10
11/12/17 14:00,8,7,1
11/12/17 15:00,15,9,6
11/12/17 16:00,11,6,5
11/12/17 17:00,8,4,4
11/12/17 18:00,7,3,4
11/12/17 19:00,7,4,3
11/12/17 20:00,3,2,1
11/12/17 21:00,1,0,1
11/12/17 22:00,1,1,0
11/12/17 23:00,1,1,0
11/13/17 0:00,1,1,0
11/13/17 1:00,3,1,2
11/13/17 2:00,0,0,0
11/13/17 3:00,1,1,0
11/13/17 4:00,4,1,3
11/13/17 5:00,16,1,15
11/13/17 6:00,27,4,23
11/13/17 7:00,83,3,80
11/13/17 8:00,78,4,74
11/13/17 9:00,28,2,26
11/13/17 10:00,13,2,11
11/13/17 11:00,10,3,7
11/13/17 12:00,9,3,6
11/13/17 13:00,8,4,4
11/13/17 14:00,4,3,1
11/13/17 15:00,21,16,5
11/13/17 16:00,38,34,4
11/13/17 17:00,65,58,7
11/13/17 18:00,28,27,1
11/13/17 19:00,7,7,0
11/13/17 20:00,8,6,2
11/13/17 21:00,4,2,2
11/13/17 22:00,3,3,0
11/13/17 23:00,1,1,0
11/14/17 0:00,0,0,0
11/14/17 1:00,1,0,1
11/14/17 2:00,1,0,1
11/14/17 3:00,1,1,0
11/14/17 4:00,4,2,2
11/14/17 5:00,22,5,17
11/14/17 6:00,34,6,28
11/14/17 7:00,81,9,72
11/14/17 8:00,95,7,88
11/14/17 9:00,34,6,28
11/14/17 10:00,14,2,12
11/14/17 11:00,4,2,2
11/14/17 12:00,6,3,3
11/14/17 13:00,11,7,4
11/14/17 14:00,17,11,6
11/14/17 15:00,25,18,7
11/14/17 16:00,49,42,7
11/14/17 17:00,103,92,11
11/14/17 18:00,45,40,5
11/14/17 19:00,29,24,5
11/14/17 20:00,5,4,1
11/14/17 21:00,8,5,3
11/14/17 22:00,2,1,1
11/14/17 23:00,2,2,0
11/15/17 0:00,2,1,1
11/15/17 1:00,0,0,0
11/15/17 2:00,0,0,0
11/15/17 3:00,1,1,0
11/15/17 4:00,4,1,3
11/15/17 5:00,11,1,10
11/15/17 6:00,30,7,23
11/15/17 7:00,51,6,45
11/15/17 8:00,93,3,90
11/15/17 9:00,24,1,23
11/15/17 10:00,12,2,10
11/15/17 11:00,6,1,5
11/15/17 12:00,6,3,3
11/15/17 13:00,8,4,4
11/15/17 14:00,12,8,4
11/15/17 15:00,23,19,4
11/15/17 16:00,41,30,11
11/15/17 17:00,87,77,10
11/15/17 18:00,46,40,6
11/15/17 19:00,21,19,2
11/15/17 20:00,7,7,0
11/15/17 21:00,8,6,2
11/15/17 22:00,4,2,2
11/15/17 23:00,0,0,0
11/16/17 0:00,0,0,0
11/16/17 1:00,4,3,1
11/16/17 2:00,2,2,0
11/16/17 3:00,1,1,0
11/16/17 4:00,7,2,5
11/16/17 5:00,23,3,20
11/16/17 6:00,32,5,27
11/16/17 7:00,86,9,77
11/16/17 8:00,98,9,89
11/16/17 9:00,31,5,26
11/16/17 10:00,26,11,15
11/16/17 11:00,5,1,4
11/16/17 12:00,5,4,1
11/16/17 13:00,13,4,9
11/16/17 14:00,7,2,5
11/16/17 15:00,49,36,13
11/16/17 16:00,54,46,8
11/16/17 17:00,91,79,12
11/16/17 18:00,70,58,12
11/16/17 19:00,25,19,6
11/16/17 20:00,8,7,1
11/16/17 21:00,8,6,2
11/16/17 22:00,4,2,2
11/16/17 23:00,3,2,1
11/17/17 0:00,0,0,0
11/17/17 1:00,1,0,1
11/17/17 2:00,4,3,1
11/17/17 3:00,1,0,1
11/17/17 4:00,7,1,6
11/17/17 5:00,15,4,11
11/17/17 6:00,48,8,40
11/17/17 7:00,94,14,80
11/17/17 8:00,108,8,100
11/17/17 9:00,47,8,39
11/17/17 10:00,22,4,18
11/17/17 11:00,18,7,11
11/17/17 12:00,18,7,11
11/17/17 13:00,24,13,11
11/17/17 14:00,27,14,13
11/17/17 15:00,40,24,16
11/17/17 16:00,65,57,8
11/17/17 17:00,103,88,15
11/17/17 18:00,49,38,11
11/17/17 19:00,24,22,2
11/17/17 20:00,13,8,5
11/17/17 21:00,8,6,2
11/17/17 22:00,6,4,2
11/17/17 23:00,5,4,1
11/18/17 0:00,2,1,1
11/18/17 1:00,0,0,0
11/18/17 2:00,2,2,0
11/18/17 3:00,1,1,0
11/18/17 4:00,2,2,0
11/18/17 5:00,4,0,4
11/18/17 6:00,7,1,6
11/18/17 7:00,7,0,7
11/18/17 8:00,20,5,15
11/18/17 9:00,24,9,15
11/18/17 10:00,28,10,18
11/18/17 11:00,36,24,12
11/18/17 12:00,53,23,30
11/18/17 13:00,44,17,27
11/18/17 14:00,43,24,19
11/18/17 15:00,42,21,21
11/18/17 16:00,27,15,12
11/18/17 17:00,19,13,6
11/18/17 18:00,9,7,2
11/18/17 19:00,8,2,6
11/18/17 20:00,5,4,1
11/18/17 21:00,6,6,0
11/18/17 22:00,1,1,0
11/18/17 23:00,2,2,0
11/19/17 0:00,2,2,0
11/19/17 1:00,3,2,1
11/19/17 2:00,1,1,0
11/19/17 3:00,2,2,0
11/19/17 4:00,1,1,0
11/19/17 5:00,2,0,2
11/19/17 6:00,3,1,2
11/19/17 7:00,1,0,1
11/19/17 8:00,9,1,8
11/19/17 9:00,11,4,7
11/19/17 10:00,26,12,14
11/19/17 11:00,28,17,11
11/19/17 12:00,24,12,12
11/19/17 13:00,15,6,9
11/19/17 14:00,19,11,8
11/19/17 15:00,7,5,2
11/19/17 16:00,5,1,4
11/19/17 17:00,4,1,3
11/19/17 18:00,1,1,0
11/19/17 19:00,2,2,0
11/19/17 20:00,1,1,0
11/19/17 21:00,1,1,0
11/19/17 22:00,0,0,0
11/19/17 23:00,1,1,0
11/20/17 0:00,1,0,1
11/20/17 1:00,3,3,0
11/20/17 2:00,0,0,0
11/20/17 3:00,1,1,0
11/20/17 4:00,4,1,3
11/20/17 5:00,15,3,12
11/20/17 6:00,36,2,34
11/20/17 7:00,68,7,61
11/20/17 8:00,63,6,57
11/20/17 9:00,29,3,26
11/20/17 10:00,11,1,10
11/20/17 11:00,14,5,9
11/20/17 12:00,14,5,9
11/20/17 13:00,11,7,4
11/20/17 14:00,14,6,8
11/20/17 15:00,22,20,2
11/20/17 16:00,54,39,15
11/20/17 17:00,84,78,6
11/20/17 18:00,52,40,12
11/20/17 19:00,17,13,4
11/20/17 20:00,7,6,1
11/20/17 21:00,7,6,1
11/20/17 22:00,2,2,0
11/20/17 23:00,6,2,4
11/21/17 0:00,2,2,0
11/21/17 1:00,2,2,0
11/21/17 2:00,0,0,0
11/21/17 3:00,0,0,0
11/21/17 4:00,5,2,3
11/21/17 5:00,17,2,15
11/21/17 6:00,22,0,22
11/21/17 7:00,70,6,64
11/21/17 8:00,58,5,53
11/21/17 9:00,23,1,22
11/21/17 10:00,9,0,9
11/21/17 11:00,4,2,2
11/21/17 12:00,8,4,4
11/21/17 13:00,5,5,0
11/21/17 14:00,11,4,7
11/21/17 15:00,13,12,1
11/21/17 16:00,34,29,5
11/21/17 17:00,70,63,7
11/21/17 18:00,35,29,6
11/21/17 19:00,13,12,1
11/21/17 20:00,6,4,2
11/21/17 21:00,3,3,0
11/21/17 22:00,2,2,0
11/21/17 23:00,1,0,1
11/22/17 0:00,2,1,1
11/22/17 1:00,1,1,0
11/22/17 2:00,2,0,2
11/22/17 3:00,0,0,0
11/22/17 4:00,5,3,2
11/22/17 5:00,10,1,9
11/22/17 6:00,25,2,23
11/22/17 7:00,70,7,63
11/22/17 8:00,64,9,55
11/22/17 9:00,39,14,25
11/22/17 10:00,18,6,12
11/22/17 11:00,13,4,9
11/22/17 12:00,22,7,15
11/22/17 13:00,21,11,10
11/22/17 14:00,28,21,7
11/22/17 15:00,47,38,9
11/22/17 16:00,55,48,7
11/22/17 17:00,47,42,5
11/22/17 18:00,20,17,3
11/22/17 19:00,10,9,1
11/22/17 20:00,8,7,1
11/22/17 21:00,4,2,2
11/22/17 22:00,1,1,0
11/22/17 23:00,4,2,2
11/23/17 0:00,1,1,0
11/23/17 1:00,2,0,2
11/23/17 2:00,3,2,1
11/23/17 3:00,1,1,0
11/23/17 4:00,1,0,1
11/23/17 5:00,4,1,3
11/23/17 6:00,3,2,1
11/23/17 7:00,3,2,1
11/23/17 8:00,11,4,7
11/23/17 9:00,14,9,5
11/23/17 10:00,6,1,5
11/23/17 11:00,6,5,1
11/23/17 12:00,6,3,3
11/23/17 13:00,4,3,1
11/23/17 14:00,8,3,5
11/23/17 15:00,12,8,4
11/23/17 16:00,6,3,3
11/23/17 17:00,3,1,2
11/23/17 18:00,1,0,1
11/23/17 19:00,6,1,5
11/23/17 20:00,3,0,3
11/23/17 21:00,5,1,4
11/23/17 22:00,2,2,0
11/23/17 23:00,2,1,1
11/24/17 0:00,0,0,0
11/24/17 1:00,0,0,0
11/24/17 2:00,5,2,3
11/24/17 3:00,1,0,1
11/24/17 4:00,6,2,4
11/24/17 5:00,2,1,1
11/24/17 6:00,6,2,4
11/24/17 7:00,10,3,7
11/24/17 8:00,22,5,17
11/24/17 9:00,11,4,7
11/24/17 10:00,24,12,12
11/24/17 11:00,29,13,16
11/24/17 12:00,27,14,13
11/24/17 13:00,26,13,13
11/24/17 14:00,31,18,13
11/24/17 15:00,18,10,8
11/24/17 16:00,21,12,9
11/24/17 17:00,14,10,4
11/24/17 18:00,6,4,2
11/24/17 19:00,8,4,4
11/24/17 20:00,3,3,0
11/24/17 21:00,4,2,2
11/24/17 22:00,3,2,1
11/24/17 23:00,1,1,0
11/25/17 0:00,1,0,1
11/25/17 1:00,1,1,0
11/25/17 2:00,0,0,0
11/25/17 3:00,0,0,0
11/25/17 4:00,1,1,0
11/25/17 5:00,0,0,0
11/25/17 6:00,2,0,2
11/25/17 7:00,4,0,4
11/25/17 8:00,20,4,16
11/25/17 9:00,23,12,11
11/25/17 10:00,36,16,20
11/25/17 11:00,35,17,18
11/25/17 12:00,49,26,23
11/25/17 13:00,27,9,18
11/25/17 14:00,28,15,13
11/25/17 15:00,17,14,3
11/25/17 16:00,7,5,2
11/25/17 17:00,5,4,1
11/25/17 18:00,2,2,0
11/25/17 19:00,4,1,3
11/25/17 20:00,3,1,2
11/25/17 21:00,2,1,1
11/25/17 22:00,0,0,0
11/25/17 23:00,1,1,0
11/26/17 0:00,2,1,1
11/26/17 1:00,4,1,3
11/26/17 2:00,3,3,0
11/26/17 3:00,2,1,1
11/26/17 4:00,3,2,1
11/26/17 5:00,3,1,2
11/26/17 6:00,2,1,1
11/26/17 7:00,4,1,3
11/26/17 8:00,3,0,3
11/26/17 9:00,8,3,5
11/26/17 10:00,20,13,7
11/26/17 11:00,20,8,12
11/26/17 12:00,9,3,6
11/26/17 13:00,10,6,4
11/26/17 14:00,7,3,4
11/26/17 15:00,6,5,1
11/26/17 16:00,4,2,2
11/26/17 17:00,9,5,4
11/26/17 18:00,3,2,1
11/26/17 19:00,4,4,0
11/26/17 20:00,4,1,3
11/26/17 21:00,3,2,1
11/26/17 22:00,0,0,0
11/26/17 23:00,3,2,1
11/27/17 0:00,0,0,0
11/27/17 1:00,2,1,1
11/27/17 2:00,0,0,0
11/27/17 3:00,1,1,0
11/27/17 4:00,10,1,9
11/27/17 5:00,22,4,18
11/27/17 6:00,51,9,42
11/27/17 7:00,126,12,114
11/27/17 8:00,125,14,111
11/27/17 9:00,45,5,40
11/27/17 10:00,23,5,18
11/27/17 11:00,10,2,8
11/27/17 12:00,12,5,7
11/27/17 13:00,20,7,13
11/27/17 14:00,14,12,2
11/27/17 15:00,46,28,18
11/27/17 16:00,90,77,13
11/27/17 17:00,151,135,16
11/27/17 18:00,72,62,10
11/27/17 19:00,25,22,3
11/27/17 20:00,9,8,1
11/27/17 21:00,9,8,1
11/27/17 22:00,5,4,1
11/27/17 23:00,1,1,0
11/28/17 0:00,2,0,2
11/28/17 1:00,3,1,2
11/28/17 2:00,2,1,1
11/28/17 3:00,1,1,0
11/28/17 4:00,8,1,7
11/28/17 5:00,28,3,25
11/28/17 6:00,35,7,28
11/28/17 7:00,82,9,73
11/28/17 8:00,87,4,83
11/28/17 9:00,31,2,29
11/28/17 10:00,9,0,9
11/28/17 11:00,4,2,2
11/28/17 12:00,5,3,2
11/28/17 13:00,9,2,7
11/28/17 14:00,8,3,5
11/28/17 15:00,12,10,2
11/28/17 16:00,57,47,10
11/28/17 17:00,98,87,11
11/28/17 18:00,71,65,6
11/28/17 19:00,18,17,1
11/28/17 20:00,3,2,1
11/28/17 21:00,7,5,2
11/28/17 22:00,3,3,0
11/28/17 23:00,1,1,0
11/29/17 0:00,3,2,1
11/29/17 1:00,2,0,2
11/29/17 2:00,2,1,1
11/29/17 3:00,0,0,0
11/29/17 4:00,7,3,4
11/29/17 5:00,16,2,14
11/29/17 6:00,62,9,53
11/29/17 7:00,118,12,106
11/29/17 8:00,110,8,102
11/29/17 9:00,58,2,56
11/29/17 10:00,19,5,14
11/29/17 11:00,16,7,9
11/29/17 12:00,19,8,11
11/29/17 13:00,18,8,10
11/29/17 14:00,22,15,7
11/29/17 15:00,41,33,8
11/29/17 16:00,91,68,23
11/29/17 17:00,138,118,20
11/29/17 18:00,63,56,7
11/29/17 19:00,31,24,7
11/29/17 20:00,21,17,4
11/29/17 21:00,7,7,0
11/29/17 22:00,7,6,1
11/29/17 23:00,2,2,0
11/30/17 0:00,3,2,1
11/30/17 1:00,3,3,0
11/30/17 2:00,2,2,0
11/30/17 3:00,3,2,1
11/30/17 4:00,5,0,5
11/30/17 5:00,21,3,18
11/30/17 6:00,40,6,34
11/30/17 7:00,83,8,75
11/30/17 8:00,75,7,68
11/30/17 9:00,29,1,28
11/30/17 10:00,13,2,11
11/30/17 11:00,11,3,8
11/30/17 12:00,9,5,4
11/30/17 13:00,12,4,8
11/30/17 14:00,10,4,6
11/30/17 15:00,24,17,7
11/30/17 16:00,43,33,10
11/30/17 17:00,101,88,13
11/30/17 18:00,54,42,12
11/30/17 19:00,24,17,7
11/30/17 20:00,8,8,0
11/30/17 21:00,6,2,4
11/30/17 22:00,12,11,1
11/30/17 23:00,3,3,0
12/1/17 0:00,2,1,1
12/1/17 1:00,0,0,0
12/1/17 2:00,3,2,1
12/1/17 3:00,2,0,2
12/1/17 4:00,5,3,2
12/1/17 5:00,13,0,13
12/1/17 6:00,33,9,24
12/1/17 7:00,87,14,73
12/1/17 8:00,83,7,76
12/1/17 9:00,34,3,31
12/1/17 10:00,11,2,9
12/1/17 11:00,13,3,10
12/1/17 12:00,5,1,4
12/1/17 13:00,9,4,5
12/1/17 14:00,9,7,2
12/1/17 15:00,21,14,7
12/1/17 16:00,54,48,6
12/1/17 17:00,81,71,10
12/1/17 18:00,32,23,9
12/1/17 19:00,18,15,3
12/1/17 20:00,9,8,1
12/1/17 21:00,6,5,1
12/1/17 22:00,7,5,2
12/1/17 23:00,2,1,1
12/2/17 0:00,4,3,1
12/2/17 1:00,7,2,5
12/2/17 2:00,2,2,0
12/2/17 3:00,2,0,2
12/2/17 4:00,6,4,2
12/2/17 5:00,3,0,3
12/2/17 6:00,4,0,4
12/2/17 7:00,2,0,2
12/2/17 8:00,12,2,10
12/2/17 9:00,9,4,5
12/2/17 10:00,5,2,3
12/2/17 11:00,0,0,0
12/2/17 12:00,6,4,2
12/2/17 13:00,6,2,4
12/2/17 14:00,4,2,2
12/2/17 15:00,6,4,2
12/2/17 16:00,6,2,4
12/2/17 17:00,6,4,2
12/2/17 18:00,4,0,4
12/2/17 19:00,2,1,1
12/2/17 20:00,2,2,0
12/2/17 21:00,2,1,1
12/2/17 22:00,1,1,0
12/2/17 23:00,1,1,0
12/3/17 0:00,1,1,0
12/3/17 1:00,1,1,0
12/3/17 2:00,1,1,0
12/3/17 3:00,0,0,0
12/3/17 4:00,1,0,1
12/3/17 5:00,4,2,2
12/3/17 6:00,3,0,3
12/3/17 7:00,5,2,3
12/3/17 8:00,21,9,12
12/3/17 9:00,36,12,24
12/3/17 10:00,34,20,14
12/3/17 11:00,34,19,15
12/3/17 12:00,20,10,10
12/3/17 13:00,30,8,22
12/3/17 14:00,20,12,8
12/3/17 15:00,29,14,15
12/3/17 16:00,20,9,11
12/3/17 17:00,10,6,4
12/3/17 18:00,2,0,2
12/3/17 19:00,10,7,3
12/3/17 20:00,1,1,0
12/3/17 21:00,8,6,2
12/3/17 22:00,3,0,3
12/3/17 23:00,5,5,0
12/4/17 0:00,0,0,0
12/4/17 1:00,5,2,3
12/4/17 2:00,1,0,1
12/4/17 3:00,0,0,0
12/4/17 4:00,7,0,7
12/4/17 5:00,15,4,11
12/4/17 6:00,52,4,48
12/4/17 7:00,100,8,92
12/4/17 8:00,112,12,100
12/4/17 9:00,28,1,27
12/4/17 10:00,21,3,18
12/4/17 11:00,8,3,5
12/4/17 12:00,14,6,8
12/4/17 13:00,15,7,8
12/4/17 14:00,14,7,7
12/4/17 15:00,30,19,11
12/4/17 16:00,79,65,14
12/4/17 17:00,133,117,16
12/4/17 18:00,58,49,9
12/4/17 19:00,28,26,2
12/4/17 20:00,10,8,2
12/4/17 21:00,5,5,0
12/4/17 22:00,3,3,0
12/4/17 23:00,1,0,1
12/5/17 0:00,0,0,0
12/5/17 1:00,1,1,0
12/5/17 2:00,0,0,0
12/5/17 3:00,2,1,1
12/5/17 4:00,4,1,3
12/5/17 5:00,33,3,30
12/5/17 6:00,41,7,34
12/5/17 7:00,95,8,87
12/5/17 8:00,115,7,108
12/5/17 9:00,33,3,30
12/5/17 10:00,11,0,11
12/5/17 11:00,13,6,7
12/5/17 12:00,17,5,12
12/5/17 13:00,21,7,14
12/5/17 14:00,19,10,9
12/5/17 15:00,33,22,11
12/5/17 16:00,70,61,9
12/5/17 17:00,124,108,16
12/5/17 18:00,64,56,8
12/5/17 19:00,20,19,1
12/5/17 20:00,9,7,2
12/5/17 21:00,10,7,3
12/5/17 22:00,10,8,2
12/5/17 23:00,1,1,0
12/6/17 0:00,5,3,2
12/6/17 1:00,2,2,0
12/6/17 2:00,2,1,1
12/6/17 3:00,1,1,0
12/6/17 4:00,3,0,3
12/6/17 5:00,24,3,21
12/6/17 6:00,56,7,49
12/6/17 7:00,92,15,77
12/6/17 8:00,101,7,94
12/6/17 9:00,51,6,45
12/6/17 10:00,24,4,20
12/6/17 11:00,24,7,17
12/6/17 12:00,22,11,11
12/6/17 13:00,18,8,10
12/6/17 14:00,25,14,11
12/6/17 15:00,46,28,18
12/6/17 16:00,71,58,13
12/6/17 17:00,119,103,16
12/6/17 18:00,54,50,4
12/6/17 19:00,27,23,4
12/6/17 20:00,28,19,9
12/6/17 21:00,5,5,0
12/6/17 22:00,6,6,0
12/6/17 23:00,2,1,1
12/7/17 0:00,0,0,0
12/7/17 1:00,2,1,1
12/7/17 2:00,1,1,0
12/7/17 3:00,2,1,1
12/7/17 4:00,4,1,3
12/7/17 5:00,22,2,20
12/7/17 6:00,38,1,37
12/7/17 7:00,58,10,48
12/7/17 8:00,105,5,100
12/7/17 9:00,42,3,39
12/7/17 10:00,21,5,16
12/7/17 11:00,17,6,11
12/7/17 12:00,19,7,12
12/7/17 13:00,14,5,9
12/7/17 14:00,17,11,6
12/7/17 15:00,35,22,13
12/7/17 16:00,69,57,12
12/7/17 17:00,87,79,8
12/7/17 18:00,71,62,9
12/7/17 19:00,30,24,6
12/7/17 20:00,11,9,2
12/7/17 21:00,8,5,3
12/7/17 22:00,10,9,1
12/7/17 23:00,3,2,1
12/8/17 0:00,1,1,0
12/8/17 1:00,0,0,0
12/8/17 2:00,2,2,0
12/8/17 3:00,2,2,0
12/8/17 4:00,2,1,1
12/8/17 5:00,14,1,13
12/8/17 6:00,26,2,24
12/8/17 7:00,59,10,49
12/8/17 8:00,69,5,64
12/8/17 9:00,30,2,28
12/8/17 10:00,12,3,9
12/8/17 11:00,11,3,8
12/8/17 12:00,14,9,5
12/8/17 13:00,19,8,11
12/8/17 14:00,19,9,10
12/8/17 15:00,34,25,9
12/8/17 16:00,53,42,11
12/8/17 17:00,73,58,15
12/8/17 18:00,35,28,7
12/8/17 19:00,22,19,3
12/8/17 20:00,8,5,3
12/8/17 21:00,3,2,1
12/8/17 22:00,5,3,2
12/8/17 23:00,5,3,2
12/9/17 0:00,1,1,0
12/9/17 1:00,2,1,1
12/9/17 2:00,2,2,0
12/9/17 3:00,1,1,0
12/9/17 4:00,2,1,1
12/9/17 5:00,4,0,4
12/9/17 6:00,5,2,3
12/9/17 7:00,2,0,2
12/9/17 8:00,7,1,6
12/9/17 9:00,10,4,6
12/9/17 10:00,21,7,14
12/9/17 11:00,23,12,11
12/9/17 12:00,28,18,10
12/9/17 13:00,33,15,18
12/9/17 14:00,36,19,17
12/9/17 15:00,19,10,9
12/9/17 16:00,22,6,16
12/9/17 17:00,14,8,6
12/9/17 18:00,5,4,1
12/9/17 19:00,10,6,4
12/9/17 20:00,2,1,1
12/9/17 21:00,7,6,1
12/9/17 22:00,6,5,1
12/9/17 23:00,2,1,1
12/10/17 0:00,1,0,1
12/10/17 1:00,4,2,2
12/10/17 2:00,1,1,0
12/10/17 3:00,2,1,1
12/10/17 4:00,2,1,1
12/10/17 5:00,2,0,2
12/10/17 6:00,3,0,3
12/10/17 7:00,1,1,0
12/10/17 8:00,12,5,7
12/10/17 9:00,18,9,9
12/10/17 10:00,22,7,15
12/10/17 11:00,29,13,16
12/10/17 12:00,34,18,16
12/10/17 13:00,43,19,24
12/10/17 14:00,33,17,16
12/10/17 15:00,29,13,16
12/10/17 16:00,17,8,9
12/10/17 17:00,9,6,3
12/10/17 18:00,2,1,1
12/10/17 19:00,3,2,1
12/10/17 20:00,1,1,0
12/10/17 21:00,0,0,0
12/10/17 22:00,2,2,0
12/10/17 23:00,5,1,4
12/11/17 0:00,1,1,0
12/11/17 1:00,2,1,1
12/11/17 2:00,0,0,0
12/11/17 3:00,0,0,0
12/11/17 4:00,0,0,0
12/11/17 5:00,22,3,19
12/11/17 6:00,32,1,31
12/11/17 7:00,59,5,54
12/11/17 8:00,68,5,63
12/11/17 9:00,37,3,34
12/11/17 10:00,13,1,12
12/11/17 11:00,16,9,7
12/11/17 12:00,12,7,5
12/11/17 13:00,13,3,10
12/11/17 14:00,14,7,7
12/11/17 15:00,32,25,7
12/11/17 16:00,71,52,19
12/11/17 17:00,89,79,10
12/11/17 18:00,49,43,6
12/11/17 19:00,19,14,5
12/11/17 20:00,5,5,0
12/11/17 21:00,7,6,1
12/11/17 22:00,1,1,0
12/11/17 23:00,0,0,0
12/12/17 0:00,0,0,0
12/12/17 1:00,0,0,0
12/12/17 2:00,1,1,0
12/12/17 3:00,1,1,0
12/12/17 4:00,1,1,0
12/12/17 5:00,23,2,21
12/12/17 6:00,56,5,51
12/12/17 7:00,75,7,68
12/12/17 8:00,93,3,90
12/12/17 9:00,41,4,37
12/12/17 10:00,13,2,11
12/12/17 11:00,11,5,6
12/12/17 12:00,8,2,6
12/12/17 13:00,19,6,13
12/12/17 14:00,17,9,8
12/12/17 15:00,31,25,6
12/12/17 16:00,74,58,16
12/12/17 17:00,115,102,13
12/12/17 18:00,55,48,7
12/12/17 19:00,23,20,3
12/12/17 20:00,10,7,3
12/12/17 21:00,5,5,0
12/12/17 22:00,6,6,0
12/12/17 23:00,1,1,0
12/13/17 0:00,0,0,0
12/13/17 1:00,0,0,0
12/13/17 2:00,1,1,0
12/13/17 3:00,1,1,0
12/13/17 4:00,2,1,1
12/13/17 5:00,26,3,23
12/13/17 6:00,52,1,51
12/13/17 7:00,69,6,63
12/13/17 8:00,111,7,104
12/13/17 9:00,38,4,34
12/13/17 10:00,19,4,15
12/13/17 11:00,14,4,10
12/13/17 12:00,18,6,12
12/13/17 13:00,13,7,6
12/13/17 14:00,33,18,15
12/13/17 15:00,36,29,7
12/13/17 16:00,72,60,12
12/13/17 17:00,101,91,10
12/13/17 18:00,70,58,12
12/13/17 19:00,28,21,7
12/13/17 20:00,10,7,3
12/13/17 21:00,7,4,3
12/13/17 22:00,9,7,2
12/13/17 23:00,5,4,1
12/14/17 0:00,0,0,0
12/14/17 1:00,1,0,1
12/14/17 2:00,2,2,0
12/14/17 3:00,4,3,1
12/14/17 4:00,5,3,2
12/14/17 5:00,23,1,22
12/14/17 6:00,37,6,31
12/14/17 7:00,77,8,69
12/14/17 8:00,93,4,89
12/14/17 9:00,36,1,35
12/14/17 10:00,18,3,15
12/14/17 11:00,13,4,9
12/14/17 12:00,17,7,10
12/14/17 13:00,12,9,3
12/14/17 14:00,27,13,14
12/14/17 15:00,34,27,7
12/14/17 16:00,56,49,7
12/14/17 17:00,96,83,13
12/14/17 18:00,51,44,7
12/14/17 19:00,24,20,4
12/14/17 20:00,9,8,1
12/14/17 21:00,5,2,3
12/14/17 22:00,9,3,6
12/14/17 23:00,3,3,0
12/15/17 0:00,5,3,2
12/15/17 1:00,2,1,1
12/15/17 2:00,1,1,0
12/15/17 3:00,2,1,1
12/15/17 4:00,6,2,4
12/15/17 5:00,20,3,17
12/15/17 6:00,20,0,20
12/15/17 7:00,52,3,49
12/15/17 8:00,63,6,57
12/15/17 9:00,25,3,22
12/15/17 10:00,16,2,14
12/15/17 11:00,11,3,8
12/15/17 12:00,11,6,5
12/15/17 13:00,13,8,5
12/15/17 14:00,18,8,10
12/15/17 15:00,26,19,7
12/15/17 16:00,47,38,9
12/15/17 17:00,59,51,8
12/15/17 18:00,23,21,2
12/15/17 19:00,20,18,2
12/15/17 20:00,8,8,0
12/15/17 21:00,6,5,1
12/15/17 22:00,5,3,2
12/15/17 23:00,1,0,1
12/16/17 0:00,0,0,0
12/16/17 1:00,4,3,1
12/16/17 2:00,2,1,1
12/16/17 3:00,5,4,1
12/16/17 4:00,2,2,0
12/16/17 5:00,2,0,2
12/16/17 6:00,11,7,4
12/16/17 7:00,5,1,4
12/16/17 8:00,15,5,10
12/16/17 9:00,16,4,12
12/16/17 10:00,14,2,12
12/16/17 11:00,20,16,4
12/16/17 12:00,28,12,16
12/16/17 13:00,23,13,10
12/16/17 14:00,23,8,15
12/16/17 15:00,32,22,10
12/16/17 16:00,12,6,6
12/16/17 17:00,10,5,5
12/16/17 18:00,11,8,3
12/16/17 19:00,8,3,5
12/16/17 20:00,6,1,5
12/16/17 21:00,4,3,1
12/16/17 22:00,1,1,0
12/16/17 23:00,2,1,1
12/17/17 0:00,1,1,0
12/17/17 1:00,4,1,3
12/17/17 2:00,2,2,0
12/17/17 3:00,2,2,0
12/17/17 4:00,0,0,0
12/17/17 5:00,1,0,1
12/17/17 6:00,5,2,3
12/17/17 7:00,1,0,1
12/17/17 8:00,11,6,5
12/17/17 9:00,4,1,3
12/17/17 10:00,10,7,3
12/17/17 11:00,8,3,5
12/17/17 12:00,5,2,3
12/17/17 13:00,9,6,3
12/17/17 14:00,5,1,4
12/17/17 15:00,15,7,8
12/17/17 16:00,18,13,5
12/17/17 17:00,11,5,6
12/17/17 18:00,3,2,1
12/17/17 19:00,1,1,0
12/17/17 20:00,7,6,1
12/17/17 21:00,4,4,0
12/17/17 22:00,3,1,2
12/17/17 23:00,2,1,1
12/18/17 0:00,3,1,2
12/18/17 1:00,1,0,1
12/18/17 2:00,1,1,0
12/18/17 3:00,1,0,1
12/18/17 4:00,1,0,1
12/18/17 5:00,19,3,16
12/18/17 6:00,31,5,26
12/18/17 7:00,62,8,54
12/18/17 8:00,64,4,60
12/18/17 9:00,27,3,24
12/18/17 10:00,13,1,12
12/18/17 11:00,7,2,5
12/18/17 12:00,3,1,2
12/18/17 13:00,11,7,4
12/18/17 14:00,16,8,8
12/18/17 15:00,18,14,4
12/18/17 16:00,44,38,6
12/18/17 17:00,79,68,11
12/18/17 18:00,36,33,3
12/18/17 19:00,13,12,1
12/18/17 20:00,9,7,2
12/18/17 21:00,1,0,1
12/18/17 22:00,1,1,0
12/18/17 23:00,1,1,0
12/19/17 0:00,1,1,0
12/19/17 1:00,0,0,0
12/19/17 2:00,0,0,0
12/19/17 3:00,1,0,1
12/19/17 4:00,3,1,2
12/19/17 5:00,14,0,14
12/19/17 6:00,27,5,22
12/19/17 7:00,43,6,37
12/19/17 8:00,42,4,38
12/19/17 9:00,12,1,11
12/19/17 10:00,10,0,10
12/19/17 11:00,8,2,6
12/19/17 12:00,1,0,1
12/19/17 13:00,4,0,4
12/19/17 14:00,3,0,3
12/19/17 15:00,12,9,3
12/19/17 16:00,43,32,11
12/19/17 17:00,46,40,6
12/19/17 18:00,37,30,7
12/19/17 19:00,12,10,2
12/19/17 20:00,8,7,1
12/19/17 21:00,5,4,1
12/19/17 22:00,6,3,3
12/19/17 23:00,1,1,0
12/20/17 0:00,0,0,0
12/20/17 1:00,0,0,0
12/20/17 2:00,0,0,0
12/20/17 3:00,5,3,2
12/20/17 4:00,1,1,0
12/20/17 5:00,15,3,12
12/20/17 6:00,34,4,30
12/20/17 7:00,70,7,63
12/20/17 8:00,78,3,75
12/20/17 9:00,26,6,20
12/20/17 10:00,20,4,16
12/20/17 11:00,27,9,18
12/20/17 12:00,16,7,9
12/20/17 13:00,18,4,14
12/20/17 14:00,24,10,14
12/20/17 15:00,38,31,7
12/20/17 16:00,59,45,14
12/20/17 17:00,82,70,12
12/20/17 18:00,48,38,10
12/20/17 19:00,21,17,4
12/20/17 20:00,14,10,4
12/20/17 21:00,4,4,0
12/20/17 22:00,4,4,0
12/20/17 23:00,1,1,0
12/21/17 0:00,1,0,1
12/21/17 1:00,0,0,0
12/21/17 2:00,0,0,0
12/21/17 3:00,4,4,0
12/21/17 4:00,1,1,0
12/21/17 5:00,16,1,15
12/21/17 6:00,28,5,23
12/21/17 7:00,38,4,34
12/21/17 8:00,49,3,46
12/21/17 9:00,26,4,22
12/21/17 10:00,14,4,10
12/21/17 11:00,13,1,12
12/21/17 12:00,19,7,12
12/21/17 13:00,6,3,3
12/21/17 14:00,14,8,6
12/21/17 15:00,32,27,5
12/21/17 16:00,46,36,10
12/21/17 17:00,56,49,7
12/21/17 18:00,30,24,6
12/21/17 19:00,9,6,3
12/21/17 20:00,12,10,2
12/21/17 21:00,14,7,7
12/21/17 22:00,10,8,2
12/21/17 23:00,0,0,0
12/22/17 0:00,1,0,1
12/22/17 1:00,2,1,1
12/22/17 2:00,1,1,0
12/22/17 3:00,1,1,0
12/22/17 4:00,1,1,0
12/22/17 5:00,10,2,8
12/22/17 6:00,19,3,16
12/22/17 7:00,19,6,13
12/22/17 8:00,42,3,39
12/22/17 9:00,10,1,9
12/22/17 10:00,10,4,6
12/22/17 11:00,15,8,7
12/22/17 12:00,5,1,4
12/22/17 13:00,20,12,8
12/22/17 14:00,16,13,3
12/22/17 15:00,27,19,8
12/22/17 16:00,44,27,17
12/22/17 17:00,19,15,4
12/22/17 18:00,10,8,2
12/22/17 19:00,6,5,1
12/22/17 20:00,5,3,2
12/22/17 21:00,6,5,1
12/22/17 22:00,1,1,0
12/22/17 23:00,1,0,1
12/23/17 0:00,1,1,0
12/23/17 1:00,2,1,1
12/23/17 2:00,0,0,0
12/23/17 3:00,1,1,0
12/23/17 4:00,4,4,0
12/23/17 5:00,2,0,2
12/23/17 6:00,4,2,2
12/23/17 7:00,3,2,1
12/23/17 8:00,14,5,9
12/23/17 9:00,9,3,6
12/23/17 10:00,14,5,9
12/23/17 11:00,22,12,10
12/23/17 12:00,22,9,13
12/23/17 13:00,23,16,7
12/23/17 14:00,27,16,11
12/23/17 15:00,21,10,11
12/23/17 16:00,18,8,10
12/23/17 17:00,9,2,7
12/23/17 18:00,7,6,1
12/23/17 19:00,2,2,0
12/23/17 20:00,0,0,0
12/23/17 21:00,1,0,1
12/23/17 22:00,2,2,0
12/23/17 23:00,0,0,0
12/24/17 0:00,1,1,0
12/24/17 1:00,1,1,0
12/24/17 2:00,0,0,0
12/24/17 3:00,1,1,0
12/24/17 4:00,0,0,0
12/24/17 5:00,0,0,0
12/24/17 6:00,4,0,4
12/24/17 7:00,0,0,0
12/24/17 8:00,2,0,2
12/24/17 9:00,3,2,1
12/24/17 10:00,8,1,7
12/24/17 11:00,10,7,3
12/24/17 12:00,9,5,4
12/24/17 13:00,6,4,2
12/24/17 14:00,7,2,5
12/24/17 15:00,7,4,3
12/24/17 16:00,5,4,1
12/24/17 17:00,1,0,1
12/24/17 18:00,4,2,2
12/24/17 19:00,1,1,0
12/24/17 20:00,0,0,0
12/24/17 21:00,2,1,1
12/24/17 22:00,1,0,1
12/24/17 23:00,1,0,1
12/25/17 0:00,0,0,0
12/25/17 1:00,1,0,1
12/25/17 2:00,0,0,0
12/25/17 3:00,1,1,0
12/25/17 4:00,0,0,0
12/25/17 5:00,0,0,0
12/25/17 6:00,0,0,0
12/25/17 7:00,0,0,0
12/25/17 8:00,0,0,0
12/25/17 9:00,2,1,1
12/25/17 10:00,0,0,0
12/25/17 11:00,0,0,0
12/25/17 12:00,0,0,0
12/25/17 13:00,1,0,1
12/25/17 14:00,3,1,2
12/25/17 15:00,2,2,0
12/25/17 16:00,1,0,1
12/25/17 17:00,3,2,1
12/25/17 18:00,0,0,0
12/25/17 19:00,1,1,0
12/25/17 20:00,0,0,0
12/25/17 21:00,1,0,1
12/25/17 22:00,1,1,0
12/25/17 23:00,0,0,0
12/26/17 0:00,2,0,2
12/26/17 1:00,1,1,0
12/26/17 2:00,1,1,0
12/26/17 3:00,0,0,0
12/26/17 4:00,1,0,1
12/26/17 5:00,5,0,5
12/26/17 6:00,6,2,4
12/26/17 7:00,8,0,8
12/26/17 8:00,12,1,11
12/26/17 9:00,7,3,4
12/26/17 10:00,15,3,12
12/26/17 11:00,7,2,5
12/26/17 12:00,8,5,3
12/26/17 13:00,8,5,3
12/26/17 14:00,12,8,4
12/26/17 15:00,9,3,6
12/26/17 16:00,17,12,5
12/26/17 17:00,21,13,8
12/26/17 18:00,4,3,1
12/26/17 19:00,3,3,0
12/26/17 20:00,4,4,0
12/26/17 21:00,2,2,0
12/26/17 22:00,8,6,2
12/26/17 23:00,2,1,1
12/27/17 0:00,1,1,0
12/27/17 1:00,1,0,1
12/27/17 2:00,0,0,0
12/27/17 3:00,1,1,0
12/27/17 4:00,0,0,0
12/27/17 5:00,8,2,6
12/27/17 6:00,13,2,11
12/27/17 7:00,18,4,14
12/27/17 8:00,29,5,24
12/27/17 9:00,16,0,16
12/27/17 10:00,11,2,9
12/27/17 11:00,20,13,7
12/27/17 12:00,23,6,17
12/27/17 13:00,6,5,1
12/27/17 14:00,15,7,8
12/27/17 15:00,17,16,1
12/27/17 16:00,36,30,6
12/27/17 17:00,25,19,6
12/27/17 18:00,19,9,10
12/27/17 19:00,8,6,2
12/27/17 20:00,13,9,4
12/27/17 21:00,2,2,0
12/27/17 22:00,2,2,0
12/27/17 23:00,0,0,0
12/28/17 0:00,2,1,1
12/28/17 1:00,1,0,1
12/28/17 2:00,2,1,1
12/28/17 3:00,2,2,0
12/28/17 4:00,1,1,0
12/28/17 5:00,11,3,8
12/28/17 6:00,15,4,11
12/28/17 7:00,23,3,20
12/28/17 8:00,33,5,28
12/28/17 9:00,23,9,14
12/28/17 10:00,14,3,11
12/28/17 11:00,8,3,5
12/28/17 12:00,7,3,4
12/28/17 13:00,9,2,7
12/28/17 14:00,11,7,4
12/28/17 15:00,12,11,1
12/28/17 16:00,26,21,5
12/28/17 17:00,31,26,5
12/28/17 18:00,20,15,5
12/28/17 19:00,8,5,3
12/28/17 20:00,2,2,0
12/28/17 21:00,3,3,0
12/28/17 22:00,2,1,1
12/28/17 23:00,0,0,0
12/29/17 0:00,0,0,0
12/29/17 1:00,0,0,0
12/29/17 2:00,1,1,0
12/29/17 3:00,1,1,0
12/29/17 4:00,1,1,0
12/29/17 5:00,7,1,6
12/29/17 6:00,8,0,8
12/29/17 7:00,14,3,11
12/29/17 8:00,15,3,12
12/29/17 9:00,5,2,3
12/29/17 10:00,3,0,3
12/29/17 11:00,1,0,1
12/29/17 12:00,4,1,3
12/29/17 13:00,8,4,4
12/29/17 14:00,5,2,3
12/29/17 15:00,13,12,1
12/29/17 16:00,15,12,3
12/29/17 17:00,15,9,6
12/29/17 18:00,5,3,2
12/29/17 19:00,6,5,1
12/29/17 20:00,1,1,0
12/29/17 21:00,0,0,0
12/29/17 22:00,3,2,1
12/29/17 23:00,0,0,0
12/30/17 0:00,0,0,0
12/30/17 1:00,1,1,0
12/30/17 2:00,2,0,2
12/30/17 3:00,2,2,0
12/30/17 4:00,1,1,0
12/30/17 5:00,0,0,0
12/30/17 6:00,4,1,3
12/30/17 7:00,2,1,1
12/30/17 8:00,9,2,7
12/30/17 9:00,24,12,12
12/30/17 10:00,19,7,12
12/30/17 11:00,25,8,17
12/30/17 12:00,49,19,30
12/30/17 13:00,31,22,9
12/30/17 14:00,26,18,8
12/30/17 15:00,18,5,13
12/30/17 16:00,14,9,5
12/30/17 17:00,11,5,6
12/30/17 18:00,8,5,3
12/30/17 19:00,2,1,1
12/30/17 20:00,4,3,1
12/30/17 21:00,4,3,1
12/30/17 22:00,3,3,0
12/30/17 23:00,2,1,1
12/31/17 0:00,5,2,3
12/31/17 1:00,0,0,0
12/31/17 2:00,5,1,4
12/31/17 3:00,1,0,1
12/31/17 4:00,2,0,2
12/31/17 5:00,2,0,2
12/31/17 6:00,4,2,2
12/31/17 7:00,4,2,2
12/31/17 8:00,13,2,11
12/31/17 9:00,12,2,10
12/31/17 10:00,25,15,10
12/31/17 11:00,23,6,17
12/31/17 12:00,29,15,14
12/31/17 13:00,49,36,13
12/31/17 14:00,30,19,11
12/31/17 15:00,18,11,7
12/31/17 16:00,15,4,11
12/31/17 17:00,11,8,3
12/31/17 18:00,8,3,5
12/31/17 19:00,5,1,4
12/31/17 20:00,4,0,4
12/31/17 21:00,2,2,0
12/31/17 22:00,5,1,4
12/31/17 23:00,1,1,0
1/1/18 0:00,4,2,2
1/1/18 1:00,5,2,3
1/1/18 2:00,2,2,0
1/1/18 3:00,4,3,1
1/1/18 4:00,5,5,0
1/1/18 5:00,1,0,1
1/1/18 6:00,2,1,1
1/1/18 7:00,4,0,4
1/1/18 8:00,4,2,2
1/1/18 9:00,6,3,3
1/1/18 10:00,17,5,12
1/1/18 11:00,16,9,7
1/1/18 12:00,38,20,18
1/1/18 13:00,33,13,20
1/1/18 14:00,29,16,13
1/1/18 15:00,25,13,12
1/1/18 16:00,19,10,9
1/1/18 17:00,5,4,1
1/1/18 18:00,5,0,5
1/1/18 19:00,5,5,0
1/1/18 20:00,1,0,1
1/1/18 21:00,2,1,1
1/1/18 22:00,1,0,1
1/1/18 23:00,0,0,0
1/2/18 0:00,5,5,0
1/2/18 1:00,2,0,2
1/2/18 2:00,1,0,1
1/2/18 3:00,2,2,0
1/2/18 4:00,6,0,6
1/2/18 5:00,13,1,12
1/2/18 6:00,49,6,43
1/2/18 7:00,76,10,66
1/2/18 8:00,111,9,102
1/2/18 9:00,28,1,27
1/2/18 10:00,10,1,9
1/2/18 11:00,15,7,8
1/2/18 12:00,15,6,9
1/2/18 13:00,17,5,12
1/2/18 14:00,11,5,6
1/2/18 15:00,22,19,3
1/2/18 16:00,77,67,10
1/2/18 17:00,122,107,15
1/2/18 18:00,75,65,10
1/2/18 19:00,12,12,0
1/2/18 20:00,8,6,2
1/2/18 21:00,0,0,0
1/2/18 22:00,5,4,1
1/2/18 23:00,1,1,0
1/3/18 0:00,0,0,0
1/3/18 1:00,1,0,1
1/3/18 2:00,1,0,1
1/3/18 3:00,0,0,0
1/3/18 4:00,3,1,2
1/3/18 5:00,16,1,15
1/3/18 6:00,45,5,40
1/3/18 7:00,93,8,85
1/3/18 8:00,111,5,106
1/3/18 9:00,48,4,44
1/3/18 10:00,20,5,15
1/3/18 11:00,23,11,12
1/3/18 12:00,14,8,6
1/3/18 13:00,21,12,9
1/3/18 14:00,17,12,5
1/3/18 15:00,31,22,9
1/3/18 16:00,73,59,14
1/3/18 17:00,132,115,17
1/3/18 18:00,73,65,8
1/3/18 19:00,19,14,5
1/3/18 20:00,6,6,0
1/3/18 21:00,6,4,2
1/3/18 22:00,5,4,1
1/3/18 23:00,1,0,1
1/4/18 0:00,0,0,0
1/4/18 1:00,2,0,2
1/4/18 2:00,3,3,0
1/4/18 3:00,3,1,2
1/4/18 4:00,6,2,4
1/4/18 5:00,22,3,19
1/4/18 6:00,45,8,37
1/4/18 7:00,80,9,71
1/4/18 8:00,110,9,101
1/4/18 9:00,45,4,41
1/4/18 10:00,13,4,9
1/4/18 11:00,7,2,5
1/4/18 12:00,17,4,13
1/4/18 13:00,9,5,4
1/4/18 14:00,12,4,8
1/4/18 15:00,32,26,6
1/4/18 16:00,67,52,15
1/4/18 17:00,112,98,14
1/4/18 18:00,66,58,8
1/4/18 19:00,21,21,0
1/4/18 20:00,14,11,3
1/4/18 21:00,13,11,2
1/4/18 22:00,3,3,0
1/4/18 23:00,2,1,1
1/5/18 0:00,3,1,2
1/5/18 1:00,1,0,1
1/5/18 2:00,3,2,1
1/5/18 3:00,1,1,0
1/5/18 4:00,2,1,1
1/5/18 5:00,13,3,10
1/5/18 6:00,22,3,19
1/5/18 7:00,57,7,50
1/5/18 8:00,70,8,62
1/5/18 9:00,47,11,36
1/5/18 10:00,9,2,7
1/5/18 11:00,7,2,5
1/5/18 12:00,4,0,4
1/5/18 13:00,16,11,5
1/5/18 14:00,11,5,6
1/5/18 15:00,21,15,6
1/5/18 16:00,51,42,9
1/5/18 17:00,62,54,8
1/5/18 18:00,39,34,5
1/5/18 19:00,23,17,6
1/5/18 20:00,6,6,0
1/5/18 21:00,1,1,0
1/5/18 22:00,1,1,0
1/5/18 23:00,0,0,0
1/6/18 0:00,2,1,1
1/6/18 1:00,0,0,0
1/6/18 2:00,4,4,0
1/6/18 3:00,2,2,0
1/6/18 4:00,1,0,1
1/6/18 5:00,0,0,0
1/6/18 6:00,5,2,3
1/6/18 7:00,0,0,0
1/6/18 8:00,5,2,3
1/6/18 9:00,12,5,7
1/6/18 10:00,11,5,6
1/6/18 11:00,11,5,6
1/6/18 12:00,13,9,4
1/6/18 13:00,20,11,9
1/6/18 14:00,8,4,4
1/6/18 15:00,13,9,4
1/6/18 16:00,19,8,11
1/6/18 17:00,7,3,4
1/6/18 18:00,5,1,4
1/6/18 19:00,5,5,0
1/6/18 20:00,4,2,2
1/6/18 21:00,1,0,1
1/6/18 22:00,6,3,3
1/6/18 23:00,4,1,3
1/7/18 0:00,4,4,0
1/7/18 1:00,2,2,0
1/7/18 2:00,1,0,1
1/7/18 3:00,2,1,1
1/7/18 4:00,0,0,0
1/7/18 5:00,0,0,0
1/7/18 6:00,6,3,3
1/7/18 7:00,2,1,1
1/7/18 8:00,5,3,2
1/7/18 9:00,2,0,2
1/7/18 10:00,19,8,11
1/7/18 11:00,19,7,12
1/7/18 12:00,12,6,6
1/7/18 13:00,24,11,13
1/7/18 14:00,13,4,9
1/7/18 15:00,10,6,4
1/7/18 16:00,6,5,1
1/7/18 17:00,4,1,3
1/7/18 18:00,3,1,2
1/7/18 19:00,5,5,0
1/7/18 20:00,0,0,0
1/7/18 21:00,0,0,0
1/7/18 22:00,2,1,1
1/7/18 23:00,0,0,0
1/8/18 0:00,1,0,1
1/8/18 1:00,3,1,2
1/8/18 2:00,1,1,0
1/8/18 3:00,1,1,0
1/8/18 4:00,3,0,3
1/8/18 5:00,18,0,18
1/8/18 6:00,44,3,41
1/8/18 7:00,109,9,100
1/8/18 8:00,91,10,81
1/8/18 9:00,52,5,47
1/8/18 10:00,14,3,11
1/8/18 11:00,17,9,8
1/8/18 12:00,19,8,11
1/8/18 13:00,23,12,11
1/8/18 14:00,21,14,7
1/8/18 15:00,25,21,4
1/8/18 16:00,68,56,12
1/8/18 17:00,131,118,13
1/8/18 18:00,79,68,11
1/8/18 19:00,14,12,2
1/8/18 20:00,14,13,1
1/8/18 21:00,2,1,1
1/8/18 22:00,1,1,0
1/8/18 23:00,0,0,0
1/9/18 0:00,0,0,0
1/9/18 1:00,0,0,0
1/9/18 2:00,0,0,0
1/9/18 3:00,0,0,0
1/9/18 4:00,10,3,7
1/9/18 5:00,19,4,15
1/9/18 6:00,43,7,36
1/9/18 7:00,92,10,82
1/9/18 8:00,82,4,78
1/9/18 9:00,37,2,35
1/9/18 10:00,7,3,4
1/9/18 11:00,8,2,6
1/9/18 12:00,8,4,4
1/9/18 13:00,4,2,2
1/9/18 14:00,13,7,6
1/9/18 15:00,25,19,6
1/9/18 16:00,59,46,13
1/9/18 17:00,102,86,16
1/9/18 18:00,51,46,5
1/9/18 19:00,32,28,4
1/9/18 20:00,6,6,0
1/9/18 21:00,4,3,1
1/9/18 22:00,4,2,2
1/9/18 23:00,0,0,0
1/10/18 0:00,4,1,3
1/10/18 1:00,2,0,2
1/10/18 2:00,1,1,0
1/10/18 3:00,2,1,1
1/10/18 4:00,3,1,2
1/10/18 5:00,16,3,13
1/10/18 6:00,38,7,31
1/10/18 7:00,114,12,102
1/10/18 8:00,84,9,75
1/10/18 9:00,35,5,30
1/10/18 10:00,16,3,13
1/10/18 11:00,5,3,2
1/10/18 12:00,5,2,3
1/10/18 13:00,12,5,7
1/10/18 14:00,13,5,8
1/10/18 15:00,23,19,4
1/10/18 16:00,68,63,5
1/10/18 17:00,83,76,7
1/10/18 18:00,62,59,3
1/10/18 19:00,21,21,0
1/10/18 20:00,7,7,0
1/10/18 21:00,7,5,2
1/10/18 22:00,4,4,0
1/10/18 23:00,1,0,1
1/11/18 0:00,0,0,0
1/11/18 1:00,0,0,0
1/11/18 2:00,4,1,3
1/11/18 3:00,0,0,0
1/11/18 4:00,6,1,5
1/11/18 5:00,15,1,14
1/11/18 6:00,21,5,16
1/11/18 7:00,59,11,48
1/11/18 8:00,52,0,52
1/11/18 9:00,17,1,16
1/11/18 10:00,4,1,3
1/11/18 11:00,5,1,4
1/11/18 12:00,1,1,0
1/11/18 13:00,5,3,2
1/11/18 14:00,11,5,6
1/11/18 15:00,17,15,2
1/11/18 16:00,33,27,6
1/11/18 17:00,58,48,10
1/11/18 18:00,36,34,2
1/11/18 19:00,18,14,4
1/11/18 20:00,2,2,0
1/11/18 21:00,6,5,1
1/11/18 22:00,3,3,0
1/11/18 23:00,0,0,0
1/12/18 0:00,0,0,0
1/12/18 1:00,1,0,1
1/12/18 2:00,2,2,0
1/12/18 3:00,2,1,1
1/12/18 4:00,4,1,3
1/12/18 5:00,18,2,16
1/12/18 6:00,22,5,17
1/12/18 7:00,59,2,57
1/12/18 8:00,65,2,63
1/12/18 9:00,31,1,30
1/12/18 10:00,12,2,10
1/12/18 11:00,10,5,5
1/12/18 12:00,6,5,1
1/12/18 13:00,19,10,9
1/12/18 14:00,16,9,7
1/12/18 15:00,24,20,4
1/12/18 16:00,54,48,6
1/12/18 17:00,74,65,9
1/12/18 18:00,36,32,4
1/12/18 19:00,7,5,2
1/12/18 20:00,5,5,0
1/12/18 21:00,6,6,0
1/12/18 22:00,2,1,1
1/12/18 23:00,1,1,0
1/13/18 0:00,0,0,0
1/13/18 1:00,3,1,2
1/13/18 2:00,0,0,0
1/13/18 3:00,2,2,0
1/13/18 4:00,3,1,2
1/13/18 5:00,0,0,0
1/13/18 6:00,4,0,4
1/13/18 7:00,4,3,1
1/13/18 8:00,6,1,5
1/13/18 9:00,19,6,13
1/13/18 10:00,31,16,15
1/13/18 11:00,31,13,18
1/13/18 12:00,26,15,11
1/13/18 13:00,33,19,14
1/13/18 14:00,27,15,12
1/13/18 15:00,26,19,7
1/13/18 16:00,31,19,12
1/13/18 17:00,10,5,5
1/13/18 18:00,8,3,5
1/13/18 19:00,6,5,1
1/13/18 20:00,1,1,0
1/13/18 21:00,2,0,2
1/13/18 22:00,2,0,2
1/13/18 23:00,1,1,0
1/14/18 0:00,1,1,0
1/14/18 1:00,3,2,1
1/14/18 2:00,5,3,2
1/14/18 3:00,2,0,2
1/14/18 4:00,2,1,1
1/14/18 5:00,1,0,1
1/14/18 6:00,4,1,3
1/14/18 7:00,7,2,5
1/14/18 8:00,15,8,7
1/14/18 9:00,33,12,21
1/14/18 10:00,42,20,22
1/14/18 11:00,53,28,25
1/14/18 12:00,48,25,23
1/14/18 13:00,79,43,36
1/14/18 14:00,72,30,42
1/14/18 15:00,68,35,33
1/14/18 16:00,45,20,25
1/14/18 17:00,22,7,15
1/14/18 18:00,18,15,3
1/14/18 19:00,10,7,3
1/14/18 20:00,0,0,0
1/14/18 21:00,2,1,1
1/14/18 22:00,3,2,1
1/14/18 23:00,3,2,1
1/15/18 0:00,1,0,1
1/15/18 1:00,3,1,2
1/15/18 2:00,1,1,0
1/15/18 3:00,2,2,0
1/15/18 4:00,2,0,2
1/15/18 5:00,17,3,14
1/15/18 6:00,36,9,27
1/15/18 7:00,51,4,47
1/15/18 8:00,63,4,59
1/15/18 9:00,31,7,24
1/15/18 10:00,24,6,18
1/15/18 11:00,27,10,17
1/15/18 12:00,33,18,15
1/15/18 13:00,51,25,26
1/15/18 14:00,42,16,26
1/15/18 15:00,48,34,14
1/15/18 16:00,54,42,12
1/15/18 17:00,78,71,7
1/15/18 18:00,31,30,1
1/15/18 19:00,12,10,2
1/15/18 20:00,11,5,6
1/15/18 21:00,8,8,0
1/15/18 22:00,4,3,1
1/15/18 23:00,0,0,0
1/16/18 0:00,0,0,0
1/16/18 1:00,0,0,0
1/16/18 2:00,0,0,0
1/16/18 3:00,1,1,0
1/16/18 4:00,3,1,2
1/16/18 5:00,25,4,21
1/16/18 6:00,39,6,33
1/16/18 7:00,89,10,79
1/16/18 8:00,95,11,84
1/16/18 9:00,38,10,28
1/16/18 10:00,9,1,8
1/16/18 11:00,12,1,11
1/16/18 12:00,16,8,8
1/16/18 13:00,17,6,11
1/16/18 14:00,20,8,12
1/16/18 15:00,24,16,8
1/16/18 16:00,76,66,10
1/16/18 17:00,105,91,14
1/16/18 18:00,64,55,9
1/16/18 19:00,32,24,8
1/16/18 20:00,10,9,1
1/16/18 21:00,6,4,2
1/16/18 22:00,3,3,0
1/16/18 23:00,3,3,0
1/17/18 0:00,1,1,0
1/17/18 1:00,1,1,0
1/17/18 2:00,2,2,0
1/17/18 3:00,0,0,0
1/17/18 4:00,6,0,6
1/17/18 5:00,19,2,17
1/17/18 6:00,37,4,33
1/17/18 7:00,68,14,54
1/17/18 8:00,102,10,92
1/17/18 9:00,46,9,37
1/17/18 10:00,19,5,14
1/17/18 11:00,13,5,8
1/17/18 12:00,12,6,6
1/17/18 13:00,11,3,8
1/17/18 14:00,16,9,7
1/17/18 15:00,26,25,1
1/17/18 16:00,48,35,13
1/17/18 17:00,81,71,10
1/17/18 18:00,44,41,3
1/17/18 19:00,13,13,0
1/17/18 20:00,16,16,0
1/17/18 21:00,7,5,2
1/17/18 22:00,3,2,1
1/17/18 23:00,0,0,0
1/18/18 0:00,0,0,0
1/18/18 1:00,3,2,1
1/18/18 2:00,0,0,0
1/18/18 3:00,2,1,1
1/18/18 4:00,4,1,3
1/18/18 5:00,17,1,16
1/18/18 6:00,37,4,33
1/18/18 7:00,70,6,64
1/18/18 8:00,87,2,85
1/18/18 9:00,33,3,30
1/18/18 10:00,14,3,11
1/18/18 11:00,14,4,10
1/18/18 12:00,12,3,9
1/18/18 13:00,7,5,2
1/18/18 14:00,12,7,5
1/18/18 15:00,13,11,2
1/18/18 16:00,49,42,7
1/18/18 17:00,94,83,11
1/18/18 18:00,47,43,4
1/18/18 19:00,19,17,2
1/18/18 20:00,9,9,0
1/18/18 21:00,7,6,1
1/18/18 22:00,5,4,1
1/18/18 23:00,2,1,1
1/19/18 0:00,0,0,0
1/19/18 1:00,1,1,0
1/19/18 2:00,1,1,0
1/19/18 3:00,0,0,0
1/19/18 4:00,4,2,2
1/19/18 5:00,16,2,14
1/19/18 6:00,28,2,26
1/19/18 7:00,71,13,58
1/19/18 8:00,72,7,65
1/19/18 9:00,30,3,27
1/19/18 10:00,13,5,8
1/19/18 11:00,15,3,12
1/19/18 12:00,8,3,5
1/19/18 13:00,9,3,6
1/19/18 14:00,17,12,5
1/19/18 15:00,29,19,10
1/19/18 16:00,55,46,9
1/19/18 17:00,72,58,14
1/19/18 18:00,39,34,5
1/19/18 19:00,20,17,3
1/19/18 20:00,6,4,2
1/19/18 21:00,3,3,0
1/19/18 22:00,6,4,2
1/19/18 23:00,2,1,1
1/20/18 0:00,1,1,0
1/20/18 1:00,3,3,0
1/20/18 2:00,2,0,2
1/20/18 3:00,2,1,1
1/20/18 4:00,0,0,0
1/20/18 5:00,1,1,0
1/20/18 6:00,5,1,4
1/20/18 7:00,6,0,6
1/20/18 8:00,15,4,11
1/20/18 9:00,10,4,6
1/20/18 10:00,19,6,13
1/20/18 11:00,13,4,9
1/20/18 12:00,23,12,11
1/20/18 13:00,20,9,11
1/20/18 14:00,25,13,12
1/20/18 15:00,15,11,4
1/20/18 16:00,18,13,5
1/20/18 17:00,10,7,3
1/20/18 18:00,10,4,6
1/20/18 19:00,1,1,0
1/20/18 20:00,2,2,0
1/20/18 21:00,1,1,0
1/20/18 22:00,2,0,2
1/20/18 23:00,0,0,0
1/21/18 0:00,0,0,0
1/21/18 1:00,3,2,1
1/21/18 2:00,2,1,1
1/21/18 3:00,1,0,1
1/21/18 4:00,0,0,0
1/21/18 5:00,2,0,2
1/21/18 6:00,1,0,1
1/21/18 7:00,1,0,1
1/21/18 8:00,6,2,4
1/21/18 9:00,2,0,2
1/21/18 10:00,4,0,4
1/21/18 11:00,4,2,2
1/21/18 12:00,7,5,2
1/21/18 13:00,8,2,6
1/21/18 14:00,11,2,9
1/21/18 15:00,7,4,3
1/21/18 16:00,1,1,0
1/21/18 17:00,6,3,3
1/21/18 18:00,0,0,0
1/21/18 19:00,1,1,0
1/21/18 20:00,2,2,0
1/21/18 21:00,0,0,0
1/21/18 22:00,1,1,0
1/21/18 23:00,2,0,2
1/22/18 0:00,0,0,0
1/22/18 1:00,1,1,0
1/22/18 2:00,0,0,0
1/22/18 3:00,2,2,0
1/22/18 4:00,3,0,3
1/22/18 5:00,24,2,22
1/22/18 6:00,39,4,35
1/22/18 7:00,94,9,85
1/22/18 8:00,95,10,85
1/22/18 9:00,32,4,28
1/22/18 10:00,16,5,11
1/22/18 11:00,13,2,11
1/22/18 12:00,13,6,7
1/22/18 13:00,24,10,14
1/22/18 14:00,20,14,6
1/22/18 15:00,23,20,3
1/22/18 16:00,71,54,17
1/22/18 17:00,111,98,13
1/22/18 18:00,68,63,5
1/22/18 19:00,19,13,6
1/22/18 20:00,8,7,1
1/22/18 21:00,4,3,1
1/22/18 22:00,4,2,2
1/22/18 23:00,0,0,0
1/23/18 0:00,1,0,1
1/23/18 1:00,2,1,1
1/23/18 2:00,5,5,0
1/23/18 3:00,2,1,1
1/23/18 4:00,3,0,3
1/23/18 5:00,23,4,19
1/23/18 6:00,35,5,30
1/23/18 7:00,65,9,56
1/23/18 8:00,76,3,73
1/23/18 9:00,23,1,22
1/23/18 10:00,13,4,9
1/23/18 11:00,4,2,2
1/23/18 12:00,2,1,1
1/23/18 13:00,4,1,3
1/23/18 14:00,9,5,4
1/23/18 15:00,15,11,4
1/23/18 16:00,44,42,2
1/23/18 17:00,74,66,8
1/23/18 18:00,43,38,5
1/23/18 19:00,14,12,2
1/23/18 20:00,5,3,2
1/23/18 21:00,9,7,2
1/23/18 22:00,3,2,1
1/23/18 23:00,0,0,0
1/24/18 0:00,1,1,0
1/24/18 1:00,3,1,2
1/24/18 2:00,1,1,0
1/24/18 3:00,0,0,0
1/24/18 4:00,5,2,3
1/24/18 5:00,16,2,14
1/24/18 6:00,40,5,35
1/24/18 7:00,79,10,69
1/24/18 8:00,53,6,47
1/24/18 9:00,32,4,28
1/24/18 10:00,8,3,5
1/24/18 11:00,10,3,7
1/24/18 12:00,10,5,5
1/24/18 13:00,10,2,8
1/24/18 14:00,14,6,8
1/24/18 15:00,16,13,3
1/24/18 16:00,46,39,7
1/24/18 17:00,78,69,9
1/24/18 18:00,36,31,5
1/24/18 19:00,13,11,2
1/24/18 20:00,9,9,0
1/24/18 21:00,6,5,1
1/24/18 22:00,6,6,0
1/24/18 23:00,0,0,0
1/25/18 0:00,1,1,0
1/25/18 1:00,2,1,1
1/25/18 2:00,1,1,0
1/25/18 3:00,3,1,2
1/25/18 4:00,4,1,3
1/25/18 5:00,21,4,17
1/25/18 6:00,29,1,28
1/25/18 7:00,72,6,66
1/25/18 8:00,90,5,85
1/25/18 9:00,23,1,22
1/25/18 10:00,13,3,10
1/25/18 11:00,8,3,5
1/25/18 12:00,7,3,4
1/25/18 13:00,6,1,5
1/25/18 14:00,10,5,5
1/25/18 15:00,21,14,7
1/25/18 16:00,58,49,9
1/25/18 17:00,87,79,8
1/25/18 18:00,59,53,6
1/25/18 19:00,24,22,2
1/25/18 20:00,7,6,1
1/25/18 21:00,5,4,1
1/25/18 22:00,4,3,1
1/25/18 23:00,1,0,1
1/26/18 0:00,1,1,0
1/26/18 1:00,3,2,1
1/26/18 2:00,1,1,0
1/26/18 3:00,0,0,0
1/26/18 4:00,2,1,1
1/26/18 5:00,21,4,17
1/26/18 6:00,21,7,14
1/26/18 7:00,57,6,51
1/26/18 8:00,69,7,62
1/26/18 9:00,24,2,22
1/26/18 10:00,9,1,8
1/26/18 11:00,12,2,10
1/26/18 12:00,11,7,4
1/26/18 13:00,10,5,5
1/26/18 14:00,18,10,8
1/26/18 15:00,25,18,7
1/26/18 16:00,49,43,6
1/26/18 17:00,72,62,10
1/26/18 18:00,38,33,5
1/26/18 19:00,8,6,2
1/26/18 20:00,6,6,0
1/26/18 21:00,3,2,1
1/26/18 22:00,5,4,1
1/26/18 23:00,2,0,2
1/27/18 0:00,2,2,0
1/27/18 1:00,1,1,0
1/27/18 2:00,1,1,0
1/27/18 3:00,1,1,0
1/27/18 4:00,1,1,0
1/27/18 5:00,2,0,2
1/27/18 6:00,4,1,3
1/27/18 7:00,3,1,2
1/27/18 8:00,8,2,6
1/27/18 9:00,7,3,4
1/27/18 10:00,8,3,5
1/27/18 11:00,9,2,7
1/27/18 12:00,11,7,4
1/27/18 13:00,8,5,3
1/27/18 14:00,10,5,5
1/27/18 15:00,19,9,10
1/27/18 16:00,11,5,6
1/27/18 17:00,13,8,5
1/27/18 18:00,6,3,3
1/27/18 19:00,3,2,1
1/27/18 20:00,2,1,1
1/27/18 21:00,1,1,0
1/27/18 22:00,3,2,1
1/27/18 23:00,0,0,0
1/28/18 0:00,0,0,0
1/28/18 1:00,3,2,1
1/28/18 2:00,0,0,0
1/28/18 3:00,0,0,0
1/28/18 4:00,1,0,1
1/28/18 5:00,0,0,0
1/28/18 6:00,4,2,2
1/28/18 7:00,3,2,1
1/28/18 8:00,12,1,11
1/28/18 9:00,9,6,3
1/28/18 10:00,11,2,9
1/28/18 11:00,24,9,15
1/28/18 12:00,10,6,4
1/28/18 13:00,14,9,5
1/28/18 14:00,23,9,14
1/28/18 15:00,26,14,12
1/28/18 16:00,17,9,8
1/28/18 17:00,12,5,7
1/28/18 18:00,3,1,2
1/28/18 19:00,5,4,1
1/28/18 20:00,7,7,0
1/28/18 21:00,3,0,3
1/28/18 22:00,2,1,1
1/28/18 23:00,5,3,2
1/29/18 0:00,3,2,1
1/29/18 1:00,3,2,1
1/29/18 2:00,4,0,4
1/29/18 3:00,2,0,2
1/29/18 4:00,7,1,6
1/29/18 5:00,18,2,16
1/29/18 6:00,35,6,29
1/29/18 7:00,69,4,65
1/29/18 8:00,71,15,56
1/29/18 9:00,25,2,23
1/29/18 10:00,7,2,5
1/29/18 11:00,3,1,2
1/29/18 12:00,5,1,4
1/29/18 13:00,3,1,2
1/29/18 14:00,8,5,3
1/29/18 15:00,14,12,2
1/29/18 16:00,46,41,5
1/29/18 17:00,73,68,5
1/29/18 18:00,51,48,3
1/29/18 19:00,13,13,0
1/29/18 20:00,6,3,3
1/29/18 21:00,2,2,0
1/29/18 22:00,2,2,0
1/29/18 23:00,3,2,1
1/30/18 0:00,3,3,0
1/30/18 1:00,2,1,1
1/30/18 2:00,1,0,1
1/30/18 3:00,2,2,0
1/30/18 4:00,6,0,6
1/30/18 5:00,31,4,27
1/30/18 6:00,37,3,34
1/30/18 7:00,95,9,86
1/30/18 8:00,94,4,90
1/30/18 9:00,32,2,30
1/30/18 10:00,19,4,15
1/30/18 11:00,18,8,10
1/30/18 12:00,18,7,11
1/30/18 13:00,20,11,9
1/30/18 14:00,24,14,10
1/30/18 15:00,32,22,10
1/30/18 16:00,84,70,14
1/30/18 17:00,113,97,16
1/30/18 18:00,64,58,6
1/30/18 19:00,24,22,2
1/30/18 20:00,19,13,6
1/30/18 21:00,7,5,2
1/30/18 22:00,6,6,0
1/30/18 23:00,1,1,0
1/31/18 0:00,2,2,0
1/31/18 1:00,1,1,0
1/31/18 2:00,1,0,1
1/31/18 3:00,0,0,0
1/31/18 4:00,3,1,2
1/31/18 5:00,19,4,15
1/31/18 6:00,44,7,37
1/31/18 7:00,88,4,84
1/31/18 8:00,111,6,105
1/31/18 9:00,34,2,32
1/31/18 10:00,6,1,5
1/31/18 11:00,14,7,7
1/31/18 12:00,15,4,11
1/31/18 13:00,14,6,8
1/31/18 14:00,15,11,4
1/31/18 15:00,28,25,3
1/31/18 16:00,50,40,10
1/31/18 17:00,109,99,10
1/31/18 18:00,61,52,9
1/31/18 19:00,29,26,3
1/31/18 20:00,6,6,0
1/31/18 21:00,14,11,3
1/31/18 22:00,1,1,0
1/31/18 23:00,3,2,1
2/1/18 0:00,2,1,1
2/1/18 1:00,4,1,3
2/1/18 2:00,2,1,1
2/1/18 3:00,1,1,0
2/1/18 4:00,7,2,5
2/1/18 5:00,18,3,15
2/1/18 6:00,38,4,34
2/1/18 7:00,72,3,69
2/1/18 8:00,71,4,67
2/1/18 9:00,42,7,35
2/1/18 10:00,8,2,6
2/1/18 11:00,14,3,11
2/1/18 12:00,5,2,3
2/1/18 13:00,10,3,7
2/1/18 14:00,9,5,4
2/1/18 15:00,15,14,1
2/1/18 16:00,42,35,7
2/1/18 17:00,71,67,4
2/1/18 18:00,52,49,3
2/1/18 19:00,18,15,3
2/1/18 20:00,4,4,0
2/1/18 21:00,4,4,0
2/1/18 22:00,1,0,1
2/1/18 23:00,1,1,0
2/2/18 0:00,1,1,0
2/2/18 1:00,4,2,2
2/2/18 2:00,2,2,0
2/2/18 3:00,1,1,0
2/2/18 4:00,3,1,2
2/2/18 5:00,14,3,11
2/2/18 6:00,24,1,23
2/2/18 7:00,59,3,56
2/2/18 8:00,72,2,70
2/2/18 9:00,31,5,26
2/2/18 10:00,7,2,5
2/2/18 11:00,8,2,6
2/2/18 12:00,15,6,9
2/2/18 13:00,19,12,7
2/2/18 14:00,26,13,13
2/2/18 15:00,29,19,10
2/2/18 16:00,32,28,4
2/2/18 17:00,79,73,6
2/2/18 18:00,44,39,5
2/2/18 19:00,18,12,6
2/2/18 20:00,8,8,0
2/2/18 21:00,5,4,1
2/2/18 22:00,26,21,5
2/2/18 23:00,1,1,0
2/3/18 0:00,3,0,3
2/3/18 1:00,6,1,5
2/3/18 2:00,4,2,2
2/3/18 3:00,3,2,1
2/3/18 4:00,2,2,0
2/3/18 5:00,0,0,0
2/3/18 6:00,6,3,3
2/3/18 7:00,4,0,4
2/3/18 8:00,16,1,15
2/3/18 9:00,11,6,5
2/3/18 10:00,11,5,6
2/3/18 11:00,12,4,8
2/3/18 12:00,26,16,10
2/3/18 13:00,21,12,9
2/3/18 14:00,16,13,3
2/3/18 15:00,7,3,4
2/3/18 16:00,11,7,4
2/3/18 17:00,11,4,7
2/3/18 18:00,7,4,3
2/3/18 19:00,3,1,2
2/3/18 20:00,3,1,2
2/3/18 21:00,1,1,0
2/3/18 22:00,1,1,0
2/3/18 23:00,3,0,3
2/4/18 0:00,3,2,1
2/4/18 1:00,2,2,0
2/4/18 2:00,0,0,0
2/4/18 3:00,1,1,0
2/4/18 4:00,0,0,0
2/4/18 5:00,1,1,0
2/4/18 6:00,2,1,1
2/4/18 7:00,7,6,1
2/4/18 8:00,13,3,10
2/4/18 9:00,10,3,7
2/4/18 10:00,12,8,4
2/4/18 11:00,24,10,14
2/4/18 12:00,12,7,5
2/4/18 13:00,22,12,10
2/4/18 14:00,34,17,17
2/4/18 15:00,30,19,11
2/4/18 16:00,19,10,9
2/4/18 17:00,16,7,9
2/4/18 18:00,4,2,2
2/4/18 19:00,10,7,3
2/4/18 20:00,3,1,2
2/4/18 21:00,4,1,3
2/4/18 22:00,2,2,0
2/4/18 23:00,3,2,1
2/5/18 0:00,3,2,1
2/5/18 1:00,2,1,1
2/5/18 2:00,3,2,1
2/5/18 3:00,0,0,0
2/5/18 4:00,4,0,4
2/5/18 5:00,24,3,21
2/5/18 6:00,49,8,41
2/5/18 7:00,106,18,88
2/5/18 8:00,122,14,108
2/5/18 9:00,41,2,39
2/5/18 10:00,17,4,13
2/5/18 11:00,11,5,6
2/5/18 12:00,12,1,11
2/5/18 13:00,20,9,11
2/5/18 14:00,10,7,3
2/5/18 15:00,27,20,7
2/5/18 16:00,77,68,9
2/5/18 17:00,125,111,14
2/5/18 18:00,77,66,11
2/5/18 19:00,26,26,0
2/5/18 20:00,9,9,0
2/5/18 21:00,7,6,1
2/5/18 22:00,2,1,1
2/5/18 23:00,1,0,1
2/6/18 0:00,0,0,0
2/6/18 1:00,2,0,2
2/6/18 2:00,3,3,0
2/6/18 3:00,0,0,0
2/6/18 4:00,10,3,7
2/6/18 5:00,29,5,24
2/6/18 6:00,54,6,48
2/6/18 7:00,113,13,100
2/6/18 8:00,113,6,107
2/6/18 9:00,43,3,40
2/6/18 10:00,23,3,20
2/6/18 11:00,22,7,15
2/6/18 12:00,14,5,9
2/6/18 13:00,13,7,6
2/6/18 14:00,26,18,8
2/6/18 15:00,26,20,6
2/6/18 16:00,92,75,17
2/6/18 17:00,125,114,11
2/6/18 18:00,64,60,4
2/6/18 19:00,33,30,3
2/6/18 20:00,16,15,1
2/6/18 21:00,16,11,5
2/6/18 22:00,6,3,3
2/6/18 23:00,2,1,1
2/7/18 0:00,1,1,0
2/7/18 1:00,0,0,0
2/7/18 2:00,0,0,0
2/7/18 3:00,0,0,0
2/7/18 4:00,5,1,4
2/7/18 5:00,24,4,20
2/7/18 6:00,59,8,51
2/7/18 7:00,108,8,100
2/7/18 8:00,104,9,95
2/7/18 9:00,33,2,31
2/7/18 10:00,23,4,19
2/7/18 11:00,16,5,11
2/7/18 12:00,23,6,17
2/7/18 13:00,28,8,20
2/7/18 14:00,23,12,11
2/7/18 15:00,37,30,7
2/7/18 16:00,81,72,9
2/7/18 17:00,122,108,14
2/7/18 18:00,72,63,9
2/7/18 19:00,24,21,3
2/7/18 20:00,19,14,5
2/7/18 21:00,10,8,2
2/7/18 22:00,7,6,1
2/7/18 23:00,0,0,0
2/8/18 0:00,0,0,0
2/8/18 1:00,3,1,2
2/8/18 2:00,0,0,0
2/8/18 3:00,2,2,0
2/8/18 4:00,4,1,3
2/8/18 5:00,26,3,23
2/8/18 6:00,42,6,36
2/8/18 7:00,97,3,94
2/8/18 8:00,90,5,85
2/8/18 9:00,53,7,46
2/8/18 10:00,19,5,14
2/8/18 11:00,20,11,9
2/8/18 12:00,15,7,8
2/8/18 13:00,12,7,5
2/8/18 14:00,13,6,7
2/8/18 15:00,32,22,10
2/8/18 16:00,70,60,10
2/8/18 17:00,93,84,9
2/8/18 18:00,63,57,6
2/8/18 19:00,28,21,7
2/8/18 20:00,8,6,2
2/8/18 21:00,12,10,2
2/8/18 22:00,4,2,2
2/8/18 23:00,4,2,2
2/9/18 0:00,0,0,0
2/9/18 1:00,3,1,2
2/9/18 2:00,4,2,2
2/9/18 3:00,3,2,1
2/9/18 4:00,5,1,4
2/9/18 5:00,22,5,17
2/9/18 6:00,30,2,28
2/9/18 7:00,73,9,64
2/9/18 8:00,87,7,80
2/9/18 9:00,33,5,28
2/9/18 10:00,21,8,13
2/9/18 11:00,26,8,18
2/9/18 12:00,20,11,9
2/9/18 13:00,15,10,5
2/9/18 14:00,32,19,13
2/9/18 15:00,54,41,13
2/9/18 16:00,76,59,17
2/9/18 17:00,106,94,12
2/9/18 18:00,49,40,9
2/9/18 19:00,19,13,6
2/9/18 20:00,7,6,1
2/9/18 21:00,2,1,1
2/9/18 22:00,3,2,1
2/9/18 23:00,5,2,3
2/10/18 0:00,1,1,0
2/10/18 1:00,8,5,3
2/10/18 2:00,2,1,1
2/10/18 3:00,2,1,1
2/10/18 4:00,3,2,1
2/10/18 5:00,5,0,5
2/10/18 6:00,7,4,3
2/10/18 7:00,8,3,5
2/10/18 8:00,20,3,17
2/10/18 9:00,32,20,12
2/10/18 10:00,43,23,20
2/10/18 11:00,39,20,19
2/10/18 12:00,64,28,36
2/10/18 13:00,77,34,43
2/10/18 14:00,53,29,24
2/10/18 15:00,65,29,36
2/10/18 16:00,41,24,17
2/10/18 17:00,18,4,14
2/10/18 18:00,11,7,4
2/10/18 19:00,10,6,4
2/10/18 20:00,6,5,1
2/10/18 21:00,4,3,1
2/10/18 22:00,4,1,3
2/10/18 23:00,3,1,2
2/11/18 0:00,1,1,0
2/11/18 1:00,4,2,2
2/11/18 2:00,0,0,0
2/11/18 3:00,4,3,1
2/11/18 4:00,1,0,1
2/11/18 5:00,1,0,1
2/11/18 6:00,6,1,5
2/11/18 7:00,2,1,1
2/11/18 8:00,12,4,8
2/11/18 9:00,4,0,4
2/11/18 10:00,25,16,9
2/11/18 11:00,24,14,10
2/11/18 12:00,35,19,16
2/11/18 13:00,37,18,19
2/11/18 14:00,36,15,21
2/11/18 15:00,27,14,13
2/11/18 16:00,16,10,6
2/11/18 17:00,16,9,7
2/11/18 18:00,2,0,2
2/11/18 19:00,6,5,1
2/11/18 20:00,3,1,2
2/11/18 21:00,3,1,2
2/11/18 22:00,2,1,1
2/11/18 23:00,1,0,1
2/12/18 0:00,1,1,0
2/12/18 1:00,1,1,0
2/12/18 2:00,0,0,0
2/12/18 3:00,0,0,0
2/12/18 4:00,5,0,5
2/12/18 5:00,20,3,17
2/12/18 6:00,57,11,46
2/12/18 7:00,97,8,89
2/12/18 8:00,103,7,96
2/12/18 9:00,35,1,34
2/12/18 10:00,14,1,13
2/12/18 11:00,13,9,4
2/12/18 12:00,18,11,7
2/12/18 13:00,23,10,13
2/12/18 14:00,21,8,13
2/12/18 15:00,25,20,5
2/12/18 16:00,92,74,18
2/12/18 17:00,110,97,13
2/12/18 18:00,77,73,4
2/12/18 19:00,22,17,5
2/12/18 20:00,5,5,0
2/12/18 21:00,9,6,3
2/12/18 22:00,1,0,1
2/12/18 23:00,3,0,3
2/13/18 0:00,0,0,0
2/13/18 1:00,0,0,0
2/13/18 2:00,0,0,0
2/13/18 3:00,1,1,0
2/13/18 4:00,8,2,6
2/13/18 5:00,27,2,25
2/13/18 6:00,46,7,39
2/13/18 7:00,84,13,71
2/13/18 8:00,94,6,88
2/13/18 9:00,41,4,37
2/13/18 10:00,11,1,10
2/13/18 11:00,25,11,14
2/13/18 12:00,13,7,6
2/13/18 13:00,17,9,8
2/13/18 14:00,16,9,7
2/13/18 15:00,38,23,15
2/13/18 16:00,83,77,6
2/13/18 17:00,99,88,11
2/13/18 18:00,65,53,12
2/13/18 19:00,27,24,3
2/13/18 20:00,4,4,0
2/13/18 21:00,6,3,3
2/13/18 22:00,2,1,1
2/13/18 23:00,1,1,0
2/14/18 0:00,0,0,0
2/14/18 1:00,0,0,0
2/14/18 2:00,0,0,0
2/14/18 3:00,0,0,0
2/14/18 4:00,4,1,3
2/14/18 5:00,18,3,15
2/14/18 6:00,35,5,30
2/14/18 7:00,74,6,68
2/14/18 8:00,89,7,82
2/14/18 9:00,32,5,27
2/14/18 10:00,11,0,11
2/14/18 11:00,8,4,4
2/14/18 12:00,4,1,3
2/14/18 13:00,16,6,10
2/14/18 14:00,7,5,2
2/14/18 15:00,21,15,6
2/14/18 16:00,69,60,9
2/14/18 17:00,103,95,8
2/14/18 18:00,51,47,4
2/14/18 19:00,15,12,3
2/14/18 20:00,10,8,2
2/14/18 21:00,4,2,2
2/14/18 22:00,3,3,0
2/14/18 23:00,2,2,0
2/15/18 0:00,1,1,0
2/15/18 1:00,2,1,1
2/15/18 2:00,1,1,0
2/15/18 3:00,1,1,0
2/15/18 4:00,4,1,3
2/15/18 5:00,18,2,16
2/15/18 6:00,45,7,38
2/15/18 7:00,86,9,77
2/15/18 8:00,86,2,84
2/15/18 9:00,37,6,31
2/15/18 10:00,18,3,15
2/15/18 11:00,19,11,8
2/15/18 12:00,9,4,5
2/15/18 13:00,20,10,10
2/15/18 14:00,12,5,7
2/15/18 15:00,29,21,8
2/15/18 16:00,62,50,12
2/15/18 17:00,103,88,15
2/15/18 18:00,63,59,4
2/15/18 19:00,12,10,2
2/15/18 20:00,11,8,3
2/15/18 21:00,6,6,0
2/15/18 22:00,5,4,1
2/15/18 23:00,1,0,1
2/16/18 0:00,4,2,2
2/16/18 1:00,5,2,3
2/16/18 2:00,3,2,1
2/16/18 3:00,1,1,0
2/16/18 4:00,2,1,1
2/16/18 5:00,15,1,14
2/16/18 6:00,22,4,18
2/16/18 7:00,64,7,57
2/16/18 8:00,61,7,54
2/16/18 9:00,25,2,23
2/16/18 10:00,11,2,9
2/16/18 11:00,11,2,9
2/16/18 12:00,6,4,2
2/16/18 13:00,16,7,9
2/16/18 14:00,10,7,3
2/16/18 15:00,21,16,5
2/16/18 16:00,48,38,10
2/16/18 17:00,71,61,10
2/16/18 18:00,39,36,3
2/16/18 19:00,23,16,7
2/16/18 20:00,5,4,1
2/16/18 21:00,9,4,5
2/16/18 22:00,2,2,0
2/16/18 23:00,6,5,1
2/17/18 0:00,0,0,0
2/17/18 1:00,4,3,1
2/17/18 2:00,1,0,1
2/17/18 3:00,1,1,0
2/17/18 4:00,0,0,0
2/17/18 5:00,0,0,0
2/17/18 6:00,2,0,2
2/17/18 7:00,2,0,2
2/17/18 8:00,4,2,2
2/17/18 9:00,1,0,1
2/17/18 10:00,8,5,3
2/17/18 11:00,5,4,1
2/17/18 12:00,10,4,6
2/17/18 13:00,22,8,14
2/17/18 14:00,15,12,3
2/17/18 15:00,24,14,10
2/17/18 16:00,20,7,13
2/17/18 17:00,11,4,7
2/17/18 18:00,7,3,4
2/17/18 19:00,5,3,2
2/17/18 20:00,3,1,2
2/17/18 21:00,1,1,0
2/17/18 22:00,5,2,3
2/17/18 23:00,3,2,1
2/18/18 0:00,1,0,1
2/18/18 1:00,1,0,1
2/18/18 2:00,1,0,1
2/18/18 3:00,1,1,0
2/18/18 4:00,0,0,0
2/18/18 5:00,2,0,2
2/18/18 6:00,2,0,2
2/18/18 7:00,0,0,0
2/18/18 8:00,7,1,6
2/18/18 9:00,4,1,3
2/18/18 10:00,16,11,5
2/18/18 11:00,15,3,12
2/18/18 12:00,11,4,7
2/18/18 13:00,3,2,1
2/18/18 14:00,6,4,2
2/18/18 15:00,8,4,4
2/18/18 16:00,11,5,6
2/18/18 17:00,7,1,6
2/18/18 18:00,4,2,2
2/18/18 19:00,5,5,0
2/18/18 20:00,2,2,0
2/18/18 21:00,0,0,0
2/18/18 22:00,1,0,1
2/18/18 23:00,0,0,0
2/19/18 0:00,0,0,0
2/19/18 1:00,3,2,1
2/19/18 2:00,0,0,0
2/19/18 3:00,0,0,0
2/19/18 4:00,0,0,0
2/19/18 5:00,8,2,6
2/19/18 6:00,12,2,10
2/19/18 7:00,22,2,20
2/19/18 8:00,36,5,31
2/19/18 9:00,21,4,17
2/19/18 10:00,12,3,9
2/19/18 11:00,7,4,3
2/19/18 12:00,15,6,9
2/19/18 13:00,18,8,10
2/19/18 14:00,17,7,10
2/19/18 15:00,13,8,5
2/19/18 16:00,24,18,6
2/19/18 17:00,40,33,7
2/19/18 18:00,19,17,2
2/19/18 19:00,11,10,1
2/19/18 20:00,3,2,1
2/19/18 21:00,5,4,1
2/19/18 22:00,0,0,0
2/19/18 23:00,0,0,0
2/20/18 0:00,0,0,0
2/20/18 1:00,0,0,0
2/20/18 2:00,0,0,0
2/20/18 3:00,1,1,0
2/20/18 4:00,1,1,0
2/20/18 5:00,21,4,17
2/20/18 6:00,25,5,20
2/20/18 7:00,48,3,45
2/20/18 8:00,79,7,72
2/20/18 9:00,19,2,17
2/20/18 10:00,9,2,7
2/20/18 11:00,11,5,6
2/20/18 12:00,5,0,5
2/20/18 13:00,7,4,3
2/20/18 14:00,13,8,5
2/20/18 15:00,15,10,5
2/20/18 16:00,39,34,5
2/20/18 17:00,66,56,10
2/20/18 18:00,45,41,4
2/20/18 19:00,21,15,6
2/20/18 20:00,3,2,1
2/20/18 21:00,5,3,2
2/20/18 22:00,4,4,0
2/20/18 23:00,1,0,1
2/21/18 0:00,0,0,0
2/21/18 1:00,0,0,0
2/21/18 2:00,0,0,0
2/21/18 3:00,0,0,0
2/21/18 4:00,3,1,2
2/21/18 5:00,19,3,16
2/21/18 6:00,26,4,22
2/21/18 7:00,53,8,45
2/21/18 8:00,70,10,60
2/21/18 9:00,21,1,20
2/21/18 10:00,13,2,11
2/21/18 11:00,11,3,8
2/21/18 12:00,9,5,4
2/21/18 13:00,12,5,7
2/21/18 14:00,4,0,4
2/21/18 15:00,21,15,6
2/21/18 16:00,42,33,9
2/21/18 17:00,72,65,7
2/21/18 18:00,41,38,3
2/21/18 19:00,14,12,2
2/21/18 20:00,8,6,2
2/21/18 21:00,5,1,4
2/21/18 22:00,2,2,0
2/21/18 23:00,1,0,1
2/22/18 0:00,1,1,0
2/22/18 1:00,2,1,1
2/22/18 2:00,1,1,0
2/22/18 3:00,1,1,0
2/22/18 4:00,1,0,1
2/22/18 5:00,10,1,9
2/22/18 6:00,10,2,8
2/22/18 7:00,12,1,11
2/22/18 8:00,18,1,17
2/22/18 9:00,7,0,7
2/22/18 10:00,5,1,4
2/22/18 11:00,9,2,7
2/22/18 12:00,4,3,1
2/22/18 13:00,5,3,2
2/22/18 14:00,6,2,4
2/22/18 15:00,7,4,3
2/22/18 16:00,22,18,4
2/22/18 17:00,33,25,8
2/22/18 18:00,16,13,3
2/22/18 19:00,6,4,2
2/22/18 20:00,6,6,0
2/22/18 21:00,3,3,0
2/22/18 22:00,2,2,0
2/22/18 23:00,0,0,0
2/23/18 0:00,0,0,0
2/23/18 1:00,4,1,3
2/23/18 2:00,4,3,1
2/23/18 3:00,1,1,0
2/23/18 4:00,0,0,0
2/23/18 5:00,13,3,10
2/23/18 6:00,15,3,12
2/23/18 7:00,27,4,23
2/23/18 8:00,36,4,32
2/23/18 9:00,8,1,7
2/23/18 10:00,6,1,5
2/23/18 11:00,10,4,6
2/23/18 12:00,9,2,7
2/23/18 13:00,13,7,6
2/23/18 14:00,11,5,6
2/23/18 15:00,19,12,7
2/23/18 16:00,30,26,4
2/23/18 17:00,40,35,5
2/23/18 18:00,9,8,1
2/23/18 19:00,5,4,1
2/23/18 20:00,6,5,1
2/23/18 21:00,0,0,0
2/23/18 22:00,2,0,2
2/23/18 23:00,5,4,1
2/24/18 0:00,2,1,1
2/24/18 1:00,1,1,0
2/24/18 2:00,2,1,1
2/24/18 3:00,3,2,1
2/24/18 4:00,1,1,0
2/24/18 5:00,2,1,1
2/24/18 6:00,3,0,3
2/24/18 7:00,5,0,5
2/24/18 8:00,6,4,2
2/24/18 9:00,9,2,7
2/24/18 10:00,22,10,12
2/24/18 11:00,16,6,10
2/24/18 12:00,25,7,18
2/24/18 13:00,19,14,5
2/24/18 14:00,24,7,17
2/24/18 15:00,30,14,16
2/24/18 16:00,15,9,6
2/24/18 17:00,24,14,10
2/24/18 18:00,12,6,6
2/24/18 19:00,4,2,2
2/24/18 20:00,4,3,1
2/24/18 21:00,7,6,1
2/24/18 22:00,6,3,3
2/24/18 23:00,2,0,2
2/25/18 0:00,1,1,0
2/25/18 1:00,3,0,3
2/25/18 2:00,0,0,0
2/25/18 3:00,1,1,0
2/25/18 4:00,0,0,0
2/25/18 5:00,0,0,0
2/25/18 6:00,4,0,4
2/25/18 7:00,22,2,20
2/25/18 8:00,31,7,24
2/25/18 9:00,7,4,3
2/25/18 10:00,20,7,13
2/25/18 11:00,15,3,12
2/25/18 12:00,22,13,9
2/25/18 13:00,23,14,9
2/25/18 14:00,24,18,6
2/25/18 15:00,28,20,8
2/25/18 16:00,26,15,11
2/25/18 17:00,6,1,5
2/25/18 18:00,3,2,1
2/25/18 19:00,1,1,0
2/25/18 20:00,3,2,1
2/25/18 21:00,5,4,1
2/25/18 22:00,0,0,0
2/25/18 23:00,0,0,0
2/26/18 0:00,0,0,0
2/26/18 1:00,1,0,1
2/26/18 2:00,0,0,0
2/26/18 3:00,4,3,1
2/26/18 4:00,4,1,3
2/26/18 5:00,24,5,19
2/26/18 6:00,44,5,39
2/26/18 7:00,96,4,92
2/26/18 8:00,88,7,81
2/26/18 9:00,33,0,33
2/26/18 10:00,13,5,8
2/26/18 11:00,10,2,8
2/26/18 12:00,12,7,5
2/26/18 13:00,11,5,6
2/26/18 14:00,23,7,16
2/26/18 15:00,36,25,11
2/26/18 16:00,85,68,17
2/26/18 17:00,119,108,11
2/26/18 18:00,65,58,7
2/26/18 19:00,21,18,3
2/26/18 20:00,10,9,1
2/26/18 21:00,10,9,1
2/26/18 22:00,6,3,3
2/26/18 23:00,0,0,0
2/27/18 0:00,0,0,0
2/27/18 1:00,1,0,1
2/27/18 2:00,1,1,0
2/27/18 3:00,4,3,1
2/27/18 4:00,2,1,1
2/27/18 5:00,17,2,15
2/27/18 6:00,50,6,44
2/27/18 7:00,101,11,90
2/27/18 8:00,97,5,92
2/27/18 9:00,31,4,27
2/27/18 10:00,10,0,10
2/27/18 11:00,6,2,4
2/27/18 12:00,13,7,6
2/27/18 13:00,12,5,7
2/27/18 14:00,13,6,7
2/27/18 15:00,23,17,6
2/27/18 16:00,54,43,11
2/27/18 17:00,86,77,9
2/27/18 18:00,54,51,3
2/27/18 19:00,20,18,2
2/27/18 20:00,11,9,2
2/27/18 21:00,2,2,0
2/27/18 22:00,6,6,0
2/27/18 23:00,0,0,0
2/28/18 0:00,0,0,0
2/28/18 1:00,0,0,0
2/28/18 2:00,1,0,1
2/28/18 3:00,1,0,1
2/28/18 4:00,2,1,1
2/28/18 5:00,16,4,12
2/28/18 6:00,37,3,34
2/28/18 7:00,79,11,68
2/28/18 8:00,69,5,64
2/28/18 9:00,34,2,32
2/28/18 10:00,12,4,8
2/28/18 11:00,10,4,6
2/28/18 12:00,10,5,5
2/28/18 13:00,7,2,5
2/28/18 14:00,8,3,5
2/28/18 15:00,15,9,6
2/28/18 16:00,49,41,8
2/28/18 17:00,77,65,12
2/28/18 18:00,49,47,2
2/28/18 19:00,25,23,2
2/28/18 20:00,4,3,1
2/28/18 21:00,11,7,4
2/28/18 22:00,0,0,0
2/28/18 23:00,2,1,1
3/1/18 0:00,3,3,0
3/1/18 1:00,5,1,4
3/1/18 2:00,3,3,0
3/1/18 3:00,1,1,0
3/1/18 4:00,7,2,5
3/1/18 5:00,19,3,16
3/1/18 6:00,42,7,35
3/1/18 7:00,95,9,86
3/1/18 8:00,88,7,81
3/1/18 9:00,0,0,0
3/1/18 10:00,6,1,5
3/1/18 11:00,14,6,8
3/1/18 12:00,24,11,13
3/1/18 13:00,19,3,16
3/1/18 14:00,17,6,11
3/1/18 15:00,29,27,2
3/1/18 16:00,77,62,15
3/1/18 17:00,120,99,21
3/1/18 18:00,60,52,8
3/1/18 19:00,38,35,3
3/1/18 20:00,20,16,4
3/1/18 21:00,12,10,2
3/1/18 22:00,14,8,6
3/1/18 23:00,17,4,13
3/2/18 0:00,2,1,1
3/2/18 1:00,3,3,0
3/2/18 2:00,1,1,0
3/2/18 3:00,0,0,0
3/2/18 4:00,2,0,2
3/2/18 5:00,11,1,10
3/2/18 6:00,27,4,23
3/2/18 7:00,66,5,61
3/2/18 8:00,87,7,80
3/2/18 9:00,27,4,23
3/2/18 10:00,18,3,15
3/2/18 11:00,14,4,10
3/2/18 12:00,11,4,7
3/2/18 13:00,12,8,4
3/2/18 14:00,17,10,7
3/2/18 15:00,29,23,6
3/2/18 16:00,49,45,4
3/2/18 17:00,83,74,9
3/2/18 18:00,38,33,5
3/2/18 19:00,21,16,5
3/2/18 20:00,16,13,3
3/2/18 21:00,3,3,0
3/2/18 22:00,2,1,1
3/2/18 23:00,2,2,0
3/3/18 0:00,2,2,0
3/3/18 1:00,3,2,1
3/3/18 2:00,2,2,0
3/3/18 3:00,4,3,1
3/3/18 4:00,1,1,0
3/3/18 5:00,2,0,2
3/3/18 6:00,2,0,2
3/3/18 7:00,9,6,3
3/3/18 8:00,26,8,18
3/3/18 9:00,18,7,11
3/3/18 10:00,34,11,23
3/3/18 11:00,50,25,25
3/3/18 12:00,68,41,27
3/3/18 13:00,72,34,38
3/3/18 14:00,63,34,29
3/3/18 15:00,56,13,43
3/3/18 16:00,52,28,24
3/3/18 17:00,28,15,13
3/3/18 18:00,8,6,2
3/3/18 19:00,5,3,2
3/3/18 20:00,3,0,3
3/3/18 21:00,4,3,1
3/3/18 22:00,1,0,1
3/3/18 23:00,1,0,1
3/4/18 0:00,3,2,1
3/4/18 1:00,2,2,0
3/4/18 2:00,1,1,0
3/4/18 3:00,0,0,0
3/4/18 4:00,0,0,0
3/4/18 5:00,1,0,1
3/4/18 6:00,5,2,3
3/4/18 7:00,8,1,7
3/4/18 8:00,13,4,9
3/4/18 9:00,36,19,17
3/4/18 10:00,35,8,27
3/4/18 11:00,37,20,17
3/4/18 12:00,29,9,20
3/4/18 13:00,41,25,16
3/4/18 14:00,17,4,13
3/4/18 15:00,13,8,5
3/4/18 16:00,18,9,9
3/4/18 17:00,8,6,2
3/4/18 18:00,7,6,1
3/4/18 19:00,1,1,0
3/4/18 20:00,6,3,3
3/4/18 21:00,2,2,0
3/4/18 22:00,0,0,0
3/4/18 23:00,0,0,0
3/5/18 0:00,0,0,0
3/5/18 1:00,2,2,0
3/5/18 2:00,0,0,0
3/5/18 3:00,2,1,1
3/5/18 4:00,4,0,4
3/5/18 5:00,18,3,15
3/5/18 6:00,65,7,58
3/5/18 7:00,122,15,107
3/5/18 8:00,108,10,98
3/5/18 9:00,46,3,43
3/5/18 10:00,10,0,10
3/5/18 11:00,15,8,7
3/5/18 12:00,16,4,12
3/5/18 13:00,16,6,10
3/5/18 14:00,19,10,9
3/5/18 15:00,39,32,7
3/5/18 16:00,88,71,17
3/5/18 17:00,141,129,12
3/5/18 18:00,59,52,7
3/5/18 19:00,31,25,6
3/5/18 20:00,15,11,4
3/5/18 21:00,5,4,1
3/5/18 22:00,3,3,0
3/5/18 23:00,0,0,0
3/6/18 0:00,2,1,1
3/6/18 1:00,1,0,1
3/6/18 2:00,0,0,0
3/6/18 3:00,1,1,0
3/6/18 4:00,3,1,2
3/6/18 5:00,26,2,24
3/6/18 6:00,64,8,56
3/6/18 7:00,124,15,109
3/6/18 8:00,123,16,107
3/6/18 9:00,45,1,44
3/6/18 10:00,19,2,17
3/6/18 11:00,18,8,10
3/6/18 12:00,30,12,18
3/6/18 13:00,21,12,9
3/6/18 14:00,28,17,11
3/6/18 15:00,54,37,17
3/6/18 16:00,129,98,31
3/6/18 17:00,169,151,18
3/6/18 18:00,62,51,11
3/6/18 19:00,29,23,6
3/6/18 20:00,10,6,4
3/6/18 21:00,17,12,5
3/6/18 22:00,5,4,1
3/6/18 23:00,3,3,0
3/7/18 0:00,0,0,0
3/7/18 1:00,1,1,0
3/7/18 2:00,0,0,0
3/7/18 3:00,0,0,0
3/7/18 4:00,2,1,1
3/7/18 5:00,23,3,20
3/7/18 6:00,68,11,57
3/7/18 7:00,120,13,107
3/7/18 8:00,98,8,90
3/7/18 9:00,39,2,37
3/7/18 10:00,15,4,11
3/7/18 11:00,24,12,12
3/7/18 12:00,14,5,9
3/7/18 13:00,21,9,12
3/7/18 14:00,15,8,7
3/7/18 15:00,32,23,9
3/7/18 16:00,90,71,19
3/7/18 17:00,140,122,18
3/7/18 18:00,62,53,9
3/7/18 19:00,16,16,0
3/7/18 20:00,13,9,4
3/7/18 21:00,20,18,2
3/7/18 22:00,3,3,0
3/7/18 23:00,4,2,2
3/8/18 0:00,3,3,0
3/8/18 1:00,2,1,1
3/8/18 2:00,4,4,0
3/8/18 3:00,2,2,0
3/8/18 4:00,4,1,3
3/8/18 5:00,18,3,15
3/8/18 6:00,31,7,24
3/8/18 7:00,59,5,54
3/8/18 8:00,56,3,53
3/8/18 9:00,15,0,15
3/8/18 10:00,11,0,11
3/8/18 11:00,4,0,4
3/8/18 12:00,5,3,2
3/8/18 13:00,6,3,3
3/8/18 14:00,4,2,2
3/8/18 15:00,14,12,2
3/8/18 16:00,36,28,8
3/8/18 17:00,72,67,5
3/8/18 18:00,33,30,3
3/8/18 19:00,20,19,1
3/8/18 20:00,6,5,1
3/8/18 21:00,5,5,0
3/8/18 22:00,2,1,1
3/8/18 23:00,2,2,0
3/9/18 0:00,1,1,0
3/9/18 1:00,0,0,0
3/9/18 2:00,0,0,0
3/9/18 3:00,0,0,0
3/9/18 4:00,5,1,4
3/9/18 5:00,15,2,13
3/9/18 6:00,37,7,30
3/9/18 7:00,80,6,74
3/9/18 8:00,92,10,82
3/9/18 9:00,25,7,18
3/9/18 10:00,18,6,12
3/9/18 11:00,16,3,13
3/9/18 12:00,12,6,6
3/9/18 13:00,19,12,7
3/9/18 14:00,25,18,7
3/9/18 15:00,47,33,14
3/9/18 16:00,77,59,18
3/9/18 17:00,90,85,5
3/9/18 18:00,44,39,5
3/9/18 19:00,23,15,8
3/9/18 20:00,7,5,2
3/9/18 21:00,8,6,2
3/9/18 22:00,8,4,4
3/9/18 23:00,0,0,0
3/10/18 0:00,1,0,1
3/10/18 1:00,4,3,1
3/10/18 2:00,2,1,1
3/10/18 3:00,2,1,1
3/10/18 4:00,4,3,1
3/10/18 5:00,2,0,2
3/10/18 6:00,5,2,3
3/10/18 7:00,3,0,3
3/10/18 8:00,22,4,18
3/10/18 9:00,30,11,19
3/10/18 10:00,42,16,26
3/10/18 11:00,41,17,24
3/10/18 12:00,65,40,25
3/10/18 13:00,67,37,30
3/10/18 14:00,53,31,22
3/10/18 15:00,59,22,37
3/10/18 16:00,42,30,12
3/10/18 17:00,46,25,21
3/10/18 18:00,27,7,20
3/10/18 19:00,7,3,4
3/10/18 20:00,9,5,4
3/10/18 21:00,3,3,0
3/10/18 22:00,5,5,0
3/10/18 23:00,2,2,0
3/11/18 0:00,3,2,1
3/11/18 1:00,1,0,1
3/11/18 2:00,,,
3/11/18 3:00,2,2,0
3/11/18 4:00,0,0,0
3/11/18 5:00,3,0,3
3/11/18 6:00,1,1,0
3/11/18 7:00,2,0,2
3/11/18 8:00,16,6,10
3/11/18 9:00,11,5,6
3/11/18 10:00,42,16,26
3/11/18 11:00,48,22,26
3/11/18 12:00,70,37,33
3/11/18 13:00,82,44,38
3/11/18 14:00,87,46,41
3/11/18 15:00,76,33,43
3/11/18 16:00,76,46,30
3/11/18 17:00,64,26,38
3/11/18 18:00,38,20,18
3/11/18 19:00,20,9,11
3/11/18 20:00,6,5,1
3/11/18 21:00,4,3,1
3/11/18 22:00,2,1,1
3/11/18 23:00,2,1,1
3/12/18 0:00,3,1,2
3/12/18 1:00,4,2,2
3/12/18 2:00,2,1,1
3/12/18 3:00,0,0,0
3/12/18 4:00,5,0,5
3/12/18 5:00,31,4,27
3/12/18 6:00,67,10,57
3/12/18 7:00,131,11,120
3/12/18 8:00,139,11,128
3/12/18 9:00,70,5,65
3/12/18 10:00,25,8,17
3/12/18 11:00,27,12,15
3/12/18 12:00,33,18,15
3/12/18 13:00,37,14,23
3/12/18 14:00,46,25,21
3/12/18 15:00,98,70,28
3/12/18 16:00,141,106,35
3/12/18 17:00,213,181,32
3/12/18 18:00,112,96,16
3/12/18 19:00,51,40,11
3/12/18 20:00,13,7,6
3/12/18 21:00,14,6,8
3/12/18 22:00,4,4,0
3/12/18 23:00,3,1,2
3/13/18 0:00,3,2,1
3/13/18 1:00,0,0,0
3/13/18 2:00,1,0,1
3/13/18 3:00,1,1,0
3/13/18 4:00,2,0,2
3/13/18 5:00,25,4,21
3/13/18 6:00,37,5,32
3/13/18 7:00,89,11,78
3/13/18 8:00,90,9,81
3/13/18 9:00,39,4,35
3/13/18 10:00,11,1,10
3/13/18 11:00,16,5,11
3/13/18 12:00,9,2,7
3/13/18 13:00,5,3,2
3/13/18 14:00,12,7,5
3/13/18 15:00,16,11,5
3/13/18 16:00,53,44,9
3/13/18 17:00,89,84,5
3/13/18 18:00,63,56,7
3/13/18 19:00,17,16,1
3/13/18 20:00,7,5,2
3/13/18 21:00,6,4,2
3/13/18 22:00,2,1,1
3/13/18 23:00,1,1,0
3/14/18 0:00,0,0,0
3/14/18 1:00,2,2,0
3/14/18 2:00,1,1,0
3/14/18 3:00,0,0,0
3/14/18 4:00,4,1,3
3/14/18 5:00,18,3,15
3/14/18 6:00,0,0,0
3/14/18 7:00,0,0,0
3/14/18 8:00,0,0,0
3/14/18 9:00,0,0,0
3/14/18 10:00,0,0,0
3/14/18 11:00,0,0,0
3/14/18 12:00,0,0,0
3/14/18 13:00,17,8,9
3/14/18 14:00,20,9,11
3/14/18 15:00,46,32,14
3/14/18 16:00,88,70,18
3/14/18 17:00,122,98,24
3/14/18 18:00,86,68,18
3/14/18 19:00,28,21,7
3/14/18 20:00,23,16,7
3/14/18 21:00,13,12,1
3/14/18 22:00,9,7,2
3/14/18 23:00,1,1,0
3/15/18 0:00,0,0,0
3/15/18 1:00,2,2,0
3/15/18 2:00,0,0,0
3/15/18 3:00,1,1,0
3/15/18 4:00,6,1,5
3/15/18 5:00,16,1,15
3/15/18 6:00,53,9,44
3/15/18 7:00,112,11,101
3/15/18 8:00,115,5,110
3/15/18 9:00,52,3,49
3/15/18 10:00,13,5,8
3/15/18 11:00,14,8,6
3/15/18 12:00,18,11,7
3/15/18 13:00,32,15,17
3/15/18 14:00,27,17,10
3/15/18 15:00,50,37,13
3/15/18 16:00,78,55,23
3/15/18 17:00,153,126,27
3/15/18 18:00,83,70,13
3/15/18 19:00,31,28,3
3/15/18 20:00,12,12,0
3/15/18 21:00,10,7,3
3/15/18 22:00,3,3,0
3/15/18 23:00,4,2,2
3/16/18 0:00,0,0,0
3/16/18 1:00,1,1,0
3/16/18 2:00,0,0,0
3/16/18 3:00,2,2,0
3/16/18 4:00,7,1,6
3/16/18 5:00,26,1,25
3/16/18 6:00,43,6,37
3/16/18 7:00,85,7,78
3/16/18 8:00,113,8,105
3/16/18 9:00,33,3,30
3/16/18 10:00,34,14,20
3/16/18 11:00,15,3,12
3/16/18 12:00,18,10,8
3/16/18 13:00,23,16,7
3/16/18 14:00,45,30,15
3/16/18 15:00,57,45,12
3/16/18 16:00,110,82,28
3/16/18 17:00,123,105,18
3/16/18 18:00,69,56,13
3/16/18 19:00,31,20,11
3/16/18 20:00,15,9,6
3/16/18 21:00,4,3,1
3/16/18 22:00,3,2,1
3/16/18 23:00,4,3,1
3/17/18 0:00,4,4,0
3/17/18 1:00,3,2,1
3/17/18 2:00,0,0,0
3/17/18 3:00,4,3,1
3/17/18 4:00,3,2,1
3/17/18 5:00,3,0,3
3/17/18 6:00,11,4,7
3/17/18 7:00,12,2,10
3/17/18 8:00,15,2,13
3/17/18 9:00,32,14,18
3/17/18 10:00,35,18,17
3/17/18 11:00,27,9,18
3/17/18 12:00,42,22,20
3/17/18 13:00,50,17,33
3/17/18 14:00,35,20,15
3/17/18 15:00,49,23,26
3/17/18 16:00,19,8,11
3/17/18 17:00,23,9,14
3/17/18 18:00,17,11,6
3/17/18 19:00,19,16,3
3/17/18 20:00,4,4,0
3/17/18 21:00,6,1,5
3/17/18 22:00,6,4,2
3/17/18 23:00,7,3,4
3/18/18 0:00,3,2,1
3/18/18 1:00,1,0,1
3/18/18 2:00,5,4,1
3/18/18 3:00,0,0,0
3/18/18 4:00,0,0,0
3/18/18 5:00,1,0,1
3/18/18 6:00,4,1,3
3/18/18 7:00,2,1,1
3/18/18 8:00,18,4,14
3/18/18 9:00,18,12,6
3/18/18 10:00,46,16,30
3/18/18 11:00,33,15,18
3/18/18 12:00,45,19,26
3/18/18 13:00,49,20,29
3/18/18 14:00,47,24,23
3/18/18 15:00,65,40,25
3/18/18 16:00,41,23,18
3/18/18 17:00,40,15,25
3/18/18 18:00,25,14,11
3/18/18 19:00,11,8,3
3/18/18 20:00,8,8,0
3/18/18 21:00,7,3,4
3/18/18 22:00,2,2,0
3/18/18 23:00,3,2,1
3/19/18 0:00,0,0,0
3/19/18 1:00,2,1,1
3/19/18 2:00,0,0,0
3/19/18 3:00,1,0,1
3/19/18 4:00,4,0,4
3/19/18 5:00,24,3,21
3/19/18 6:00,60,9,51
3/19/18 7:00,129,13,116
3/19/18 8:00,138,6,132
3/19/18 9:00,46,7,39
3/19/18 10:00,32,7,25
3/19/18 11:00,34,21,13
3/19/18 12:00,22,12,10
3/19/18 13:00,39,12,27
3/19/18 14:00,26,16,10
3/19/18 15:00,47,41,6
3/19/18 16:00,113,96,17
3/19/18 17:00,149,133,16
3/19/18 18:00,87,71,16
3/19/18 19:00,38,29,9
3/19/18 20:00,19,11,8
3/19/18 21:00,7,6,1
3/19/18 22:00,2,2,0
3/19/18 23:00,0,0,0
3/20/18 0:00,0,0,0
3/20/18 1:00,1,0,1
3/20/18 2:00,2,1,1
3/20/18 3:00,2,1,1
3/20/18 4:00,8,2,6
3/20/18 5:00,28,4,24
3/20/18 6:00,66,9,57
3/20/18 7:00,112,9,103
3/20/18 8:00,109,6,103
3/20/18 9:00,50,2,48
3/20/18 10:00,26,9,17
3/20/18 11:00,30,13,17
3/20/18 12:00,20,7,13
3/20/18 13:00,17,11,6
3/20/18 14:00,30,14,16
3/20/18 15:00,54,43,11
3/20/18 16:00,125,96,29
3/20/18 17:00,162,140,22
3/20/18 18:00,100,78,22
3/20/18 19:00,52,37,15
3/20/18 20:00,15,9,6
3/20/18 21:00,10,8,2
3/20/18 22:00,8,5,3
3/20/18 23:00,3,2,1
3/21/18 0:00,3,2,1
3/21/18 1:00,1,0,1
3/21/18 2:00,0,0,0
3/21/18 3:00,0,0,0
3/21/18 4:00,7,2,5
3/21/18 5:00,24,1,23
3/21/18 6:00,59,5,54
3/21/18 7:00,108,12,96
3/21/18 8:00,108,6,102
3/21/18 9:00,51,3,48
3/21/18 10:00,25,8,17
3/21/18 11:00,22,5,17
3/21/18 12:00,12,6,6
3/21/18 13:00,27,10,17
3/21/18 14:00,21,12,9
3/21/18 15:00,40,29,11
3/21/18 16:00,96,82,14
3/21/18 17:00,149,126,23
3/21/18 18:00,78,63,15
3/21/18 19:00,30,24,6
3/21/18 20:00,17,14,3
3/21/18 21:00,8,6,2
3/21/18 22:00,7,7,0
3/21/18 23:00,1,1,0
3/22/18 0:00,1,0,1
3/22/18 1:00,1,1,0
3/22/18 2:00,0,0,0
3/22/18 3:00,1,1,0
3/22/18 4:00,3,1,2
3/22/18 5:00,19,2,17
3/22/18 6:00,44,6,38
3/22/18 7:00,61,5,56
3/22/18 8:00,59,3,56
3/22/18 9:00,18,3,15
3/22/18 10:00,7,0,7
3/22/18 11:00,3,0,3
3/22/18 12:00,0,0,0
3/22/18 13:00,0,0,0
3/22/18 14:00,0,0,0
3/22/18 15:00,18,14,4
3/22/18 16:00,50,43,7
3/22/18 17:00,84,78,6
3/22/18 18:00,54,45,9
3/22/18 19:00,15,13,2
3/22/18 20:00,5,5,0
3/22/18 21:00,5,5,0
3/22/18 22:00,4,3,1
3/22/18 23:00,0,0,0
3/23/18 0:00,1,1,0
3/23/18 1:00,1,1,0
3/23/18 2:00,2,1,1
3/23/18 3:00,3,2,1
3/23/18 4:00,2,1,1
3/23/18 5:00,10,1,9
3/23/18 6:00,31,3,28
3/23/18 7:00,66,8,58
3/23/18 8:00,63,2,61
3/23/18 9:00,24,0,24
3/23/18 10:00,6,1,5
3/23/18 11:00,3,0,3
3/23/18 12:00,9,3,6
3/23/18 13:00,10,4,6
3/23/18 14:00,16,7,9
3/23/18 15:00,23,22,1
3/23/18 16:00,44,36,8
3/23/18 17:00,71,67,4
3/23/18 18:00,36,31,5
3/23/18 19:00,10,7,3
3/23/18 20:00,4,4,0
3/23/18 21:00,2,2,0
3/23/18 22:00,3,2,1
3/23/18 23:00,1,0,1
3/24/18 0:00,1,0,1
3/24/18 1:00,2,1,1
3/24/18 2:00,6,3,3
3/24/18 3:00,4,3,1
3/24/18 4:00,2,2,0
3/24/18 5:00,0,0,0
3/24/18 6:00,3,0,3
3/24/18 7:00,5,0,5
3/24/18 8:00,9,1,8
3/24/18 9:00,19,9,10
3/24/18 10:00,23,2,21
3/24/18 11:00,21,7,14
3/24/18 12:00,42,21,21
3/24/18 13:00,30,18,12
3/24/18 14:00,44,21,23
3/24/18 15:00,30,11,19
3/24/18 16:00,24,17,7
3/24/18 17:00,18,13,5
3/24/18 18:00,17,9,8
3/24/18 19:00,7,6,1
3/24/18 20:00,4,2,2
3/24/18 21:00,4,1,3
3/24/18 22:00,4,4,0
3/24/18 23:00,0,0,0
3/25/18 0:00,2,1,1
3/25/18 1:00,0,0,0
3/25/18 2:00,2,1,1
3/25/18 3:00,1,1,0
3/25/18 4:00,1,0,1
3/25/18 5:00,2,0,2
3/25/18 6:00,4,1,3
3/25/18 7:00,12,4,8
3/25/18 8:00,23,10,13
3/25/18 9:00,35,14,21
3/25/18 10:00,25,8,17
3/25/18 11:00,44,27,17
3/25/18 12:00,46,23,23
3/25/18 13:00,43,17,26
3/25/18 14:00,27,14,13
3/25/18 15:00,55,30,25
3/25/18 16:00,45,21,24
3/25/18 17:00,33,17,16
3/25/18 18:00,21,12,9
3/25/18 19:00,20,11,9
3/25/18 20:00,6,4,2
3/25/18 21:00,6,5,1
3/25/18 22:00,2,1,1
3/25/18 23:00,2,2,0
3/26/18 0:00,0,0,0
3/26/18 1:00,1,0,1
3/26/18 2:00,4,1,3
3/26/18 3:00,1,1,0
3/26/18 4:00,1,0,1
3/26/18 5:00,14,2,12
3/26/18 6:00,37,4,33
3/26/18 7:00,86,11,75
3/26/18 8:00,87,5,82
3/26/18 9:00,34,1,33
3/26/18 10:00,12,3,9
3/26/18 11:00,1,0,1
3/26/18 12:00,8,4,4
3/26/18 13:00,4,3,1
3/26/18 14:00,10,5,5
3/26/18 15:00,21,14,7
3/26/18 16:00,49,44,5
3/26/18 17:00,111,96,15
3/26/18 18:00,48,45,3
3/26/18 19:00,20,16,4
3/26/18 20:00,12,8,4
3/26/18 21:00,5,3,2
3/26/18 22:00,8,6,2
3/26/18 23:00,4,1,3
3/27/18 0:00,0,0,0
3/27/18 1:00,0,0,0
3/27/18 2:00,0,0,0
3/27/18 3:00,3,1,2
3/27/18 4:00,2,1,1
3/27/18 5:00,15,2,13
3/27/18 6:00,44,4,40
3/27/18 7:00,77,6,71
3/27/18 8:00,92,8,84
3/27/18 9:00,23,2,21
3/27/18 10:00,8,2,6
3/27/18 11:00,14,5,9
3/27/18 12:00,12,7,5
3/27/18 13:00,14,4,10
3/27/18 14:00,15,9,6
3/27/18 15:00,15,13,2
3/27/18 16:00,61,50,11
3/27/18 17:00,106,96,10
3/27/18 18:00,66,57,9
3/27/18 19:00,27,24,3
3/27/18 20:00,10,10,0
3/27/18 21:00,6,6,0
3/27/18 22:00,1,1,0
3/27/18 23:00,5,2,3
3/28/18 0:00,0,0,0
3/28/18 1:00,1,1,0
3/28/18 2:00,1,1,0
3/28/18 3:00,0,0,0
3/28/18 4:00,3,1,2
3/28/18 5:00,19,1,18
3/28/18 6:00,67,9,58
3/28/18 7:00,107,12,95
3/28/18 8:00,112,6,106
3/28/18 9:00,37,3,34
3/28/18 10:00,23,7,16
3/28/18 11:00,17,2,15
3/28/18 12:00,15,8,7
3/28/18 13:00,24,13,11
3/28/18 14:00,22,16,6
3/28/18 15:00,41,31,10
3/28/18 16:00,70,60,10
3/28/18 17:00,134,116,18
3/28/18 18:00,79,65,14
3/28/18 19:00,25,24,1
3/28/18 20:00,14,9,5
3/28/18 21:00,12,12,0
3/28/18 22:00,7,5,2
3/28/18 23:00,4,4,0
3/29/18 0:00,4,1,3
3/29/18 1:00,2,1,1
3/29/18 2:00,1,1,0
3/29/18 3:00,0,0,0
3/29/18 4:00,3,1,2
3/29/18 5:00,22,4,18
3/29/18 6:00,69,5,64
3/29/18 7:00,96,8,88
3/29/18 8:00,91,7,84
3/29/18 9:00,53,3,50
3/29/18 10:00,20,5,15
3/29/18 11:00,14,7,7
3/29/18 12:00,26,12,14
3/29/18 13:00,18,5,13
3/29/18 14:00,32,20,12
3/29/18 15:00,34,22,12
3/29/18 16:00,83,61,22
3/29/18 17:00,130,115,15
3/29/18 18:00,74,62,12
3/29/18 19:00,40,33,7
3/29/18 20:00,42,38,4
3/29/18 21:00,13,8,5
3/29/18 22:00,33,11,22
3/29/18 23:00,5,4,1
3/30/18 0:00,4,4,0
3/30/18 1:00,3,1,2
3/30/18 2:00,0,0,0
3/30/18 3:00,2,0,2
3/30/18 4:00,4,2,2
3/30/18 5:00,22,4,18
3/30/18 6:00,37,4,33
3/30/18 7:00,82,10,72
3/30/18 8:00,83,7,76
3/30/18 9:00,44,6,38
3/30/18 10:00,26,11,15
3/30/18 11:00,20,9,11
3/30/18 12:00,24,10,14
3/30/18 13:00,22,12,10
3/30/18 14:00,34,17,17
3/30/18 15:00,46,29,17
3/30/18 16:00,99,83,16
3/30/18 17:00,86,71,15
3/30/18 18:00,55,47,8
3/30/18 19:00,24,23,1
3/30/18 20:00,8,4,4
3/30/18 21:00,5,5,0
3/30/18 22:00,9,5,4
3/30/18 23:00,3,2,1
3/31/18 0:00,3,2,1
3/31/18 1:00,5,3,2
3/31/18 2:00,2,1,1
3/31/18 3:00,3,1,2
3/31/18 4:00,1,1,0
3/31/18 5:00,2,0,2
3/31/18 6:00,9,1,8
3/31/18 7:00,13,8,5
3/31/18 8:00,29,7,22
3/31/18 9:00,28,10,18
3/31/18 10:00,54,26,28
3/31/18 11:00,57,30,27
3/31/18 12:00,58,26,32
3/31/18 13:00,63,33,30
3/31/18 14:00,40,18,22
3/31/18 15:00,73,42,31
3/31/18 16:00,78,37,41
3/31/18 17:00,57,38,19
3/31/18 18:00,33,17,16
3/31/18 19:00,10,5,5
3/31/18 20:00,9,7,2
3/31/18 21:00,17,13,4
3/31/18 22:00,9,6,3
3/31/18 23:00,3,2,1
4/1/18 0:00,4,2,2
4/1/18 1:00,3,1,2
4/1/18 2:00,2,2,0
4/1/18 3:00,2,2,0
4/1/18 4:00,3,1,2
4/1/18 5:00,3,1,2
4/1/18 6:00,3,2,1
4/1/18 7:00,3,1,2
4/1/18 8:00,11,5,6
4/1/18 9:00,8,1,7
4/1/18 10:00,6,4,2
4/1/18 11:00,9,6,3
4/1/18 12:00,13,4,9
4/1/18 13:00,9,3,6
4/1/18 14:00,19,13,6
4/1/18 15:00,20,10,10
4/1/18 16:00,19,12,7
4/1/18 17:00,11,3,8
4/1/18 18:00,7,6,1
4/1/18 19:00,7,4,3
4/1/18 20:00,3,3,0
4/1/18 21:00,0,0,0
4/1/18 22:00,1,1,0
4/1/18 23:00,2,1,1
4/2/18 0:00,0,0,0
4/2/18 1:00,1,1,0
4/2/18 2:00,0,0,0
4/2/18 3:00,0,0,0
4/2/18 4:00,6,2,4
4/2/18 5:00,26,2,24
4/2/18 6:00,62,8,54
4/2/18 7:00,129,12,117
4/2/18 8:00,128,9,119
4/2/18 9:00,38,3,35
4/2/18 10:00,20,3,17
4/2/18 11:00,20,7,13
4/2/18 12:00,25,17,8
4/2/18 13:00,21,8,13
4/2/18 14:00,22,10,12
4/2/18 15:00,42,32,10
4/2/18 16:00,96,79,17
4/2/18 17:00,147,136,11
4/2/18 18:00,78,67,11
4/2/18 19:00,31,26,5
4/2/18 20:00,17,9,8
4/2/18 21:00,10,8,2
4/2/18 22:00,6,6,0
4/2/18 23:00,5,1,4
4/3/18 0:00,1,0,1
4/3/18 1:00,0,0,0
4/3/18 2:00,1,1,0
4/3/18 3:00,2,1,1
4/3/18 4:00,5,2,3
4/3/18 5:00,31,3,28
4/3/18 6:00,59,9,50
4/3/18 7:00,122,9,113
4/3/18 8:00,117,6,111
4/3/18 9:00,38,4,34
4/3/18 10:00,20,4,16
4/3/18 11:00,14,2,12
4/3/18 12:00,11,6,5
4/3/18 13:00,26,14,12
4/3/18 14:00,23,11,12
4/3/18 15:00,37,27,10
4/3/18 16:00,102,84,18
4/3/18 17:00,141,120,21
4/3/18 18:00,85,73,12
4/3/18 19:00,23,20,3
4/3/18 20:00,11,8,3
4/3/18 21:00,6,4,2
4/3/18 22:00,7,6,1
4/3/18 23:00,3,2,1
4/4/18 0:00,1,0,1
4/4/18 1:00,1,1,0
4/4/18 2:00,1,0,1
4/4/18 3:00,1,1,0
4/4/18 4:00,3,2,1
4/4/18 5:00,24,2,22
4/4/18 6:00,39,5,34
4/4/18 7:00,64,4,60
4/4/18 8:00,99,6,93
4/4/18 9:00,29,1,28
4/4/18 10:00,8,1,7
4/4/18 11:00,12,6,6
4/4/18 12:00,8,5,3
4/4/18 13:00,7,3,4
4/4/18 14:00,6,4,2
4/4/18 15:00,14,11,3
4/4/18 16:00,63,52,11
4/4/18 17:00,83,76,7
4/4/18 18:00,58,56,2
4/4/18 19:00,20,20,0
4/4/18 20:00,13,9,4
4/4/18 21:00,6,3,3
4/4/18 22:00,2,1,1
4/4/18 23:00,3,2,1
4/5/18 0:00,2,2,0
4/5/18 1:00,3,1,2
4/5/18 2:00,3,3,0
4/5/18 3:00,1,1,0
4/5/18 4:00,3,1,2
4/5/18 5:00,19,1,18
4/5/18 6:00,26,2,24
4/5/18 7:00,82,8,74
4/5/18 8:00,81,4,77
4/5/18 9:00,25,5,20
4/5/18 10:00,10,0,10
4/5/18 11:00,6,2,4
4/5/18 12:00,4,2,2
4/5/18 13:00,6,2,4
4/5/18 14:00,14,7,7
4/5/18 15:00,20,16,4
4/5/18 16:00,54,42,12
4/5/18 17:00,82,77,5
4/5/18 18:00,47,42,5
4/5/18 19:00,26,21,5
4/5/18 20:00,14,11,3
4/5/18 21:00,13,11,2
4/5/18 22:00,8,8,0
4/5/18 23:00,3,1,2
4/6/18 0:00,1,1,0
4/6/18 1:00,1,0,1
4/6/18 2:00,1,1,0
4/6/18 3:00,0,0,0
4/6/18 4:00,4,1,3
4/6/18 5:00,17,2,15
4/6/18 6:00,39,3,36
4/6/18 7:00,88,12,76
4/6/18 8:00,87,5,82
4/6/18 9:00,32,3,29
4/6/18 10:00,18,6,12
4/6/18 11:00,8,0,8
4/6/18 12:00,20,7,13
4/6/18 13:00,26,13,13
4/6/18 14:00,25,18,7
4/6/18 15:00,52,40,12
4/6/18 16:00,98,77,21
4/6/18 17:00,122,101,21
4/6/18 18:00,70,61,9
4/6/18 19:00,31,15,16
4/6/18 20:00,23,14,9
4/6/18 21:00,9,3,6
4/6/18 22:00,7,6,1
4/6/18 23:00,4,2,2
4/7/18 0:00,3,2,1
4/7/18 1:00,3,2,1
4/7/18 2:00,5,4,1
4/7/18 3:00,1,1,0
4/7/18 4:00,1,1,0
4/7/18 5:00,0,0,0
4/7/18 6:00,0,0,0
4/7/18 7:00,0,0,0
4/7/18 8:00,0,0,0
4/7/18 9:00,0,0,0
4/7/18 10:00,0,0,0
4/7/18 11:00,0,0,0
4/7/18 12:00,0,0,0
4/7/18 13:00,0,0,0
4/7/18 14:00,0,0,0
4/7/18 15:00,0,0,0
4/7/18 16:00,0,0,0
4/7/18 17:00,0,0,0
4/7/18 18:00,0,0,0
4/7/18 19:00,7,4,3
4/7/18 20:00,3,1,2
4/7/18 21:00,2,0,2
4/7/18 22:00,1,1,0
4/7/18 23:00,3,2,1
4/8/18 0:00,2,1,1
4/8/18 1:00,1,1,0
4/8/18 2:00,0,0,0
4/8/18 3:00,0,0,0
4/8/18 4:00,1,0,1
4/8/18 5:00,5,0,5
4/8/18 6:00,74,7,67
4/8/18 7:00,63,5,58
4/8/18 8:00,90,29,61
4/8/18 9:00,86,78,8
4/8/18 10:00,73,61,12
4/8/18 11:00,14,14,0
4/8/18 12:00,4,2,2
4/8/18 13:00,3,3,0
4/8/18 14:00,0,0,0
4/8/18 15:00,0,0,0
4/8/18 16:00,1,1,0
4/8/18 17:00,4,2,2
4/8/18 18:00,4,3,1
4/8/18 19:00,5,1,4
4/8/18 20:00,6,4,2
4/8/18 21:00,2,1,1
4/8/18 22:00,4,4,0
4/8/18 23:00,2,2,0
4/9/18 0:00,5,3,2
4/9/18 1:00,0,0,0
4/9/18 2:00,0,0,0
4/9/18 3:00,0,0,0
4/9/18 4:00,0,0,0
4/9/18 5:00,0,0,0
4/9/18 6:00,0,0,0
4/9/18 7:00,0,0,0
4/9/18 8:00,0,0,0
4/9/18 9:00,0,0,0
4/9/18 10:00,0,0,0
4/9/18 11:00,0,0,0
4/9/18 12:00,0,0,0
4/9/18 13:00,0,0,0
4/9/18 14:00,0,0,0
4/9/18 15:00,0,0,0
4/9/18 16:00,0,0,0
4/9/18 17:00,0,0,0
4/9/18 18:00,0,0,0
4/9/18 19:00,0,0,0
4/9/18 20:00,0,0,0
4/9/18 21:00,1,1,0
4/9/18 22:00,10,7,3
4/9/18 23:00,6,4,2
4/10/18 0:00,1,1,0
4/10/18 1:00,2,1,1
4/10/18 2:00,0,0,0
4/10/18 3:00,0,0,0
4/10/18 4:00,6,2,4
4/10/18 5:00,23,4,19
4/10/18 6:00,38,5,33
4/10/18 7:00,65,8,57
4/10/18 8:00,62,3,59
4/10/18 9:00,25,3,22
4/10/18 10:00,8,2,6
4/10/18 11:00,9,4,5
4/10/18 12:00,9,2,7
4/10/18 13:00,15,5,10
4/10/18 14:00,17,8,9
4/10/18 15:00,17,14,3
4/10/18 16:00,55,40,15
4/10/18 17:00,93,78,15
4/10/18 18:00,66,55,11
4/10/18 19:00,37,24,13
4/10/18 20:00,12,8,4
4/10/18 21:00,9,6,3
4/10/18 22:00,4,3,1
4/10/18 23:00,6,4,2
4/11/18 0:00,1,0,1
4/11/18 1:00,2,0,2
4/11/18 2:00,3,0,3
4/11/18 3:00,0,0,0
4/11/18 4:00,2,1,1
4/11/18 5:00,22,4,18
4/11/18 6:00,47,4,43
4/11/18 7:00,96,14,82
4/11/18 8:00,88,8,80
4/11/18 9:00,33,6,27
4/11/18 10:00,18,1,17
4/11/18 11:00,10,5,5
4/11/18 12:00,6,2,4
4/11/18 13:00,8,7,1
4/11/18 14:00,14,6,8
4/11/18 15:00,19,15,4
4/11/18 16:00,58,44,14
4/11/18 17:00,84,80,4
4/11/18 18:00,47,46,1
4/11/18 19:00,24,23,1
4/11/18 20:00,14,10,4
4/11/18 21:00,9,7,2
4/11/18 22:00,2,2,0
4/11/18 23:00,0,0,0
4/12/18 0:00,1,1,0
4/12/18 1:00,2,1,1
4/12/18 2:00,2,0,2
4/12/18 3:00,4,2,2
4/12/18 4:00,2,1,1
4/12/18 5:00,20,4,16
4/12/18 6:00,42,2,40
4/12/18 7:00,91,9,82
4/12/18 8:00,86,7,79
4/12/18 9:00,37,2,35
4/12/18 10:00,7,3,4
4/12/18 11:00,10,4,6
4/12/18 12:00,3,1,2
4/12/18 13:00,9,2,7
4/12/18 14:00,12,6,6
4/12/18 15:00,24,21,3
4/12/18 16:00,62,54,8
4/12/18 17:00,109,97,12
4/12/18 18:00,60,55,5
4/12/18 19:00,28,19,9
4/12/18 20:00,14,12,2
4/12/18 21:00,7,4,3
4/12/18 22:00,7,4,3
4/12/18 23:00,1,1,0
4/13/18 0:00,3,3,0
4/13/18 1:00,1,0,1
4/13/18 2:00,2,2,0
4/13/18 3:00,0,0,0
4/13/18 4:00,3,1,2
4/13/18 5:00,19,5,14
4/13/18 6:00,23,4,19
4/13/18 7:00,53,5,48
4/13/18 8:00,63,10,53
4/13/18 9:00,28,3,25
4/13/18 10:00,7,1,6
4/13/18 11:00,5,1,4
4/13/18 12:00,9,4,5
4/13/18 13:00,11,7,4
4/13/18 14:00,14,8,6
4/13/18 15:00,19,13,6
4/13/18 16:00,35,30,5
4/13/18 17:00,44,35,9
4/13/18 18:00,38,34,4
4/13/18 19:00,14,10,4
4/13/18 20:00,6,5,1
4/13/18 21:00,3,3,0
4/13/18 22:00,3,3,0
4/13/18 23:00,0,0,0
4/14/18 0:00,3,1,2
4/14/18 1:00,3,3,0
4/14/18 2:00,0,0,0
4/14/18 3:00,1,1,0
4/14/18 4:00,1,1,0
4/14/18 5:00,1,0,1
4/14/18 6:00,6,3,3
4/14/18 7:00,5,3,2
4/14/18 8:00,1,0,1
4/14/18 9:00,12,2,10
4/14/18 10:00,8,5,3
4/14/18 11:00,29,10,19
4/14/18 12:00,12,5,7
4/14/18 13:00,11,4,7
4/14/18 14:00,8,2,6
4/14/18 15:00,9,7,2
4/14/18 16:00,3,3,0
4/14/18 17:00,3,2,1
4/14/18 18:00,4,4,0
4/14/18 19:00,1,1,0
4/14/18 20:00,1,1,0
4/14/18 21:00,5,2,3
4/14/18 22:00,3,2,1
4/14/18 23:00,3,3,0
4/15/18 0:00,2,0,2
4/15/18 1:00,3,1,2
4/15/18 2:00,2,1,1
4/15/18 3:00,0,0,0
4/15/18 4:00,0,0,0
4/15/18 5:00,1,0,1
4/15/18 6:00,2,1,1
4/15/18 7:00,6,0,6
4/15/18 8:00,19,3,16
4/15/18 9:00,17,7,10
4/15/18 10:00,38,21,17
4/15/18 11:00,45,20,25
4/15/18 12:00,45,17,28
4/15/18 13:00,42,24,18
4/15/18 14:00,23,13,10
4/15/18 15:00,11,6,5
4/15/18 16:00,17,8,9
4/15/18 17:00,10,7,3
4/15/18 18:00,4,1,3
4/15/18 19:00,3,2,1
4/15/18 20:00,3,3,0
4/15/18 21:00,2,1,1
4/15/18 22:00,1,0,1
4/15/18 23:00,0,0,0
4/16/18 0:00,0,0,0
4/16/18 1:00,1,0,1
4/16/18 2:00,0,0,0
4/16/18 3:00,0,0,0
4/16/18 4:00,1,0,1
4/16/18 5:00,18,1,17
4/16/18 6:00,51,9,42
4/16/18 7:00,85,9,76
4/16/18 8:00,81,8,73
4/16/18 9:00,34,4,30
4/16/18 10:00,11,3,8
4/16/18 11:00,5,2,3
4/16/18 12:00,8,4,4
4/16/18 13:00,8,3,5
4/16/18 14:00,11,5,6
4/16/18 15:00,25,21,4
4/16/18 16:00,53,40,13
4/16/18 17:00,88,76,12
4/16/18 18:00,58,53,5
4/16/18 19:00,16,13,3
4/16/18 20:00,10,7,3
4/16/18 21:00,4,4,0
4/16/18 22:00,4,3,1
4/16/18 23:00,0,0,0
4/17/18 0:00,1,1,0
4/17/18 1:00,2,1,1
4/17/18 2:00,0,0,0
4/17/18 3:00,3,2,1
4/17/18 4:00,2,1,1
4/17/18 5:00,24,4,20
4/17/18 6:00,58,11,47
4/17/18 7:00,123,13,110
4/17/18 8:00,112,13,99
4/17/18 9:00,53,9,44
4/17/18 10:00,6,4,2
4/17/18 11:00,17,5,12
4/17/18 12:00,13,5,8
4/17/18 13:00,22,9,13
4/17/18 14:00,20,11,9
4/17/18 15:00,55,36,19
4/17/18 16:00,82,69,13
4/17/18 17:00,137,113,24
4/17/18 18:00,81,72,9
4/17/18 19:00,39,32,7
4/17/18 20:00,17,16,1
4/17/18 21:00,14,11,3
4/17/18 22:00,9,7,2
4/17/18 23:00,5,4,1
4/18/18 0:00,4,1,3
4/18/18 1:00,0,0,0
4/18/18 2:00,3,2,1
4/18/18 3:00,3,2,1
4/18/18 4:00,5,1,4
4/18/18 5:00,23,1,22
4/18/18 6:00,75,12,63
4/18/18 7:00,127,13,114
4/18/18 8:00,102,8,94
4/18/18 9:00,63,5,58
4/18/18 10:00,17,5,12
4/18/18 11:00,25,8,17
4/18/18 12:00,17,10,7
4/18/18 13:00,25,11,14
4/18/18 14:00,21,12,9
4/18/18 15:00,48,41,7
4/18/18 16:00,91,68,23
4/18/18 17:00,136,123,13
4/18/18 18:00,92,82,10
4/18/18 19:00,43,32,11
4/18/18 20:00,23,18,5
4/18/18 21:00,11,8,3
4/18/18 22:00,13,11,2
4/18/18 23:00,4,3,1
4/19/18 0:00,4,4,0
4/19/18 1:00,4,2,2
4/19/18 2:00,2,0,2
4/19/18 3:00,3,3,0
4/19/18 4:00,7,1,6
4/19/18 5:00,29,7,22
4/19/18 6:00,61,7,54
4/19/18 7:00,156,20,136
4/19/18 8:00,128,10,118
4/19/18 9:00,50,7,43
4/19/18 10:00,36,9,27
4/19/18 11:00,27,9,18
4/19/18 12:00,28,12,16
4/19/18 13:00,33,15,18
4/19/18 14:00,41,23,18
4/19/18 15:00,55,42,13
4/19/18 16:00,112,76,36
4/19/18 17:00,166,147,19
4/19/18 18:00,128,100,28
4/19/18 19:00,57,41,16
4/19/18 20:00,13,5,8
4/19/18 21:00,17,6,11
4/19/18 22:00,9,6,3
4/19/18 23:00,7,6,1
4/20/18 0:00,2,2,0
4/20/18 1:00,1,1,0
4/20/18 2:00,1,1,0
4/20/18 3:00,0,0,0
4/20/18 4:00,4,1,3
4/20/18 5:00,26,1,25
4/20/18 6:00,49,6,43
4/20/18 7:00,99,5,94
4/20/18 8:00,115,9,106
4/20/18 9:00,50,10,40
4/20/18 10:00,35,8,27
4/20/18 11:00,24,8,16
4/20/18 12:00,24,13,11
4/20/18 13:00,21,16,5
4/20/18 14:00,47,36,11
4/20/18 15:00,61,45,16
4/20/18 16:00,97,80,17
4/20/18 17:00,127,103,24
4/20/18 18:00,60,52,8
4/20/18 19:00,20,15,5
4/20/18 20:00,14,7,7
4/20/18 21:00,4,2,2
4/20/18 22:00,4,2,2
4/20/18 23:00,4,4,0
4/21/18 0:00,1,1,0
4/21/18 1:00,0,0,0
4/21/18 2:00,0,0,0
4/21/18 3:00,1,1,0
4/21/18 4:00,1,1,0
4/21/18 5:00,3,2,1
4/21/18 6:00,14,3,11
4/21/18 7:00,10,5,5
4/21/18 8:00,30,13,17
4/21/18 9:00,33,17,16
4/21/18 10:00,33,15,18
4/21/18 11:00,57,24,33
4/21/18 12:00,81,40,41
4/21/18 13:00,56,32,24
4/21/18 14:00,42,22,20
4/21/18 15:00,30,12,18
4/21/18 16:00,29,15,14
4/21/18 17:00,15,10,5
4/21/18 18:00,16,9,7
4/21/18 19:00,10,3,7
4/21/18 20:00,11,9,2
4/21/18 21:00,4,4,0
4/21/18 22:00,10,5,5
4/21/18 23:00,5,4,1
4/22/18 0:00,2,2,0
4/22/18 1:00,6,2,4
4/22/18 2:00,1,1,0
4/22/18 3:00,0,0,0
4/22/18 4:00,2,1,1
4/22/18 5:00,8,2,6
4/22/18 6:00,11,5,6
4/22/18 7:00,28,20,8
4/22/18 8:00,39,16,23
4/22/18 9:00,32,14,18
4/22/18 10:00,52,17,35
4/22/18 11:00,35,24,11
4/22/18 12:00,60,29,31
4/22/18 13:00,68,29,39
4/22/18 14:00,76,45,31
4/22/18 15:00,89,51,38
4/22/18 16:00,70,33,37
4/22/18 17:00,46,19,27
4/22/18 18:00,21,8,13
4/22/18 19:00,15,8,7
4/22/18 20:00,12,7,5
4/22/18 21:00,8,6,2
4/22/18 22:00,5,3,2
4/22/18 23:00,4,2,2
4/23/18 0:00,2,2,0
4/23/18 1:00,2,0,2
4/23/18 2:00,4,4,0
4/23/18 3:00,0,0,0
4/23/18 4:00,7,1,6
4/23/18 5:00,29,2,27
4/23/18 6:00,87,13,74
4/23/18 7:00,180,20,160
4/23/18 8:00,153,15,138
4/23/18 9:00,72,8,64
4/23/18 10:00,31,14,17
4/23/18 11:00,16,5,11
4/23/18 12:00,31,19,12
4/23/18 13:00,33,20,13
4/23/18 14:00,29,18,11
4/23/18 15:00,55,41,14
4/23/18 16:00,136,110,26
4/23/18 17:00,197,170,27
4/23/18 18:00,123,107,16
4/23/18 19:00,37,29,8
4/23/18 20:00,27,18,9
4/23/18 21:00,11,6,5
4/23/18 22:00,2,0,2
4/23/18 23:00,3,2,1
4/24/18 0:00,0,0,0
4/24/18 1:00,3,2,1
4/24/18 2:00,2,0,2
4/24/18 3:00,2,1,1
4/24/18 4:00,8,3,5
4/24/18 5:00,37,4,33
4/24/18 6:00,105,16,89
4/24/18 7:00,188,19,169
4/24/18 8:00,162,21,141
4/24/18 9:00,56,13,43
4/24/18 10:00,25,6,19
4/24/18 11:00,34,18,16
4/24/18 12:00,17,12,5
4/24/18 13:00,40,28,12
4/24/18 14:00,44,27,17
4/24/18 15:00,83,54,29
4/24/18 16:00,155,118,37
4/24/18 17:00,214,185,29
4/24/18 18:00,145,122,23
4/24/18 19:00,69,56,13
4/24/18 20:00,34,18,16
4/24/18 21:00,21,14,7
4/24/18 22:00,12,8,4
4/24/18 23:00,3,3,0
4/25/18 0:00,0,0,0
4/25/18 1:00,3,2,1
4/25/18 2:00,1,1,0
4/25/18 3:00,0,0,0
4/25/18 4:00,4,1,3
4/25/18 5:00,45,9,36
4/25/18 6:00,97,14,83
4/25/18 7:00,201,24,177
4/25/18 8:00,163,20,143
4/25/18 9:00,60,10,50
4/25/18 10:00,33,10,23
4/25/18 11:00,33,10,23
4/25/18 12:00,31,16,15
4/25/18 13:00,31,11,20
4/25/18 14:00,50,28,22
4/25/18 15:00,71,53,18
4/25/18 16:00,166,134,32
4/25/18 17:00,214,185,29
4/25/18 18:00,137,112,25
4/25/18 19:00,76,63,13
4/25/18 20:00,23,17,6
4/25/18 21:00,22,15,7
4/25/18 22:00,13,8,5
4/25/18 23:00,6,3,3
4/26/18 0:00,6,3,3
4/26/18 1:00,8,4,4
4/26/18 2:00,1,1,0
4/26/18 3:00,2,2,0
4/26/18 4:00,8,2,6
4/26/18 5:00,38,3,35
4/26/18 6:00,109,18,91
4/26/18 7:00,175,22,153
4/26/18 8:00,164,11,153
4/26/18 9:00,81,17,64
4/26/18 10:00,27,6,21
4/26/18 11:00,30,10,20
4/26/18 12:00,35,20,15
4/26/18 13:00,33,17,16
4/26/18 14:00,39,27,12
4/26/18 15:00,89,70,19
4/26/18 16:00,155,123,32
4/26/18 17:00,228,192,36
4/26/18 18:00,157,122,35
4/26/18 19:00,67,40,27
4/26/18 20:00,34,24,10
4/26/18 21:00,16,8,8
4/26/18 22:00,6,4,2
4/26/18 23:00,9,5,4
4/27/18 0:00,8,6,2
4/27/18 1:00,4,2,2
4/27/18 2:00,3,3,0
4/27/18 3:00,1,1,0
4/27/18 4:00,7,1,6
4/27/18 5:00,26,6,20
4/27/18 6:00,60,9,51
4/27/18 7:00,125,13,112
4/27/18 8:00,112,11,101
4/27/18 9:00,44,4,40
4/27/18 10:00,21,8,13
4/27/18 11:00,20,8,12
4/27/18 12:00,22,10,12
4/27/18 13:00,16,12,4
4/27/18 14:00,28,16,12
4/27/18 15:00,61,47,14
4/27/18 16:00,99,80,19
4/27/18 17:00,123,104,19
4/27/18 18:00,80,74,6
4/27/18 19:00,39,30,9
4/27/18 20:00,11,7,4
4/27/18 21:00,5,4,1
4/27/18 22:00,5,1,4
4/27/18 23:00,3,1,2
4/28/18 0:00,3,3,0
4/28/18 1:00,6,5,1
4/28/18 2:00,0,0,0
4/28/18 3:00,2,2,0
4/28/18 4:00,0,0,0
4/28/18 5:00,0,0,0
4/28/18 6:00,2,0,2
4/28/18 7:00,1,0,1
4/28/18 8:00,5,2,3
4/28/18 9:00,12,10,2
4/28/18 10:00,9,2,7
4/28/18 11:00,4,2,2
4/28/18 12:00,10,3,7
4/28/18 13:00,16,5,11
4/28/18 14:00,19,3,16
4/28/18 15:00,22,15,7
4/28/18 16:00,15,7,8
4/28/18 17:00,10,5,5
4/28/18 18:00,5,3,2
4/28/18 19:00,8,5,3
4/28/18 20:00,1,1,0
4/28/18 21:00,2,1,1
4/28/18 22:00,4,2,2
4/28/18 23:00,1,0,1
4/29/18 0:00,1,1,0
4/29/18 1:00,2,2,0
4/29/18 2:00,2,2,0
4/29/18 3:00,1,1,0
4/29/18 4:00,1,0,1
4/29/18 5:00,2,1,1
4/29/18 6:00,5,1,4
4/29/18 7:00,9,2,7
4/29/18 8:00,20,10,10
4/29/18 9:00,33,14,19
4/29/18 10:00,48,26,22
4/29/18 11:00,17,7,10
4/29/18 12:00,20,9,11
4/29/18 13:00,44,19,25
4/29/18 14:00,41,23,18
4/29/18 15:00,26,10,16
4/29/18 16:00,46,29,17
4/29/18 17:00,23,12,11
4/29/18 18:00,12,7,5
4/29/18 19:00,12,8,4
4/29/18 20:00,10,8,2
4/29/18 21:00,6,2,4
4/29/18 22:00,3,1,2
4/29/18 23:00,2,2,0
4/30/18 0:00,1,1,0
4/30/18 1:00,1,1,0
4/30/18 2:00,0,0,0
4/30/18 3:00,0,0,0
4/30/18 4:00,4,0,4
4/30/18 5:00,18,1,17
4/30/18 6:00,90,13,77
4/30/18 7:00,122,15,107
4/30/18 8:00,134,9,125
4/30/18 9:00,49,5,44
4/30/18 10:00,22,5,17
4/30/18 11:00,14,8,6
4/30/18 12:00,14,7,7
4/30/18 13:00,17,8,9
4/30/18 14:00,21,8,13
4/30/18 15:00,47,42,5
4/30/18 16:00,101,79,22
4/30/18 17:00,146,131,15
4/30/18 18:00,98,84,14
4/30/18 19:00,35,30,5
4/30/18 20:00,23,15,8
4/30/18 21:00,10,2,8
4/30/18 22:00,6,6,0
4/30/18 23:00,2,1,1
5/1/18 0:00,2,1,1
5/1/18 1:00,1,0,1
5/1/18 2:00,1,1,0
5/1/18 3:00,2,2,0
5/1/18 4:00,6,2,4
5/1/18 5:00,37,3,34
5/1/18 6:00,103,16,87
5/1/18 7:00,181,18,163
5/1/18 8:00,185,12,173
5/1/18 9:00,54,4,50
5/1/18 10:00,17,3,14
5/1/18 11:00,25,10,15
5/1/18 12:00,26,11,15
5/1/18 13:00,32,17,15
5/1/18 14:00,32,27,5
5/1/18 15:00,81,59,22
5/1/18 16:00,138,114,24
5/1/18 17:00,247,214,33
5/1/18 18:00,120,103,17
5/1/18 19:00,55,50,5
5/1/18 20:00,34,25,9
5/1/18 21:00,17,13,4
5/1/18 22:00,13,6,7
5/1/18 23:00,5,4,1
5/2/18 0:00,3,3,0
5/2/18 1:00,0,0,0
5/2/18 2:00,4,1,3
5/2/18 3:00,1,1,0
5/2/18 4:00,9,2,7
5/2/18 5:00,36,3,33
5/2/18 6:00,121,18,103
5/2/18 7:00,201,25,176
5/2/18 8:00,192,24,168
5/2/18 9:00,67,12,55
5/2/18 10:00,34,5,29
5/2/18 11:00,24,6,18
5/2/18 12:00,26,7,19
5/2/18 13:00,32,16,16
5/2/18 14:00,31,19,12
5/2/18 15:00,88,64,24
5/2/18 16:00,164,126,38
5/2/18 17:00,230,198,32
5/2/18 18:00,142,121,21
5/2/18 19:00,59,49,10
5/2/18 20:00,32,26,6
5/2/18 21:00,25,20,5
5/2/18 22:00,10,8,2
5/2/18 23:00,6,6,0
5/3/18 0:00,2,0,2
5/3/18 1:00,1,1,0
5/3/18 2:00,0,0,0
5/3/18 3:00,2,2,0
5/3/18 4:00,6,1,5
5/3/18 5:00,40,3,37
5/3/18 6:00,103,17,86
5/3/18 7:00,188,14,174
5/3/18 8:00,196,12,184
5/3/18 9:00,67,11,56
5/3/18 10:00,41,7,34
5/3/18 11:00,32,13,19
5/3/18 12:00,20,10,10
5/3/18 13:00,43,25,18
5/3/18 14:00,47,27,20
5/3/18 15:00,82,66,16
5/3/18 16:00,147,113,34
5/3/18 17:00,246,206,40
5/3/18 18:00,170,141,29
5/3/18 19:00,57,38,19
5/3/18 20:00,20,18,2
5/3/18 21:00,16,10,6
5/3/18 22:00,9,6,3
5/3/18 23:00,9,8,1
5/4/18 0:00,2,2,0
5/4/18 1:00,0,0,0
5/4/18 2:00,0,0,0
5/4/18 3:00,0,0,0
5/4/18 4:00,4,1,3
5/4/18 5:00,18,2,16
5/4/18 6:00,98,13,85
5/4/18 7:00,127,11,116
5/4/18 8:00,132,12,120
5/4/18 9:00,40,8,32
5/4/18 10:00,26,10,16
5/4/18 11:00,21,5,16
5/4/18 12:00,28,14,14
5/4/18 13:00,33,21,12
5/4/18 14:00,33,14,19
5/4/18 15:00,75,60,15
5/4/18 16:00,124,88,36
5/4/18 17:00,198,166,32
5/4/18 18:00,106,85,21
5/4/18 19:00,56,40,16
5/4/18 20:00,16,9,7
5/4/18 21:00,13,9,4
5/4/18 22:00,8,6,2
5/4/18 23:00,5,1,4
5/5/18 0:00,15,13,2
5/5/18 1:00,5,4,1
5/5/18 2:00,7,4,3
5/5/18 3:00,2,2,0
5/5/18 4:00,4,3,1
5/5/18 5:00,2,1,1
5/5/18 6:00,14,2,12
5/5/18 7:00,24,7,17
5/5/18 8:00,36,12,24
5/5/18 9:00,51,27,24
5/5/18 10:00,49,20,29
5/5/18 11:00,73,33,40
5/5/18 12:00,84,31,53
5/5/18 13:00,62,36,26
5/5/18 14:00,71,43,28
5/5/18 15:00,68,39,29
5/5/18 16:00,67,40,27
5/5/18 17:00,40,23,17
5/5/18 18:00,36,25,11
5/5/18 19:00,11,9,2
5/5/18 20:00,15,8,7
5/5/18 21:00,4,3,1
5/5/18 22:00,7,6,1
5/5/18 23:00,4,1,3
5/6/18 0:00,7,6,1
5/6/18 1:00,0,0,0
5/6/18 2:00,5,5,0
5/6/18 3:00,3,1,2
5/6/18 4:00,2,1,1
5/6/18 5:00,4,0,4
5/6/18 6:00,8,3,5
5/6/18 7:00,9,3,6
5/6/18 8:00,30,7,23
5/6/18 9:00,52,26,26
5/6/18 10:00,80,35,45
5/6/18 11:00,84,41,43
5/6/18 12:00,95,48,47
5/6/18 13:00,85,48,37
5/6/18 14:00,107,48,59
5/6/18 15:00,76,46,30
5/6/18 16:00,78,43,35
5/6/18 17:00,51,27,24
5/6/18 18:00,35,21,14
5/6/18 19:00,25,12,13
5/6/18 20:00,22,18,4
5/6/18 21:00,8,4,4
5/6/18 22:00,4,1,3
5/6/18 23:00,3,1,2
5/7/18 0:00,5,3,2
5/7/18 1:00,1,0,1
5/7/18 2:00,4,3,1
5/7/18 3:00,0,0,0
5/7/18 4:00,11,2,9
5/7/18 5:00,25,4,21
5/7/18 6:00,95,14,81
5/7/18 7:00,189,24,165
5/7/18 8:00,191,15,176
5/7/18 9:00,58,4,54
5/7/18 10:00,25,6,19
5/7/18 11:00,18,3,15
5/7/18 12:00,25,18,7
5/7/18 13:00,25,10,15
5/7/18 14:00,26,16,10
5/7/18 15:00,61,47,14
5/7/18 16:00,165,134,31
5/7/18 17:00,254,221,33
5/7/18 18:00,129,107,22
5/7/18 19:00,68,57,11
5/7/18 20:00,30,14,16
5/7/18 21:00,22,14,8
5/7/18 22:00,8,4,4
5/7/18 23:00,1,1,0
5/8/18 0:00,3,2,1
5/8/18 1:00,1,0,1
5/8/18 2:00,2,1,1
5/8/18 3:00,1,1,0
5/8/18 4:00,6,2,4
5/8/18 5:00,33,4,29
5/8/18 6:00,133,18,115
5/8/18 7:00,205,23,182
5/8/18 8:00,189,18,171
5/8/18 9:00,63,8,55
5/8/18 10:00,36,13,23
5/8/18 11:00,29,13,16
5/8/18 12:00,26,15,11
5/8/18 13:00,44,28,16
5/8/18 14:00,40,23,17
5/8/18 15:00,75,56,19
5/8/18 16:00,147,118,29
5/8/18 17:00,237,202,35
5/8/18 18:00,115,104,11
5/8/18 19:00,38,35,3
5/8/18 20:00,17,15,2
5/8/18 21:00,17,15,2
5/8/18 22:00,10,7,3
5/8/18 23:00,2,1,1
5/9/18 0:00,0,0,0
5/9/18 1:00,3,2,1
5/9/18 2:00,0,0,0
5/9/18 3:00,0,0,0
5/9/18 4:00,6,1,5
5/9/18 5:00,22,3,19
5/9/18 6:00,101,19,82
5/9/18 7:00,143,18,125
5/9/18 8:00,165,19,146
5/9/18 9:00,58,11,47
5/9/18 10:00,27,5,22
5/9/18 11:00,20,5,15
5/9/18 12:00,24,10,14
5/9/18 13:00,17,9,8
5/9/18 14:00,38,21,17
5/9/18 15:00,62,47,15
5/9/18 16:00,146,112,34
5/9/18 17:00,176,154,22
5/9/18 18:00,120,102,18
5/9/18 19:00,64,54,10
5/9/18 20:00,32,23,9
5/9/18 21:00,14,11,3
5/9/18 22:00,11,5,6
5/9/18 23:00,7,5,2
5/10/18 0:00,3,1,2
5/10/18 1:00,1,0,1
5/10/18 2:00,2,1,1
5/10/18 3:00,5,2,3
5/10/18 4:00,6,2,4
5/10/18 5:00,32,6,26
5/10/18 6:00,77,11,66
5/10/18 7:00,132,10,122
5/10/18 8:00,131,11,120
5/10/18 9:00,41,5,36
5/10/18 10:00,25,8,17
5/10/18 11:00,18,8,10
5/10/18 12:00,15,6,9
5/10/18 13:00,19,14,5
5/10/18 14:00,19,14,5
5/10/18 15:00,44,30,14
5/10/18 16:00,93,79,14
5/10/18 17:00,152,137,15
5/10/18 18:00,94,78,16
5/10/18 19:00,45,38,7
5/10/18 20:00,30,18,12
5/10/18 21:00,14,11,3
5/10/18 22:00,5,5,0
5/10/18 23:00,9,6,3
5/11/18 0:00,3,2,1
5/11/18 1:00,3,3,0
5/11/18 2:00,2,0,2
5/11/18 3:00,2,1,1
5/11/18 4:00,5,2,3
5/11/18 5:00,27,5,22
5/11/18 6:00,89,11,78
5/11/18 7:00,135,10,125
5/11/18 8:00,142,18,124
5/11/18 9:00,70,11,59
5/11/18 10:00,25,11,14
5/11/18 11:00,29,9,20
5/11/18 12:00,32,19,13
5/11/18 13:00,29,24,5
5/11/18 14:00,36,20,16
5/11/18 15:00,91,62,29
5/11/18 16:00,134,102,32
5/11/18 17:00,172,146,26
5/11/18 18:00,120,99,21
5/11/18 19:00,50,34,16
5/11/18 20:00,33,19,14
5/11/18 21:00,11,6,5
5/11/18 22:00,8,5,3
5/11/18 23:00,6,4,2
5/12/18 0:00,4,4,0
5/12/18 1:00,2,1,1
5/12/18 2:00,1,1,0
5/12/18 3:00,3,2,1
5/12/18 4:00,3,2,1
5/12/18 5:00,4,1,3
5/12/18 6:00,18,6,12
5/12/18 7:00,24,14,10
5/12/18 8:00,42,17,25
5/12/18 9:00,60,32,28
5/12/18 10:00,79,46,33
5/12/18 11:00,74,43,31
5/12/18 12:00,109,41,68
5/12/18 13:00,100,38,62
5/12/18 14:00,89,55,34
5/12/18 15:00,90,43,47
5/12/18 16:00,84,39,45
5/12/18 17:00,59,28,31
5/12/18 18:00,32,18,14
5/12/18 19:00,30,11,19
5/12/18 20:00,20,12,8
5/12/18 21:00,7,4,3
5/12/18 22:00,4,2,2
5/12/18 23:00,11,3,8
5/13/18 0:00,5,5,0
5/13/18 1:00,3,1,2
5/13/18 2:00,3,2,1
5/13/18 3:00,3,3,0
5/13/18 4:00,2,1,1
5/13/18 5:00,7,4,3
5/13/18 6:00,11,3,8
5/13/18 7:00,19,4,15
5/13/18 8:00,31,16,15
5/13/18 9:00,56,22,34
5/13/18 10:00,61,35,26
5/13/18 11:00,87,43,44
5/13/18 12:00,85,41,44
5/13/18 13:00,80,44,36
5/13/18 14:00,76,35,41
5/13/18 15:00,64,27,37
5/13/18 16:00,66,41,25
5/13/18 17:00,46,30,16
5/13/18 18:00,51,25,26
5/13/18 19:00,36,24,12
5/13/18 20:00,19,7,12
5/13/18 21:00,22,14,8
5/13/18 22:00,2,1,1
5/13/18 23:00,5,3,2
5/14/18 0:00,1,1,0
5/14/18 1:00,2,1,1
5/14/18 2:00,2,0,2
5/14/18 3:00,2,1,1
5/14/18 4:00,10,1,9
5/14/18 5:00,41,13,28
5/14/18 6:00,102,10,92
5/14/18 7:00,211,13,198
5/14/18 8:00,206,12,194
5/14/18 9:00,85,14,71
5/14/18 10:00,30,9,21
5/14/18 11:00,23,10,13
5/14/18 12:00,23,16,7
5/14/18 13:00,33,21,12
5/14/18 14:00,35,17,18
5/14/18 15:00,79,61,18
5/14/18 16:00,158,117,41
5/14/18 17:00,241,208,33
5/14/18 18:00,157,131,26
5/14/18 19:00,76,61,15
5/14/18 20:00,47,26,21
5/14/18 21:00,17,12,5
5/14/18 22:00,13,7,6
5/14/18 23:00,2,2,0
5/15/18 0:00,2,2,0
5/15/18 1:00,0,0,0
5/15/18 2:00,0,0,0
5/15/18 3:00,2,2,0
5/15/18 4:00,11,1,10
5/15/18 5:00,36,4,32
5/15/18 6:00,129,26,103
5/15/18 7:00,219,22,197
5/15/18 8:00,201,20,181
5/15/18 9:00,64,7,57
5/15/18 10:00,19,8,11
5/15/18 11:00,27,6,21
5/15/18 12:00,26,10,16
5/15/18 13:00,40,24,16
5/15/18 14:00,35,19,16
5/15/18 15:00,66,54,12
5/15/18 16:00,146,122,24
5/15/18 17:00,263,232,31
5/15/18 18:00,165,138,27
5/15/18 19:00,67,50,17
5/15/18 20:00,41,32,9
5/15/18 21:00,19,14,5
5/15/18 22:00,11,9,2
5/15/18 23:00,4,2,2
5/16/18 0:00,1,1,0
5/16/18 1:00,0,0,0
5/16/18 2:00,2,2,0
5/16/18 3:00,0,0,0
5/16/18 4:00,2,0,2
5/16/18 5:00,35,6,29
5/16/18 6:00,97,9,88
5/16/18 7:00,199,16,183
5/16/18 8:00,193,15,178
5/16/18 9:00,58,7,51
5/16/18 10:00,29,10,19
5/16/18 11:00,25,11,14
5/16/18 12:00,32,12,20
5/16/18 13:00,31,9,22
5/16/18 14:00,31,17,14
5/16/18 15:00,69,53,16
5/16/18 16:00,149,130,19
5/16/18 17:00,235,200,35
5/16/18 18:00,145,122,23
5/16/18 19:00,73,51,22
5/16/18 20:00,43,29,14
5/16/18 21:00,17,12,5
5/16/18 22:00,7,6,1
5/16/18 23:00,6,3,3
5/17/18 0:00,2,1,1
5/17/18 1:00,1,0,1
5/17/18 2:00,1,1,0
5/17/18 3:00,1,1,0
5/17/18 4:00,9,4,5
5/17/18 5:00,39,5,34
5/17/18 6:00,85,12,73
5/17/18 7:00,186,13,173
5/17/18 8:00,183,16,167
5/17/18 9:00,57,8,49
5/17/18 10:00,32,7,25
5/17/18 11:00,16,10,6
5/17/18 12:00,26,9,17
5/17/18 13:00,26,15,11
5/17/18 14:00,46,26,20
5/17/18 15:00,69,55,14
5/17/18 16:00,134,102,32
5/17/18 17:00,209,190,19
5/17/18 18:00,146,123,23
5/17/18 19:00,70,49,21
5/17/18 20:00,36,23,13
5/17/18 21:00,21,17,4
5/17/18 22:00,16,11,5
5/17/18 23:00,5,4,1
5/18/18 0:00,5,5,0
5/18/18 1:00,1,0,1
5/18/18 2:00,0,0,0
5/18/18 3:00,0,0,0
5/18/18 4:00,7,2,5
5/18/18 5:00,35,5,30
5/18/18 6:00,109,14,95
5/18/18 7:00,209,24,185
5/18/18 8:00,192,18,174
5/18/18 9:00,69,17,52
5/18/18 10:00,35,11,24
5/18/18 11:00,25,14,11
5/18/18 12:00,39,29,10
5/18/18 13:00,56,24,32
5/18/18 14:00,30,21,9
5/18/18 15:00,67,52,15
5/18/18 16:00,145,123,22
5/18/18 17:00,176,160,16
5/18/18 18:00,121,97,24
5/18/18 19:00,48,35,13
5/18/18 20:00,16,13,3
5/18/18 21:00,14,9,5
5/18/18 22:00,11,7,4
5/18/18 23:00,3,2,1
5/19/18 0:00,9,5,4
5/19/18 1:00,5,4,1
5/19/18 2:00,4,3,1
5/19/18 3:00,2,1,1
5/19/18 4:00,1,0,1
5/19/18 5:00,7,2,5
5/19/18 6:00,13,4,9
5/19/18 7:00,15,5,10
5/19/18 8:00,44,27,17
5/19/18 9:00,35,14,21
5/19/18 10:00,59,30,29
5/19/18 11:00,70,14,56
5/19/18 12:00,72,25,47
5/19/18 13:00,70,41,29
5/19/18 14:00,70,44,26
5/19/18 15:00,67,34,33
5/19/18 16:00,60,35,25
5/19/18 17:00,32,19,13
5/19/18 18:00,31,16,15
5/19/18 19:00,15,13,2
5/19/18 20:00,2,2,0
5/19/18 21:00,16,9,7
5/19/18 22:00,7,6,1
5/19/18 23:00,7,2,5
5/20/18 0:00,2,1,1
5/20/18 1:00,2,1,1
5/20/18 2:00,4,4,0
5/20/18 3:00,3,0,3
5/20/18 4:00,1,1,0
5/20/18 5:00,0,0,0
5/20/18 6:00,15,6,9
5/20/18 7:00,14,6,8
5/20/18 8:00,25,13,12
5/20/18 9:00,40,16,24
5/20/18 10:00,31,14,17
5/20/18 11:00,68,33,35
5/20/18 12:00,78,46,32
5/20/18 13:00,61,32,29
5/20/18 14:00,61,31,30
5/20/18 15:00,61,31,30
5/20/18 16:00,64,34,30
5/20/18 17:00,49,25,24
5/20/18 18:00,36,16,20
5/20/18 19:00,26,14,12
5/20/18 20:00,13,3,10
5/20/18 21:00,3,2,1
5/20/18 22:00,0,0,0
5/20/18 23:00,3,1,2
5/21/18 0:00,2,0,2
5/21/18 1:00,4,1,3
5/21/18 2:00,2,1,1
5/21/18 3:00,1,1,0
5/21/18 4:00,11,1,10
5/21/18 5:00,35,7,28
5/21/18 6:00,99,19,80
5/21/18 7:00,167,18,149
5/21/18 8:00,179,9,170
5/21/18 9:00,57,6,51
5/21/18 10:00,26,6,20
5/21/18 11:00,25,7,18
5/21/18 12:00,26,13,13
5/21/18 13:00,39,21,18
5/21/18 14:00,28,15,13
5/21/18 15:00,61,44,17
5/21/18 16:00,154,120,34
5/21/18 17:00,215,197,18
5/21/18 18:00,126,112,14
5/21/18 19:00,53,42,11
5/21/18 20:00,33,22,11
5/21/18 21:00,16,10,6
5/21/18 22:00,7,4,3
5/21/18 23:00,7,5,2
5/22/18 0:00,5,4,1
5/22/18 1:00,2,1,1
5/22/18 2:00,0,0,0
5/22/18 3:00,3,2,1
5/22/18 4:00,10,2,8
5/22/18 5:00,41,5,36
5/22/18 6:00,115,18,97
5/22/18 7:00,161,15,146
5/22/18 8:00,234,19,215
5/22/18 9:00,61,9,52
5/22/18 10:00,34,10,24
5/22/18 11:00,32,18,14
5/22/18 12:00,35,13,22
5/22/18 13:00,28,12,16
5/22/18 14:00,46,28,18
5/22/18 15:00,63,49,14
5/22/18 16:00,166,135,31
5/22/18 17:00,232,203,29
5/22/18 18:00,164,138,26
5/22/18 19:00,64,54,10
5/22/18 20:00,41,29,12
5/22/18 21:00,14,9,5
5/22/18 22:00,21,15,6
5/22/18 23:00,10,8,2
5/23/18 0:00,6,3,3
5/23/18 1:00,2,1,1
5/23/18 2:00,2,2,0
5/23/18 3:00,2,1,1
5/23/18 4:00,5,2,3
5/23/18 5:00,40,8,32
5/23/18 6:00,103,20,83
5/23/18 7:00,182,22,160
5/23/18 8:00,205,18,187
5/23/18 9:00,62,15,47
5/23/18 10:00,33,8,25
5/23/18 11:00,27,12,15
5/23/18 12:00,30,13,17
5/23/18 13:00,37,15,22
5/23/18 14:00,48,34,14
5/23/18 15:00,71,51,20
5/23/18 16:00,172,127,45
5/23/18 17:00,250,221,29
5/23/18 18:00,140,116,24
5/23/18 19:00,58,43,15
5/23/18 20:00,54,30,24
5/23/18 21:00,19,11,8
5/23/18 22:00,12,7,5
5/23/18 23:00,8,6,2
5/24/18 0:00,5,3,2
5/24/18 1:00,4,2,2
5/24/18 2:00,3,3,0
5/24/18 3:00,1,1,0
5/24/18 4:00,10,4,6
5/24/18 5:00,34,4,30
5/24/18 6:00,89,12,77
5/24/18 7:00,165,14,151
5/24/18 8:00,140,8,132
5/24/18 9:00,54,11,43
5/24/18 10:00,48,19,29
5/24/18 11:00,30,13,17
5/24/18 12:00,15,6,9
5/24/18 13:00,26,13,13
5/24/18 14:00,44,29,15
5/24/18 15:00,54,41,13
5/24/18 16:00,122,101,21
5/24/18 17:00,201,181,20
5/24/18 18:00,124,98,26
5/24/18 19:00,72,58,14
5/24/18 20:00,59,49,10
5/24/18 21:00,33,20,13
5/24/18 22:00,27,5,22
5/24/18 23:00,9,4,5
5/25/18 0:00,2,2,0
5/25/18 1:00,2,2,0
5/25/18 2:00,3,3,0
5/25/18 3:00,5,3,2
5/25/18 4:00,8,1,7
5/25/18 5:00,30,2,28
5/25/18 6:00,76,13,63
5/25/18 7:00,151,12,139
5/25/18 8:00,139,16,123
5/25/18 9:00,59,8,51
5/25/18 10:00,34,11,23
5/25/18 11:00,24,7,17
5/25/18 12:00,43,28,15
5/25/18 13:00,47,28,19
5/25/18 14:00,57,42,15
5/25/18 15:00,84,66,18
5/25/18 16:00,129,104,25
5/25/18 17:00,125,104,21
5/25/18 18:00,88,69,19
5/25/18 19:00,41,35,6
5/25/18 20:00,22,11,11
5/25/18 21:00,17,13,4
5/25/18 22:00,13,8,5
5/25/18 23:00,7,5,2
5/26/18 0:00,7,7,0
5/26/18 1:00,4,4,0
5/26/18 2:00,3,2,1
5/26/18 3:00,1,0,1
5/26/18 4:00,4,4,0
5/26/18 5:00,5,1,4
5/26/18 6:00,14,6,8
5/26/18 7:00,22,4,18
5/26/18 8:00,46,17,29
5/26/18 9:00,41,20,21
5/26/18 10:00,63,32,31
5/26/18 11:00,62,33,29
5/26/18 12:00,71,32,39
5/26/18 13:00,82,31,51
5/26/18 14:00,51,25,26
5/26/18 15:00,53,26,27
5/26/18 16:00,77,47,30
5/26/18 17:00,38,21,17
5/26/18 18:00,31,21,10
5/26/18 19:00,17,8,9
5/26/18 20:00,23,15,8
5/26/18 21:00,16,12,4
5/26/18 22:00,7,3,4
5/26/18 23:00,4,2,2
5/27/18 0:00,6,4,2
5/27/18 1:00,9,8,1
5/27/18 2:00,2,2,0
5/27/18 3:00,0,0,0
5/27/18 4:00,2,2,0
5/27/18 5:00,7,4,3
5/27/18 6:00,7,2,5
5/27/18 7:00,17,9,8
5/27/18 8:00,29,8,21
5/27/18 9:00,47,17,30
5/27/18 10:00,60,30,30
5/27/18 11:00,68,38,30
5/27/18 12:00,80,37,43
5/27/18 13:00,63,24,39
5/27/18 14:00,91,38,53
5/27/18 15:00,63,43,20
5/27/18 16:00,84,43,41
5/27/18 17:00,39,15,24
5/27/18 18:00,46,31,15
5/27/18 19:00,37,24,13
5/27/18 20:00,23,20,3
5/27/18 21:00,15,11,4
5/27/18 22:00,4,1,3
5/27/18 23:00,1,0,1
5/28/18 0:00,5,0,5
5/28/18 1:00,3,2,1
5/28/18 2:00,1,1,0
5/28/18 3:00,2,1,1
5/28/18 4:00,0,0,0
5/28/18 5:00,9,2,7
5/28/18 6:00,11,2,9
5/28/18 7:00,13,5,8
5/28/18 8:00,35,23,12
5/28/18 9:00,56,27,29
5/28/18 10:00,59,27,32
5/28/18 11:00,62,36,26
5/28/18 12:00,71,31,40
5/28/18 13:00,77,40,37
5/28/18 14:00,77,40,37
5/28/18 15:00,74,29,45
5/28/18 16:00,68,39,29
5/28/18 17:00,47,29,18
5/28/18 18:00,28,16,12
5/28/18 19:00,33,23,10
5/28/18 20:00,14,9,5
5/28/18 21:00,7,5,2
5/28/18 22:00,3,3,0
5/28/18 23:00,4,3,1
5/29/18 0:00,4,3,1
5/29/18 1:00,4,1,3
5/29/18 2:00,0,0,0
5/29/18 3:00,1,1,0
5/29/18 4:00,6,1,5
5/29/18 5:00,38,2,36
5/29/18 6:00,84,12,72
5/29/18 7:00,181,14,167
5/29/18 8:00,178,10,168
5/29/18 9:00,56,10,46
5/29/18 10:00,20,5,15
5/29/18 11:00,26,11,15
5/29/18 12:00,29,13,16
5/29/18 13:00,32,20,12
5/29/18 14:00,31,16,15
5/29/18 15:00,54,42,12
5/29/18 16:00,136,116,20
5/29/18 17:00,216,182,34
5/29/18 18:00,133,119,14
5/29/18 19:00,39,36,3
5/29/18 20:00,24,18,6
5/29/18 21:00,16,11,5
5/29/18 22:00,8,5,3
5/29/18 23:00,6,5,1
5/30/18 0:00,4,3,1
5/30/18 1:00,4,4,0
5/30/18 2:00,1,0,1
5/30/18 3:00,1,1,0
5/30/18 4:00,7,2,5
5/30/18 5:00,33,4,29
5/30/18 6:00,126,14,112
5/30/18 7:00,193,15,178
5/30/18 8:00,182,17,165
5/30/18 9:00,59,9,50
5/30/18 10:00,29,8,21
5/30/18 11:00,25,9,16
5/30/18 12:00,38,19,19
5/30/18 13:00,24,9,15
5/30/18 14:00,42,21,21
5/30/18 15:00,62,51,11
5/30/18 16:00,157,129,28
5/30/18 17:00,247,226,21
5/30/18 18:00,130,114,16
5/30/18 19:00,74,64,10
5/30/18 20:00,31,20,11
5/30/18 21:00,20,9,11
5/30/18 22:00,26,15,11
5/30/18 23:00,11,5,6
5/31/18 0:00,1,1,0
5/31/18 1:00,4,2,2
5/31/18 2:00,4,2,2
5/31/18 3:00,5,3,2
5/31/18 4:00,6,2,4
5/31/18 5:00,38,4,34
5/31/18 6:00,96,12,84
5/31/18 7:00,171,18,153
5/31/18 8:00,170,9,161
5/31/18 9:00,52,6,46
5/31/18 10:00,32,6,26
5/31/18 11:00,35,23,12
5/31/18 12:00,33,9,24
5/31/18 13:00,29,10,19
5/31/18 14:00,34,24,10
5/31/18 15:00,58,38,20
5/31/18 16:00,130,103,27
5/31/18 17:00,211,191,20
5/31/18 18:00,104,83,21
5/31/18 19:00,40,32,8
5/31/18 20:00,12,9,3
5/31/18 21:00,17,13,4
5/31/18 22:00,12,9,3
5/31/18 23:00,5,1,4
6/1/18 0:00,4,4,0
6/1/18 1:00,7,5,2
6/1/18 2:00,3,2,1
6/1/18 3:00,0,0,0
6/1/18 4:00,5,1,4
6/1/18 5:00,26,4,22
6/1/18 6:00,80,4,76
6/1/18 7:00,112,10,102
6/1/18 8:00,152,14,138
6/1/18 9:00,45,9,36
6/1/18 10:00,31,10,21
6/1/18 11:00,25,4,21
6/1/18 12:00,22,11,11
6/1/18 13:00,35,20,15
6/1/18 14:00,34,25,9
6/1/18 15:00,58,42,16
6/1/18 16:00,124,92,32
6/1/18 17:00,179,149,30
6/1/18 18:00,87,79,8
6/1/18 19:00,48,34,14
6/1/18 20:00,23,17,6
6/1/18 21:00,21,15,6
6/1/18 22:00,5,2,3
6/1/18 23:00,40,12,28
6/2/18 0:00,9,9,0
6/2/18 1:00,4,2,2
6/2/18 2:00,6,6,0
6/2/18 3:00,1,1,0
6/2/18 4:00,2,1,1
6/2/18 5:00,16,10,6
6/2/18 6:00,87,6,81
6/2/18 7:00,23,4,19
6/2/18 8:00,56,15,41
6/2/18 9:00,68,42,26
6/2/18 10:00,100,58,42
6/2/18 11:00,109,48,61
6/2/18 12:00,84,50,34
6/2/18 13:00,115,67,48
6/2/18 14:00,96,51,45
6/2/18 15:00,111,47,64
6/2/18 16:00,72,31,41
6/2/18 17:00,58,32,26
6/2/18 18:00,56,32,24
6/2/18 19:00,32,13,19
6/2/18 20:00,27,16,11
6/2/18 21:00,19,9,10
6/2/18 22:00,18,11,7
6/2/18 23:00,5,2,3
6/3/18 0:00,5,5,0
6/3/18 1:00,9,3,6
6/3/18 2:00,1,1,0
6/3/18 3:00,0,0,0
6/3/18 4:00,0,0,0
6/3/18 5:00,5,1,4
6/3/18 6:00,5,2,3
6/3/18 7:00,16,4,12
6/3/18 8:00,35,16,19
6/3/18 9:00,31,13,18
6/3/18 10:00,43,23,20
6/3/18 11:00,58,35,23
6/3/18 12:00,50,22,28
6/3/18 13:00,32,15,17
6/3/18 14:00,26,12,14
6/3/18 15:00,22,9,13
6/3/18 16:00,23,17,6
6/3/18 17:00,13,10,3
6/3/18 18:00,14,9,5
6/3/18 19:00,11,5,6
6/3/18 20:00,10,3,7
6/3/18 21:00,5,3,2
6/3/18 22:00,2,2,0
6/3/18 23:00,1,1,0
6/4/18 0:00,1,1,0
6/4/18 1:00,5,1,4
6/4/18 2:00,2,1,1
6/4/18 3:00,1,0,1
6/4/18 4:00,6,0,6
6/4/18 5:00,30,3,27
6/4/18 6:00,98,16,82
6/4/18 7:00,131,7,124
6/4/18 8:00,118,13,105
6/4/18 9:00,46,5,41
6/4/18 10:00,18,3,15
6/4/18 11:00,9,3,6
6/4/18 12:00,18,9,9
6/4/18 13:00,17,7,10
6/4/18 14:00,21,13,8
6/4/18 15:00,61,50,11
6/4/18 16:00,110,95,15
6/4/18 17:00,180,152,28
6/4/18 18:00,91,76,15
6/4/18 19:00,41,30,11
6/4/18 20:00,33,25,8
6/4/18 21:00,17,13,4
6/4/18 22:00,9,6,3
6/4/18 23:00,3,2,1
6/5/18 0:00,2,2,0
6/5/18 1:00,1,1,0
6/5/18 2:00,1,1,0
6/5/18 3:00,1,1,0
6/5/18 4:00,7,3,4
6/5/18 5:00,38,8,30
6/5/18 6:00,118,12,106
6/5/18 7:00,194,11,183
6/5/18 8:00,191,13,178
6/5/18 9:00,77,8,69
6/5/18 10:00,27,6,21
6/5/18 11:00,24,9,15
6/5/18 12:00,20,9,11
6/5/18 13:00,28,12,16
6/5/18 14:00,37,21,16
6/5/18 15:00,55,45,10
6/5/18 16:00,159,129,30
6/5/18 17:00,215,192,23
6/5/18 18:00,144,124,20
6/5/18 19:00,80,58,22
6/5/18 20:00,33,24,9
6/5/18 21:00,22,13,9
6/5/18 22:00,13,10,3
6/5/18 23:00,4,3,1
6/6/18 0:00,4,2,2
6/6/18 1:00,1,1,0
6/6/18 2:00,0,0,0
6/6/18 3:00,1,0,1
6/6/18 4:00,11,6,5
6/6/18 5:00,37,5,32
6/6/18 6:00,102,8,94
6/6/18 7:00,198,23,175
6/6/18 8:00,167,16,151
6/6/18 9:00,62,5,57
6/6/18 10:00,40,12,28
6/6/18 11:00,31,6,25
6/6/18 12:00,34,21,13
6/6/18 13:00,37,17,20
6/6/18 14:00,36,23,13
6/6/18 15:00,73,53,20
6/6/18 16:00,152,124,28
6/6/18 17:00,252,212,40
6/6/18 18:00,144,122,22
6/6/18 19:00,47,39,8
6/6/18 20:00,43,29,14
6/6/18 21:00,22,15,7
6/6/18 22:00,11,8,3
6/6/18 23:00,12,8,4
6/7/18 0:00,4,4,0
6/7/18 1:00,2,1,1
6/7/18 2:00,2,1,1
6/7/18 3:00,2,2,0
6/7/18 4:00,10,3,7
6/7/18 5:00,43,6,37
6/7/18 6:00,107,14,93
6/7/18 7:00,152,15,137
6/7/18 8:00,182,13,169
6/7/18 9:00,61,14,47
6/7/18 10:00,35,6,29
6/7/18 11:00,26,8,18
6/7/18 12:00,37,14,23
6/7/18 13:00,25,13,12
6/7/18 14:00,33,23,10
6/7/18 15:00,56,44,12
6/7/18 16:00,140,108,32
6/7/18 17:00,196,172,24
6/7/18 18:00,132,107,25
6/7/18 19:00,56,44,12
6/7/18 20:00,33,27,6
6/7/18 21:00,29,23,6
6/7/18 22:00,10,9,1
6/7/18 23:00,7,3,4
6/8/18 0:00,2,2,0
6/8/18 1:00,6,2,4
6/8/18 2:00,7,5,2
6/8/18 3:00,1,1,0
6/8/18 4:00,4,2,2
6/8/18 5:00,29,4,25
6/8/18 6:00,68,7,61
6/8/18 7:00,105,14,91
6/8/18 8:00,102,6,96
6/8/18 9:00,38,6,32
6/8/18 10:00,22,9,13
6/8/18 11:00,16,4,12
6/8/18 12:00,18,9,9
6/8/18 13:00,22,14,8
6/8/18 14:00,19,10,9
6/8/18 15:00,42,35,7
6/8/18 16:00,79,70,9
6/8/18 17:00,103,86,17
6/8/18 18:00,35,31,4
6/8/18 19:00,23,19,4
6/8/18 20:00,9,6,3
6/8/18 21:00,6,6,0
6/8/18 22:00,3,1,2
6/8/18 23:00,3,2,1
6/9/18 0:00,4,2,2
6/9/18 1:00,2,0,2
6/9/18 2:00,1,0,1
6/9/18 3:00,1,1,0
6/9/18 4:00,4,4,0
6/9/18 5:00,3,1,2
6/9/18 6:00,10,3,7
6/9/18 7:00,11,6,5
6/9/18 8:00,26,5,21
6/9/18 9:00,40,26,14
6/9/18 10:00,32,17,15
6/9/18 11:00,42,12,30
6/9/18 12:00,40,17,23
6/9/18 13:00,76,31,45
6/9/18 14:00,60,34,26
6/9/18 15:00,40,17,23
6/9/18 16:00,24,12,12
6/9/18 17:00,26,9,17
6/9/18 18:00,22,10,12
6/9/18 19:00,11,8,3
6/9/18 20:00,1,0,1
6/9/18 21:00,12,8,4
6/9/18 22:00,9,5,4
6/9/18 23:00,6,3,3
6/10/18 0:00,6,5,1
6/10/18 1:00,5,4,1
6/10/18 2:00,0,0,0
6/10/18 3:00,2,1,1
6/10/18 4:00,0,0,0
6/10/18 5:00,2,0,2
6/10/18 6:00,7,3,4
6/10/18 7:00,17,3,14
6/10/18 8:00,19,6,13
6/10/18 9:00,25,10,15
6/10/18 10:00,48,28,20
6/10/18 11:00,22,14,8
6/10/18 12:00,20,4,16
6/10/18 13:00,36,16,20
6/10/18 14:00,22,13,9
6/10/18 15:00,29,18,11
6/10/18 16:00,29,17,12
6/10/18 17:00,14,7,7
6/10/18 18:00,14,4,10
6/10/18 19:00,7,6,1
6/10/18 20:00,6,2,4
6/10/18 21:00,1,1,0
6/10/18 22:00,3,2,1
6/10/18 23:00,1,1,0
6/11/18 0:00,2,2,0
6/11/18 1:00,0,0,0
6/11/18 2:00,0,0,0
6/11/18 3:00,2,0,2
6/11/18 4:00,3,1,2
6/11/18 5:00,31,5,26
6/11/18 6:00,88,12,76
6/11/18 7:00,182,14,168
6/11/18 8:00,163,11,152
6/11/18 9:00,66,11,55
6/11/18 10:00,36,6,30
6/11/18 11:00,21,6,15
6/11/18 12:00,27,14,13
6/11/18 13:00,37,13,24
6/11/18 14:00,40,23,17
6/11/18 15:00,68,57,11
6/11/18 16:00,115,93,22
6/11/18 17:00,232,210,22
6/11/18 18:00,124,105,19
6/11/18 19:00,63,38,25
6/11/18 20:00,34,24,10
6/11/18 21:00,20,13,7
6/11/18 22:00,17,13,4
6/11/18 23:00,12,9,3
6/12/18 0:00,2,2,0
6/12/18 1:00,0,0,0
6/12/18 2:00,3,2,1
6/12/18 3:00,2,2,0
6/12/18 4:00,10,2,8
6/12/18 5:00,48,7,41
6/12/18 6:00,113,13,100
6/12/18 7:00,193,20,173
6/12/18 8:00,177,13,164
6/12/18 9:00,81,9,72
6/12/18 10:00,22,6,16
6/12/18 11:00,33,16,17
6/12/18 12:00,30,13,17
6/12/18 13:00,25,9,16
6/12/18 14:00,42,17,25
6/12/18 15:00,54,37,17
6/12/18 16:00,125,102,23
6/12/18 17:00,241,207,34
6/12/18 18:00,136,123,13
6/12/18 19:00,67,55,12
6/12/18 20:00,38,29,9
6/12/18 21:00,24,19,5
6/12/18 22:00,17,15,2
6/12/18 23:00,4,4,0
6/13/18 0:00,4,3,1
6/13/18 1:00,1,1,0
6/13/18 2:00,0,0,0
6/13/18 3:00,2,2,0
6/13/18 4:00,6,4,2
6/13/18 5:00,30,4,26
6/13/18 6:00,44,4,40
6/13/18 7:00,94,7,87
6/13/18 8:00,93,9,84
6/13/18 9:00,52,9,43
6/13/18 10:00,22,5,17
6/13/18 11:00,25,9,16
6/13/18 12:00,15,3,12
6/13/18 13:00,29,13,16
6/13/18 14:00,28,16,12
6/13/18 15:00,43,34,9
6/13/18 16:00,88,72,16
6/13/18 17:00,116,106,10
6/13/18 18:00,69,63,6
6/13/18 19:00,48,37,11
6/13/18 20:00,16,14,2
6/13/18 21:00,13,6,7
6/13/18 22:00,8,5,3
6/13/18 23:00,4,3,1
6/14/18 0:00,3,2,1
6/14/18 1:00,3,1,2
6/14/18 2:00,1,1,0
6/14/18 3:00,5,3,2
6/14/18 4:00,9,1,8
6/14/18 5:00,31,2,29
6/14/18 6:00,93,7,86
6/14/18 7:00,161,14,147
6/14/18 8:00,151,10,141
6/14/18 9:00,62,7,55
6/14/18 10:00,23,2,21
6/14/18 11:00,19,10,9
6/14/18 12:00,36,17,19
6/14/18 13:00,27,10,17
6/14/18 14:00,26,14,12
6/14/18 15:00,58,42,16
6/14/18 16:00,131,105,26
6/14/18 17:00,202,172,30
6/14/18 18:00,129,102,27
6/14/18 19:00,54,42,12
6/14/18 20:00,28,21,7
6/14/18 21:00,22,11,11
6/14/18 22:00,25,22,3
6/14/18 23:00,10,8,2
6/15/18 0:00,7,4,3
6/15/18 1:00,6,3,3
6/15/18 2:00,0,0,0
6/15/18 3:00,1,1,0
6/15/18 4:00,3,2,1
6/15/18 5:00,34,4,30
6/15/18 6:00,85,12,73
6/15/18 7:00,121,16,105
6/15/18 8:00,165,16,149
6/15/18 9:00,51,12,39
6/15/18 10:00,23,9,14
6/15/18 11:00,29,13,16
6/15/18 12:00,36,20,16
6/15/18 13:00,42,17,25
6/15/18 14:00,35,25,10
6/15/18 15:00,75,58,17
6/15/18 16:00,142,109,33
6/15/18 17:00,166,141,25
6/15/18 18:00,103,88,15
6/15/18 19:00,40,33,7
6/15/18 20:00,25,15,10
6/15/18 21:00,19,9,10
6/15/18 22:00,16,12,4
6/15/18 23:00,10,6,4
6/16/18 0:00,5,4,1
6/16/18 1:00,5,4,1
6/16/18 2:00,3,2,1
6/16/18 3:00,2,1,1
6/16/18 4:00,1,1,0
6/16/18 5:00,9,3,6
6/16/18 6:00,16,2,14
6/16/18 7:00,34,9,25
6/16/18 8:00,44,12,32
6/16/18 9:00,43,19,24
6/16/18 10:00,72,36,36
6/16/18 11:00,88,44,44
6/16/18 12:00,137,59,78
6/16/18 13:00,69,35,34
6/16/18 14:00,80,29,51
6/16/18 15:00,77,50,27
6/16/18 16:00,78,40,38
6/16/18 17:00,50,23,27
6/16/18 18:00,39,25,14
6/16/18 19:00,49,31,18
6/16/18 20:00,44,28,16
6/16/18 21:00,21,11,10
6/16/18 22:00,21,11,10
6/16/18 23:00,20,12,8
6/17/18 0:00,4,1,3
6/17/18 1:00,1,1,0
6/17/18 2:00,2,1,1
6/17/18 3:00,1,0,1
6/17/18 4:00,1,1,0
6/17/18 5:00,8,1,7
6/17/18 6:00,11,6,5
6/17/18 7:00,23,9,14
6/17/18 8:00,38,12,26
6/17/18 9:00,80,36,44
6/17/18 10:00,79,36,43
6/17/18 11:00,83,44,39
6/17/18 12:00,92,41,51
6/17/18 13:00,65,35,30
6/17/18 14:00,84,44,40
6/17/18 15:00,79,36,43
6/17/18 16:00,57,37,20
6/17/18 17:00,48,34,14
6/17/18 18:00,53,22,31
6/17/18 19:00,32,17,15
6/17/18 20:00,30,12,18
6/17/18 21:00,16,7,9
6/17/18 22:00,13,7,6
6/17/18 23:00,6,4,2
6/18/18 0:00,8,5,3
6/18/18 1:00,1,1,0
6/18/18 2:00,2,0,2
6/18/18 3:00,1,1,0
6/18/18 4:00,11,0,11
6/18/18 5:00,40,5,35
6/18/18 6:00,110,10,100
6/18/18 7:00,210,11,199
6/18/18 8:00,198,23,175
6/18/18 9:00,64,7,57
6/18/18 10:00,39,11,28
6/18/18 11:00,30,12,18
6/18/18 12:00,30,11,19
6/18/18 13:00,34,20,14
6/18/18 14:00,43,27,16
6/18/18 15:00,71,56,15
6/18/18 16:00,133,108,25
6/18/18 17:00,247,220,27
6/18/18 18:00,125,106,19
6/18/18 19:00,94,76,18
6/18/18 20:00,43,30,13
6/18/18 21:00,35,15,20
6/18/18 22:00,8,3,5
6/18/18 23:00,8,6,2
6/19/18 0:00,2,1,1
6/19/18 1:00,0,0,0
6/19/18 2:00,1,1,0
6/19/18 3:00,2,2,0
6/19/18 4:00,11,2,9
6/19/18 5:00,43,8,35
6/19/18 6:00,106,13,93
6/19/18 7:00,199,19,180
6/19/18 8:00,183,20,163
6/19/18 9:00,63,8,55
6/19/18 10:00,31,12,19
6/19/18 11:00,40,15,25
6/19/18 12:00,26,11,15
6/19/18 13:00,39,24,15
6/19/18 14:00,37,25,12
6/19/18 15:00,88,67,21
6/19/18 16:00,160,130,30
6/19/18 17:00,218,191,27
6/19/18 18:00,141,123,18
6/19/18 19:00,73,57,16
6/19/18 20:00,37,26,11
6/19/18 21:00,21,10,11
6/19/18 22:00,16,15,1
6/19/18 23:00,10,5,5
6/20/18 0:00,3,2,1
6/20/18 1:00,2,1,1
6/20/18 2:00,5,2,3
6/20/18 3:00,2,1,1
6/20/18 4:00,5,1,4
6/20/18 5:00,38,4,34
6/20/18 6:00,102,13,89
6/20/18 7:00,202,20,182
6/20/18 8:00,177,15,162
6/20/18 9:00,71,17,54
6/20/18 10:00,37,11,26
6/20/18 11:00,33,11,22
6/20/18 12:00,32,18,14
6/20/18 13:00,28,15,13
6/20/18 14:00,42,28,14
6/20/18 15:00,49,38,11
6/20/18 16:00,154,129,25
6/20/18 17:00,220,196,24
6/20/18 18:00,117,100,17
6/20/18 19:00,120,78,42
6/20/18 20:00,3,2,1
6/20/18 21:00,1,1,0
6/20/18 22:00,2,1,1
6/20/18 23:00,3,1,2
6/21/18 0:00,0,0,0
6/21/18 1:00,2,1,1
6/21/18 2:00,1,1,0
6/21/18 3:00,0,0,0
6/21/18 4:00,0,0,0
6/21/18 5:00,0,0,0
6/21/18 6:00,4,2,2
6/21/18 7:00,0,0,0
6/21/18 8:00,6,3,3
6/21/18 9:00,2,1,1
6/21/18 10:00,2,1,1
6/21/18 11:00,4,3,1
6/21/18 12:00,2,0,2
6/21/18 13:00,13,6,7
6/21/18 14:00,0,0,0
6/21/18 15:00,0,0,0
6/21/18 16:00,0,0,0
6/21/18 17:00,4,1,3
6/21/18 18:00,1,1,0
6/21/18 19:00,2,1,1
6/21/18 20:00,0,0,0
6/21/18 21:00,2,1,1
6/21/18 22:00,3,2,1
6/21/18 23:00,0,0,0
6/22/18 0:00,0,0,0
6/22/18 1:00,2,1,1
6/22/18 2:00,0,0,0
6/22/18 3:00,0,0,0
6/22/18 4:00,0,0,0
6/22/18 5:00,0,0,0
6/22/18 6:00,0,0,0
6/22/18 7:00,0,0,0
6/22/18 8:00,0,0,0
6/22/18 9:00,0,0,0
6/22/18 10:00,0,0,0
6/22/18 11:00,2,1,1
6/22/18 12:00,0,0,0
6/22/18 13:00,0,0,0
6/22/18 14:00,15,9,6
6/22/18 15:00,0,0,0
6/22/18 16:00,0,0,0
6/22/18 17:00,4,2,2
6/22/18 18:00,0,0,0
6/22/18 19:00,4,2,2
6/22/18 20:00,0,0,0
6/22/18 21:00,0,0,0
6/22/18 22:00,0,0,0
6/22/18 23:00,0,0,0
6/23/18 0:00,0,0,0
6/23/18 1:00,0,0,0
6/23/18 2:00,0,0,0
6/23/18 3:00,0,0,0
6/23/18 4:00,0,0,0
6/23/18 5:00,0,0,0
6/23/18 6:00,0,0,0
6/23/18 7:00,0,0,0
6/23/18 8:00,6,4,2
6/23/18 9:00,6,2,4
6/23/18 10:00,8,6,2
6/23/18 11:00,6,2,4
6/23/18 12:00,4,2,2
6/23/18 13:00,12,8,4
6/23/18 14:00,1,1,0
6/23/18 15:00,0,0,0
6/23/18 16:00,6,5,1
6/23/18 17:00,2,1,1
6/23/18 18:00,6,3,3
6/23/18 19:00,1,1,0
6/23/18 20:00,1,0,1
6/23/18 21:00,3,2,1
6/23/18 22:00,2,0,2
6/23/18 23:00,6,3,3
6/24/18 0:00,0,0,0
6/24/18 1:00,0,0,0
6/24/18 2:00,0,0,0
6/24/18 3:00,0,0,0
6/24/18 4:00,0,0,0
6/24/18 5:00,0,0,0
6/24/18 6:00,0,0,0
6/24/18 7:00,1,1,0
6/24/18 8:00,1,0,1
6/24/18 9:00,0,0,0
6/24/18 10:00,4,2,2
6/24/18 11:00,5,2,3
6/24/18 12:00,24,14,10
6/24/18 13:00,7,2,5
6/24/18 14:00,3,2,1
6/24/18 15:00,19,9,10
6/24/18 16:00,10,5,5
6/24/18 17:00,3,2,1
6/24/18 18:00,5,4,1
6/24/18 19:00,1,0,1
6/24/18 20:00,6,3,3
6/24/18 21:00,0,0,0
6/24/18 22:00,0,0,0
6/24/18 23:00,0,0,0
6/25/18 0:00,0,0,0
6/25/18 1:00,0,0,0
6/25/18 2:00,0,0,0
6/25/18 3:00,0,0,0
6/25/18 4:00,0,0,0
6/25/18 5:00,0,0,0
6/25/18 6:00,0,0,0
6/25/18 7:00,0,0,0
6/25/18 8:00,0,0,0
6/25/18 9:00,0,0,0
6/25/18 10:00,0,0,0
6/25/18 11:00,0,0,0
6/25/18 12:00,0,0,0
6/25/18 13:00,0,0,0
6/25/18 14:00,0,0,0
6/25/18 15:00,0,0,0
6/25/18 16:00,0,0,0
6/25/18 17:00,0,0,0
6/25/18 18:00,0,0,0
6/25/18 19:00,0,0,0
6/25/18 20:00,4,2,2
6/25/18 21:00,0,0,0
6/25/18 22:00,1,1,0
6/25/18 23:00,1,0,1
6/26/18 0:00,0,0,0
6/26/18 1:00,0,0,0
6/26/18 2:00,0,0,0
6/26/18 3:00,0,0,0
6/26/18 4:00,0,0,0
6/26/18 5:00,0,0,0
6/26/18 6:00,2,1,1
6/26/18 7:00,0,0,0
6/26/18 8:00,6,3,3
6/26/18 9:00,1,1,0
6/26/18 10:00,1,0,1
6/26/18 11:00,2,1,1
6/26/18 12:00,11,6,5
6/26/18 13:00,6,4,2
6/26/18 14:00,24,11,13
6/26/18 15:00,25,19,6
6/26/18 16:00,46,27,19
6/26/18 17:00,74,60,14
6/26/18 18:00,77,62,15
6/26/18 19:00,22,17,5
6/26/18 20:00,16,12,4
6/26/18 21:00,13,8,5
6/26/18 22:00,8,5,3
6/26/18 23:00,2,2,0
6/27/18 0:00,1,0,1
6/27/18 1:00,3,3,0
6/27/18 2:00,1,1,0
6/27/18 3:00,1,0,1
6/27/18 4:00,5,2,3
6/27/18 5:00,18,3,15
6/27/18 6:00,79,8,71
6/27/18 7:00,127,11,116
6/27/18 8:00,125,11,114
6/27/18 9:00,60,13,47
6/27/18 10:00,24,7,17
6/27/18 11:00,31,10,21
6/27/18 12:00,23,11,12
6/27/18 13:00,23,14,9
6/27/18 14:00,33,18,15
6/27/18 15:00,51,39,12
6/27/18 16:00,89,70,19
6/27/18 17:00,188,168,20
6/27/18 18:00,103,85,18
6/27/18 19:00,51,40,11
6/27/18 20:00,40,21,19
6/27/18 21:00,12,9,3
6/27/18 22:00,11,10,1
6/27/18 23:00,5,4,1
6/28/18 0:00,4,1,3
6/28/18 1:00,8,6,2
6/28/18 2:00,1,0,1
6/28/18 3:00,2,2,0
6/28/18 4:00,5,2,3
6/28/18 5:00,25,4,21
6/28/18 6:00,65,10,55
6/28/18 7:00,171,11,160
6/28/18 8:00,148,17,131
6/28/18 9:00,55,4,51
6/28/18 10:00,30,14,16
6/28/18 11:00,27,12,15
6/28/18 12:00,25,9,16
6/28/18 13:00,34,22,12
6/28/18 14:00,28,17,11
6/28/18 15:00,40,25,15
6/28/18 16:00,101,82,19
6/28/18 17:00,183,158,25
6/28/18 18:00,98,83,15
6/28/18 19:00,62,46,16
6/28/18 20:00,21,20,1
6/28/18 21:00,14,12,2
6/28/18 22:00,5,5,0
6/28/18 23:00,6,4,2
6/29/18 0:00,6,4,2
6/29/18 1:00,4,1,3
6/29/18 2:00,2,2,0
6/29/18 3:00,2,2,0
6/29/18 4:00,4,1,3
6/29/18 5:00,27,3,24
6/29/18 6:00,65,13,52
6/29/18 7:00,130,13,117
6/29/18 8:00,116,8,108
6/29/18 9:00,52,11,41
6/29/18 10:00,27,8,19
6/29/18 11:00,24,8,16
6/29/18 12:00,26,12,14
6/29/18 13:00,28,17,11
6/29/18 14:00,25,15,10
6/29/18 15:00,57,46,11
6/29/18 16:00,96,84,12
6/29/18 17:00,128,108,20
6/29/18 18:00,75,63,12
6/29/18 19:00,40,26,14
6/29/18 20:00,24,10,14
6/29/18 21:00,11,11,0
6/29/18 22:00,16,10,6
6/29/18 23:00,5,5,0
6/30/18 0:00,3,3,0
6/30/18 1:00,2,2,0
6/30/18 2:00,2,1,1
6/30/18 3:00,2,2,0
6/30/18 4:00,2,1,1
6/30/18 5:00,3,0,3
6/30/18 6:00,13,9,4
6/30/18 7:00,22,7,15
6/30/18 8:00,50,29,21
6/30/18 9:00,36,15,21
6/30/18 10:00,46,22,24
6/30/18 11:00,42,19,23
6/30/18 12:00,76,23,53
6/30/18 13:00,35,20,15
6/30/18 14:00,44,27,17
6/30/18 15:00,37,17,20
6/30/18 16:00,45,33,12
6/30/18 17:00,23,16,7
6/30/18 18:00,26,16,10
6/30/18 19:00,29,15,14
6/30/18 20:00,22,5,17
6/30/18 21:00,7,7,0
6/30/18 22:00,16,12,4
6/30/18 23:00,4,3,1
7/1/18 0:00,4,4,0
7/1/18 1:00,3,1,2
7/1/18 2:00,3,2,1
7/1/18 3:00,2,1,1
7/1/18 4:00,2,1,1
7/1/18 5:00,3,1,2
7/1/18 6:00,12,5,7
7/1/18 7:00,19,7,12
7/1/18 8:00,44,21,23
7/1/18 9:00,42,22,20
7/1/18 10:00,30,14,16
7/1/18 11:00,60,31,29
7/1/18 12:00,62,28,34
7/1/18 13:00,38,20,18
7/1/18 14:00,48,24,24
7/1/18 15:00,43,23,20
7/1/18 16:00,42,24,18
7/1/18 17:00,44,26,18
7/1/18 18:00,37,18,19
7/1/18 19:00,18,12,6
7/1/18 20:00,19,7,12
7/1/18 21:00,10,5,5
7/1/18 22:00,4,4,0
7/1/18 23:00,3,3,0
7/2/18 0:00,5,3,2
7/2/18 1:00,2,1,1
7/2/18 2:00,0,0,0
7/2/18 3:00,1,0,1
7/2/18 4:00,7,0,7
7/2/18 5:00,28,6,22
7/2/18 6:00,73,7,66
7/2/18 7:00,137,11,126
7/2/18 8:00,142,11,131
7/2/18 9:00,67,5,62
7/2/18 10:00,23,9,14
7/2/18 11:00,25,13,12
7/2/18 12:00,22,10,12
7/2/18 13:00,18,7,11
7/2/18 14:00,46,18,28
7/2/18 15:00,48,32,16
7/2/18 16:00,109,94,15
7/2/18 17:00,160,140,20
7/2/18 18:00,147,130,17
7/2/18 19:00,81,44,37
7/2/18 20:00,33,25,8
7/2/18 21:00,15,13,2
7/2/18 22:00,6,5,1
7/2/18 23:00,6,5,1
7/3/18 0:00,2,1,1
7/3/18 1:00,2,1,1
7/3/18 2:00,2,2,0
7/3/18 3:00,4,2,2
7/3/18 4:00,10,2,8
7/3/18 5:00,28,5,23
7/3/18 6:00,91,13,78
7/3/18 7:00,158,13,145
7/3/18 8:00,167,13,154
7/3/18 9:00,65,10,55
7/3/18 10:00,29,9,20
7/3/18 11:00,24,10,14
7/3/18 12:00,17,7,10
7/3/18 13:00,44,27,17
7/3/18 14:00,53,32,21
7/3/18 15:00,104,84,20
7/3/18 16:00,127,103,24
7/3/18 17:00,184,153,31
7/3/18 18:00,128,104,24
7/3/18 19:00,57,37,20
7/3/18 20:00,38,32,6
7/3/18 21:00,31,23,8
7/3/18 22:00,22,16,6
7/3/18 23:00,7,5,2
7/4/18 0:00,11,6,5
7/4/18 1:00,2,0,2
7/4/18 2:00,2,1,1
7/4/18 3:00,1,1,0
7/4/18 4:00,2,1,1
7/4/18 5:00,10,5,5
7/4/18 6:00,12,3,9
7/4/18 7:00,30,9,21
7/4/18 8:00,42,8,34
7/4/18 9:00,70,32,38
7/4/18 10:00,68,35,33
7/4/18 11:00,104,56,48
7/4/18 12:00,116,43,73
7/4/18 13:00,101,59,42
7/4/18 14:00,86,39,47
7/4/18 15:00,61,33,28
7/4/18 16:00,57,39,18
7/4/18 17:00,71,51,20
7/4/18 18:00,31,19,12
7/4/18 19:00,37,16,21
7/4/18 20:00,26,10,16
7/4/18 21:00,20,6,14
7/4/18 22:00,12,4,8
7/4/18 23:00,4,1,3
7/5/18 0:00,12,11,1
7/5/18 1:00,5,1,4
7/5/18 2:00,2,1,1
7/5/18 3:00,4,1,3
7/5/18 4:00,8,1,7
7/5/18 5:00,20,8,12
7/5/18 6:00,69,9,60
7/5/18 7:00,108,7,101
7/5/18 8:00,111,6,105
7/5/18 9:00,86,12,74
7/5/18 10:00,44,19,25
7/5/18 11:00,38,22,16
7/5/18 12:00,33,14,19
7/5/18 13:00,47,21,26
7/5/18 14:00,35,20,15
7/5/18 15:00,74,47,27
7/5/18 16:00,110,80,30
7/5/18 17:00,152,130,22
7/5/18 18:00,93,80,13
7/5/18 19:00,66,48,18
7/5/18 20:00,34,25,9
7/5/18 21:00,20,15,5
7/5/18 22:00,18,10,8
7/5/18 23:00,11,8,3
7/6/18 0:00,11,8,3
7/6/18 1:00,2,0,2
7/6/18 2:00,0,0,0
7/6/18 3:00,2,1,1
7/6/18 4:00,8,5,3
7/6/18 5:00,27,2,25
7/6/18 6:00,66,9,57
7/6/18 7:00,100,7,93
7/6/18 8:00,115,16,99
7/6/18 9:00,61,8,53
7/6/18 10:00,33,7,26
7/6/18 11:00,18,9,9
7/6/18 12:00,45,17,28
7/6/18 13:00,26,20,6
7/6/18 14:00,43,25,18
7/6/18 15:00,66,45,21
7/6/18 16:00,106,89,17
7/6/18 17:00,132,113,19
7/6/18 18:00,65,55,10
7/6/18 19:00,50,31,19
7/6/18 20:00,24,12,12
7/6/18 21:00,14,12,2
7/6/18 22:00,14,10,4
7/6/18 23:00,12,8,4
7/7/18 0:00,7,5,2
7/7/18 1:00,4,3,1
7/7/18 2:00,1,1,0
7/7/18 3:00,3,1,2
7/7/18 4:00,4,4,0
7/7/18 5:00,6,0,6
7/7/18 6:00,5,2,3
7/7/18 7:00,13,4,9
7/7/18 8:00,31,11,20
7/7/18 9:00,44,23,21
7/7/18 10:00,77,45,32
7/7/18 11:00,64,37,27
7/7/18 12:00,76,31,45
7/7/18 13:00,44,23,21
7/7/18 14:00,74,28,46
7/7/18 15:00,85,39,46
7/7/18 16:00,68,31,37
7/7/18 17:00,44,26,18
7/7/18 18:00,50,32,18
7/7/18 19:00,37,15,22
7/7/18 20:00,35,20,15
7/7/18 21:00,15,10,5
7/7/18 22:00,10,5,5
7/7/18 23:00,6,6,0
7/8/18 0:00,7,6,1
7/8/18 1:00,1,1,0
7/8/18 2:00,2,0,2
7/8/18 3:00,1,1,0
7/8/18 4:00,1,0,1
7/8/18 5:00,4,1,3
7/8/18 6:00,9,5,4
7/8/18 7:00,16,9,7
7/8/18 8:00,42,16,26
7/8/18 9:00,63,30,33
7/8/18 10:00,62,29,33
7/8/18 11:00,86,40,46
7/8/18 12:00,118,71,47
7/8/18 13:00,119,44,75
7/8/18 14:00,85,33,52
7/8/18 15:00,85,47,38
7/8/18 16:00,82,44,38
7/8/18 17:00,53,19,34
7/8/18 18:00,33,16,17
7/8/18 19:00,17,14,3
7/8/18 20:00,20,8,12
7/8/18 21:00,11,6,5
7/8/18 22:00,8,5,3
7/8/18 23:00,5,3,2
7/9/18 0:00,4,2,2
7/9/18 1:00,3,3,0
7/9/18 2:00,2,1,1
7/9/18 3:00,0,0,0
7/9/18 4:00,8,3,5
7/9/18 5:00,40,7,33
7/9/18 6:00,104,12,92
7/9/18 7:00,182,10,172
7/9/18 8:00,171,11,160
7/9/18 9:00,61,9,52
7/9/18 10:00,36,11,25
7/9/18 11:00,21,11,10
7/9/18 12:00,21,11,10
7/9/18 13:00,36,18,18
7/9/18 14:00,43,28,15
7/9/18 15:00,69,52,17
7/9/18 16:00,133,108,25
7/9/18 17:00,222,197,25
7/9/18 18:00,128,115,13
7/9/18 19:00,40,32,8
7/9/18 20:00,24,21,3
7/9/18 21:00,17,14,3
7/9/18 22:00,6,5,1
7/9/18 23:00,14,8,6
7/10/18 0:00,2,1,1
7/10/18 1:00,2,1,1
7/10/18 2:00,0,0,0
7/10/18 3:00,3,1,2
7/10/18 4:00,6,2,4
7/10/18 5:00,40,6,34
7/10/18 6:00,91,12,79
7/10/18 7:00,186,26,160
7/10/18 8:00,163,20,143
7/10/18 9:00,64,15,49
7/10/18 10:00,22,4,18
7/10/18 11:00,20,5,15
7/10/18 12:00,22,12,10
7/10/18 13:00,32,13,19
7/10/18 14:00,39,24,15
7/10/18 15:00,41,33,8
7/10/18 16:00,129,104,25
7/10/18 17:00,206,176,30
7/10/18 18:00,156,136,20
7/10/18 19:00,56,46,10
7/10/18 20:00,46,26,20
7/10/18 21:00,29,17,12
7/10/18 22:00,9,8,1
7/10/18 23:00,5,5,0
7/11/18 0:00,1,1,0
7/11/18 1:00,2,0,2
7/11/18 2:00,2,2,0
7/11/18 3:00,3,3,0
7/11/18 4:00,10,2,8
7/11/18 5:00,36,7,29
7/11/18 6:00,121,13,108
7/11/18 7:00,176,13,163
7/11/18 8:00,164,24,140
7/11/18 9:00,85,19,66
7/11/18 10:00,37,13,24
7/11/18 11:00,34,14,20
7/11/18 12:00,33,12,21
7/11/18 13:00,32,16,16
7/11/18 14:00,38,16,22
7/11/18 15:00,77,61,16
7/11/18 16:00,132,96,36
7/11/18 17:00,231,199,32
7/11/18 18:00,145,127,18
7/11/18 19:00,76,62,14
7/11/18 20:00,48,29,19
7/11/18 21:00,31,19,12
7/11/18 22:00,25,14,11
7/11/18 23:00,4,1,3
7/12/18 0:00,4,3,1
7/12/18 1:00,1,1,0
7/12/18 2:00,2,2,0
7/12/18 3:00,1,1,0
7/12/18 4:00,7,1,6
7/12/18 5:00,34,4,30
7/12/18 6:00,108,10,98
7/12/18 7:00,164,9,155
7/12/18 8:00,165,12,153
7/12/18 9:00,77,8,69
7/12/18 10:00,45,20,25
7/12/18 11:00,43,13,30
7/12/18 12:00,44,20,24
7/12/18 13:00,36,14,22
7/12/18 14:00,40,27,13
7/12/18 15:00,72,54,18
7/12/18 16:00,129,110,19
7/12/18 17:00,192,166,26
7/12/18 18:00,137,123,14
7/12/18 19:00,65,57,8
7/12/18 20:00,43,30,13
7/12/18 21:00,27,18,9
7/12/18 22:00,17,10,7
7/12/18 23:00,5,1,4
7/13/18 0:00,3,2,1
7/13/18 1:00,2,2,0
7/13/18 2:00,3,1,2
7/13/18 3:00,5,4,1
7/13/18 4:00,8,1,7
7/13/18 5:00,29,5,24
7/13/18 6:00,88,13,75
7/13/18 7:00,152,10,142
7/13/18 8:00,124,16,108
7/13/18 9:00,38,11,27
7/13/18 10:00,36,12,24
7/13/18 11:00,47,23,24
7/13/18 12:00,25,11,14
7/13/18 13:00,47,26,21
7/13/18 14:00,52,29,23
7/13/18 15:00,74,59,15
7/13/18 16:00,119,96,23
7/13/18 17:00,159,141,18
7/13/18 18:00,82,70,12
7/13/18 19:00,45,30,15
7/13/18 20:00,31,17,14
7/13/18 21:00,28,14,14
7/13/18 22:00,10,5,5
7/13/18 23:00,14,6,8
7/14/18 0:00,11,10,1
7/14/18 1:00,2,1,1
7/14/18 2:00,3,1,2
7/14/18 3:00,3,2,1
7/14/18 4:00,9,3,6
7/14/18 5:00,9,3,6
7/14/18 6:00,17,3,14
7/14/18 7:00,17,6,11
7/14/18 8:00,26,9,17
7/14/18 9:00,58,27,31
7/14/18 10:00,70,37,33
7/14/18 11:00,69,45,24
7/14/18 12:00,87,47,40
7/14/18 13:00,88,40,48
7/14/18 14:00,76,36,40
7/14/18 15:00,65,27,38
7/14/18 16:00,59,41,18
7/14/18 17:00,45,23,22
7/14/18 18:00,48,27,21
7/14/18 19:00,36,15,21
7/14/18 20:00,37,19,18
7/14/18 21:00,17,8,9
7/14/18 22:00,13,4,9
7/14/18 23:00,10,5,5
7/15/18 0:00,3,3,0
7/15/18 1:00,2,0,2
7/15/18 2:00,3,2,1
7/15/18 3:00,3,0,3
7/15/18 4:00,3,2,1
7/15/18 5:00,3,2,1
7/15/18 6:00,21,9,12
7/15/18 7:00,26,11,15
7/15/18 8:00,39,13,26
7/15/18 9:00,34,14,20
7/15/18 10:00,69,34,35
7/15/18 11:00,72,34,38
7/15/18 12:00,76,41,35
7/15/18 13:00,78,39,39
7/15/18 14:00,49,29,20
7/15/18 15:00,59,36,23
7/15/18 16:00,54,25,29
7/15/18 17:00,41,20,21
7/15/18 18:00,34,21,13
7/15/18 19:00,26,17,9
7/15/18 20:00,20,12,8
7/15/18 21:00,20,11,9
7/15/18 22:00,10,7,3
7/15/18 23:00,8,5,3
7/16/18 0:00,4,1,3
7/16/18 1:00,8,3,5
7/16/18 2:00,1,0,1
7/16/18 3:00,0,0,0
7/16/18 4:00,9,4,5
7/16/18 5:00,32,8,24
7/16/18 6:00,61,5,56
7/16/18 7:00,203,18,185
7/16/18 8:00,156,13,143
7/16/18 9:00,72,13,59
7/16/18 10:00,27,7,20
7/16/18 11:00,29,12,17
7/16/18 12:00,37,24,13
7/16/18 13:00,25,10,15
7/16/18 14:00,28,15,13
7/16/18 15:00,58,40,18
7/16/18 16:00,114,100,14
7/16/18 17:00,198,177,21
7/16/18 18:00,145,126,19
7/16/18 19:00,42,37,5
7/16/18 20:00,51,22,29
7/16/18 21:00,31,16,15
7/16/18 22:00,5,4,1
7/16/18 23:00,9,5,4
7/17/18 0:00,3,2,1
7/17/18 1:00,0,0,0
7/17/18 2:00,4,4,0
7/17/18 3:00,1,1,0
7/17/18 4:00,11,5,6
7/17/18 5:00,43,11,32
7/17/18 6:00,98,11,87
7/17/18 7:00,180,17,163
7/17/18 8:00,163,16,147
7/17/18 9:00,57,11,46
7/17/18 10:00,31,10,21
7/17/18 11:00,39,19,20
7/17/18 12:00,24,10,14
7/17/18 13:00,16,6,10
7/17/18 14:00,46,25,21
7/17/18 15:00,62,44,18
7/17/18 16:00,130,114,16
7/17/18 17:00,204,175,29
7/17/18 18:00,128,106,22
7/17/18 19:00,63,50,13
7/17/18 20:00,44,32,12
7/17/18 21:00,31,17,14
7/17/18 22:00,13,7,6
7/17/18 23:00,17,14,3
7/18/18 0:00,5,4,1
7/18/18 1:00,2,2,0
7/18/18 2:00,2,0,2
7/18/18 3:00,3,2,1
7/18/18 4:00,6,1,5
7/18/18 5:00,41,9,32
7/18/18 6:00,123,16,107
7/18/18 7:00,174,24,150
7/18/18 8:00,154,21,133
7/18/18 9:00,82,9,73
7/18/18 10:00,33,5,28
7/18/18 11:00,31,10,21
7/18/18 12:00,19,9,10
7/18/18 13:00,38,24,14
7/18/18 14:00,35,17,18
7/18/18 15:00,48,40,8
7/18/18 16:00,138,108,30
7/18/18 17:00,218,196,22
7/18/18 18:00,125,106,19
7/18/18 19:00,76,57,19
7/18/18 20:00,33,25,8
7/18/18 21:00,40,24,16
7/18/18 22:00,17,13,4
7/18/18 23:00,4,3,1
7/19/18 0:00,5,5,0
7/19/18 1:00,1,0,1
7/19/18 2:00,1,0,1
7/19/18 3:00,3,2,1
7/19/18 4:00,9,3,6
7/19/18 5:00,37,6,31
7/19/18 6:00,90,6,84
7/19/18 7:00,165,15,150
7/19/18 8:00,117,5,112
7/19/18 9:00,64,9,55
7/19/18 10:00,31,7,24
7/19/18 11:00,29,12,17
7/19/18 12:00,24,7,17
7/19/18 13:00,32,15,17
7/19/18 14:00,31,12,19
7/19/18 15:00,60,47,13
7/19/18 16:00,107,88,19
7/19/18 17:00,184,162,22
7/19/18 18:00,107,94,13
7/19/18 19:00,65,53,12
7/19/18 20:00,32,26,6
7/19/18 21:00,22,17,5
7/19/18 22:00,13,8,5
7/19/18 23:00,2,2,0
7/20/18 0:00,6,4,2
7/20/18 1:00,3,1,2
7/20/18 2:00,3,2,1
7/20/18 3:00,0,0,0
7/20/18 4:00,8,2,6
7/20/18 5:00,28,5,23
7/20/18 6:00,78,9,69
7/20/18 7:00,129,15,114
7/20/18 8:00,124,10,114
7/20/18 9:00,46,11,35
7/20/18 10:00,35,3,32
7/20/18 11:00,28,15,13
7/20/18 12:00,39,16,23
7/20/18 13:00,37,19,18
7/20/18 14:00,48,33,15
7/20/18 15:00,92,65,27
7/20/18 16:00,116,83,33
7/20/18 17:00,146,125,21
7/20/18 18:00,78,62,16
7/20/18 19:00,56,40,16
7/20/18 20:00,25,15,10
7/20/18 21:00,14,10,4
7/20/18 22:00,20,19,1
7/20/18 23:00,11,10,1
7/21/18 0:00,7,3,4
7/21/18 1:00,4,2,2
7/21/18 2:00,3,2,1
7/21/18 3:00,2,1,1
7/21/18 4:00,3,2,1
7/21/18 5:00,4,1,3
7/21/18 6:00,21,11,10
7/21/18 7:00,34,19,15
7/21/18 8:00,48,9,39
7/21/18 9:00,44,20,24
7/21/18 10:00,82,57,25
7/21/18 11:00,109,59,50
7/21/18 12:00,89,32,57
7/21/18 13:00,74,35,39
7/21/18 14:00,79,46,33
7/21/18 15:00,102,62,40
7/21/18 16:00,52,29,23
7/21/18 17:00,97,46,51
7/21/18 18:00,49,28,21
7/21/18 19:00,28,15,13
7/21/18 20:00,32,15,17
7/21/18 21:00,24,13,11
7/21/18 22:00,15,12,3
7/21/18 23:00,5,5,0
7/22/18 0:00,8,4,4
7/22/18 1:00,8,5,3
7/22/18 2:00,11,10,1
7/22/18 3:00,1,1,0
7/22/18 4:00,0,0,0
7/22/18 5:00,1,0,1
7/22/18 6:00,8,2,6
7/22/18 7:00,15,6,9
7/22/18 8:00,24,7,17
7/22/18 9:00,43,26,17
7/22/18 10:00,56,24,32
7/22/18 11:00,84,43,41
7/22/18 12:00,78,26,52
7/22/18 13:00,69,38,31
7/22/18 14:00,78,39,39
7/22/18 15:00,66,33,33
7/22/18 16:00,72,42,30
7/22/18 17:00,38,16,22
7/22/18 18:00,46,28,18
7/22/18 19:00,37,23,14
7/22/18 20:00,18,10,8
7/22/18 21:00,21,11,10
7/22/18 22:00,5,3,2
7/22/18 23:00,6,3,3
7/23/18 0:00,2,1,1
7/23/18 1:00,2,2,0
7/23/18 2:00,2,1,1
7/23/18 3:00,0,0,0
7/23/18 4:00,6,0,6
7/23/18 5:00,41,6,35
7/23/18 6:00,101,9,92
7/23/18 7:00,177,19,158
7/23/18 8:00,167,17,150
7/23/18 9:00,79,13,66
7/23/18 10:00,38,9,29
7/23/18 11:00,17,6,11
7/23/18 12:00,29,12,17
7/23/18 13:00,34,20,14
7/23/18 14:00,55,33,22
7/23/18 15:00,44,35,9
7/23/18 16:00,123,102,21
7/23/18 17:00,199,184,15
7/23/18 18:00,139,129,10
7/23/18 19:00,59,47,12
7/23/18 20:00,39,21,18
7/23/18 21:00,24,16,8
7/23/18 22:00,11,9,2
7/23/18 23:00,6,3,3
7/24/18 0:00,1,1,0
7/24/18 1:00,6,3,3
7/24/18 2:00,0,0,0
7/24/18 3:00,1,0,1
7/24/18 4:00,8,2,6
7/24/18 5:00,44,8,36
7/24/18 6:00,106,13,93
7/24/18 7:00,210,21,189
7/24/18 8:00,166,10,156
7/24/18 9:00,74,16,58
7/24/18 10:00,34,14,20
7/24/18 11:00,35,12,23
7/24/18 12:00,28,10,18
7/24/18 13:00,26,17,9
7/24/18 14:00,40,23,17
7/24/18 15:00,85,61,24
7/24/18 16:00,138,116,22
7/24/18 17:00,225,197,28
7/24/18 18:00,137,115,22
7/24/18 19:00,63,53,10
7/24/18 20:00,27,20,7
7/24/18 21:00,21,12,9
7/24/18 22:00,17,15,2
7/24/18 23:00,7,6,1
7/25/18 0:00,6,4,2
7/25/18 1:00,1,1,0
7/25/18 2:00,3,1,2
7/25/18 3:00,4,3,1
7/25/18 4:00,6,1,5
7/25/18 5:00,37,7,30
7/25/18 6:00,113,12,101
7/25/18 7:00,159,18,141
7/25/18 8:00,163,18,145
7/25/18 9:00,70,16,54
7/25/18 10:00,47,13,34
7/25/18 11:00,38,19,19
7/25/18 12:00,34,14,20
7/25/18 13:00,40,24,16
7/25/18 14:00,25,8,17
7/25/18 15:00,67,50,17
7/25/18 16:00,147,126,21
7/25/18 17:00,201,176,25
7/25/18 18:00,154,130,24
7/25/18 19:00,77,59,18
7/25/18 20:00,47,38,9
7/25/18 21:00,37,23,14
7/25/18 22:00,18,12,6
7/25/18 23:00,14,9,5
7/26/18 0:00,5,2,3
7/26/18 1:00,5,3,2
7/26/18 2:00,3,2,1
7/26/18 3:00,4,4,0
7/26/18 4:00,4,1,3
7/26/18 5:00,31,2,29
7/26/18 6:00,91,9,82
7/26/18 7:00,137,12,125
7/26/18 8:00,179,15,164
7/26/18 9:00,79,12,67
7/26/18 10:00,41,17,24
7/26/18 11:00,30,14,16
7/26/18 12:00,43,17,26
7/26/18 13:00,33,18,15
7/26/18 14:00,40,23,17
7/26/18 15:00,51,35,16
7/26/18 16:00,114,86,28
7/26/18 17:00,207,181,26
7/26/18 18:00,128,101,27
7/26/18 19:00,71,63,8
7/26/18 20:00,57,35,22
7/26/18 21:00,15,11,4
7/26/18 22:00,9,6,3
7/26/18 23:00,14,10,4
7/27/18 0:00,5,5,0
7/27/18 1:00,1,0,1
7/27/18 2:00,1,0,1
7/27/18 3:00,3,2,1
7/27/18 4:00,6,2,4
7/27/18 5:00,24,4,20
7/27/18 6:00,79,7,72
7/27/18 7:00,130,12,118
7/27/18 8:00,131,11,120
7/27/18 9:00,55,11,44
7/27/18 10:00,39,18,21
7/27/18 11:00,32,14,18
7/27/18 12:00,25,11,14
7/27/18 13:00,34,15,19
7/27/18 14:00,54,36,18
7/27/18 15:00,64,49,15
7/27/18 16:00,125,100,25
7/27/18 17:00,157,138,19
7/27/18 18:00,82,67,15
7/27/18 19:00,62,47,15
7/27/18 20:00,30,22,8
7/27/18 21:00,24,13,11
7/27/18 22:00,17,11,6
7/27/18 23:00,9,7,2
7/28/18 0:00,6,5,1
7/28/18 1:00,3,3,0
7/28/18 2:00,2,1,1
7/28/18 3:00,2,1,1
7/28/18 4:00,3,2,1
7/28/18 5:00,7,1,6
7/28/18 6:00,14,6,8
7/28/18 7:00,28,10,18
7/28/18 8:00,29,13,16
7/28/18 9:00,60,30,30
7/28/18 10:00,61,37,24
7/28/18 11:00,73,40,33
7/28/18 12:00,73,38,35
7/28/18 13:00,50,29,21
7/28/18 14:00,64,23,41
7/28/18 15:00,44,20,24
7/28/18 16:00,60,30,30
7/28/18 17:00,52,31,21
7/28/18 18:00,35,19,16
7/28/18 19:00,38,25,13
7/28/18 20:00,23,11,12
7/28/18 21:00,21,10,11
7/28/18 22:00,24,9,15
7/28/18 23:00,14,8,6
7/29/18 0:00,7,5,2
7/29/18 1:00,1,0,1
7/29/18 2:00,6,4,2
7/29/18 3:00,1,0,1
7/29/18 4:00,0,0,0
7/29/18 5:00,6,5,1
7/29/18 6:00,9,3,6
7/29/18 7:00,21,9,12
7/29/18 8:00,51,19,32
7/29/18 9:00,50,28,22
7/29/18 10:00,71,39,32
7/29/18 11:00,71,44,27
7/29/18 12:00,103,46,57
7/29/18 13:00,77,35,42
7/29/18 14:00,67,32,35
7/29/18 15:00,56,18,38
7/29/18 16:00,69,36,33
7/29/18 17:00,53,24,29
7/29/18 18:00,42,19,23
7/29/18 19:00,26,17,9
7/29/18 20:00,26,13,13
7/29/18 21:00,13,7,6
7/29/18 22:00,11,4,7
7/29/18 23:00,5,3,2
7/30/18 0:00,7,4,3
7/30/18 1:00,7,4,3
7/30/18 2:00,3,1,2
7/30/18 3:00,2,1,1
7/30/18 4:00,10,1,9
7/30/18 5:00,30,7,23
7/30/18 6:00,92,16,76
7/30/18 7:00,173,15,158
7/30/18 8:00,156,15,141
7/30/18 9:00,69,8,61
7/30/18 10:00,29,10,19
7/30/18 11:00,27,13,14
7/30/18 12:00,27,17,10
7/30/18 13:00,23,11,12
7/30/18 14:00,34,22,12
7/30/18 15:00,56,44,12
7/30/18 16:00,115,96,19
7/30/18 17:00,213,183,30
7/30/18 18:00,139,121,18
7/30/18 19:00,61,45,16
7/30/18 20:00,18,9,9
7/30/18 21:00,22,17,5
7/30/18 22:00,15,13,2
7/30/18 23:00,7,4,3
7/31/18 0:00,3,3,0
7/31/18 1:00,5,4,1
7/31/18 2:00,1,1,0
7/31/18 3:00,3,1,2
7/31/18 4:00,8,2,6
7/31/18 5:00,38,6,32
7/31/18 6:00,91,11,80
7/31/18 7:00,194,17,177
7/31/18 8:00,166,16,150
7/31/18 9:00,66,15,51
7/31/18 10:00,36,9,27
7/31/18 11:00,26,15,11
7/31/18 12:00,33,10,23
7/31/18 13:00,27,14,13
7/31/18 14:00,39,16,23
7/31/18 15:00,66,52,14
7/31/18 16:00,142,114,28
7/31/18 17:00,219,181,38
7/31/18 18:00,128,114,14
7/31/18 19:00,73,59,14
7/31/18 20:00,45,32,13
7/31/18 21:00,29,16,13
7/31/18 22:00,23,14,9
7/31/18 23:00,11,10,1
8/1/18 0:00,7,7,0
8/1/18 1:00,5,4,1
8/1/18 2:00,3,1,2
8/1/18 3:00,2,1,1
8/1/18 4:00,8,1,7
8/1/18 5:00,38,8,30
8/1/18 6:00,86,12,74
8/1/18 7:00,189,17,172
8/1/18 8:00,148,15,133
8/1/18 9:00,61,9,52
8/1/18 10:00,27,9,18
8/1/18 11:00,20,5,15
8/1/18 12:00,34,17,17
8/1/18 13:00,27,12,15
8/1/18 14:00,31,13,18
8/1/18 15:00,52,38,14
8/1/18 16:00,145,114,31
8/1/18 17:00,215,189,26
8/1/18 18:00,128,109,19
8/1/18 19:00,79,64,15
8/1/18 20:00,55,37,18
8/1/18 21:00,31,18,13
8/1/18 22:00,19,12,7
8/1/18 23:00,7,3,4
8/2/18 0:00,11,9,2
8/2/18 1:00,6,4,2
8/2/18 2:00,0,0,0
8/2/18 3:00,1,1,0
8/2/18 4:00,2,1,1
8/2/18 5:00,14,5,9
8/2/18 6:00,15,7,8
8/2/18 7:00,47,7,40
8/2/18 8:00,89,13,76
8/2/18 9:00,43,7,36
8/2/18 10:00,29,8,21
8/2/18 11:00,17,5,12
8/2/18 12:00,18,7,11
8/2/18 13:00,16,9,7
8/2/18 14:00,25,11,14
8/2/18 15:00,51,35,16
8/2/18 16:00,76,62,14
8/2/18 17:00,161,140,21
8/2/18 18:00,97,80,17
8/2/18 19:00,61,44,17
8/2/18 20:00,21,13,8
8/2/18 21:00,13,8,5
8/2/18 22:00,19,14,5
8/2/18 23:00,5,5,0
8/3/18 0:00,2,1,1
8/3/18 1:00,7,3,4
8/3/18 2:00,4,4,0
8/3/18 3:00,2,0,2
8/3/18 4:00,5,2,3
8/3/18 5:00,20,5,15
8/3/18 6:00,45,7,38
8/3/18 7:00,113,10,103
8/3/18 8:00,119,14,105
8/3/18 9:00,39,11,28
8/3/18 10:00,38,7,31
8/3/18 11:00,27,10,17
8/3/18 12:00,23,8,15
8/3/18 13:00,36,20,16
8/3/18 14:00,49,28,21
8/3/18 15:00,65,41,24
8/3/18 16:00,90,71,19
8/3/18 17:00,142,111,31
8/3/18 18:00,80,67,13
8/3/18 19:00,37,29,8
8/3/18 20:00,37,18,19
8/3/18 21:00,18,15,3
8/3/18 22:00,21,18,3
8/3/18 23:00,7,3,4
8/4/18 0:00,8,7,1
8/4/18 1:00,8,3,5
8/4/18 2:00,1,0,1
8/4/18 3:00,4,3,1
8/4/18 4:00,3,2,1
8/4/18 5:00,7,1,6
8/4/18 6:00,15,4,11
8/4/18 7:00,21,8,13
8/4/18 8:00,43,13,30
8/4/18 9:00,33,8,25
8/4/18 10:00,61,35,26
8/4/18 11:00,57,21,36
8/4/18 12:00,89,41,48
8/4/18 13:00,62,40,22
8/4/18 14:00,107,80,27
8/4/18 15:00,124,91,33
8/4/18 16:00,173,137,36
8/4/18 17:00,156,122,34
8/4/18 18:00,64,31,33
8/4/18 19:00,41,23,18
8/4/18 20:00,27,10,17
8/4/18 21:00,28,20,8
8/4/18 22:00,21,14,7
8/4/18 23:00,19,15,4
8/5/18 0:00,9,9,0
8/5/18 1:00,8,5,3
8/5/18 2:00,2,2,0
8/5/18 3:00,3,2,1
8/5/18 4:00,2,1,1
8/5/18 5:00,7,2,5
8/5/18 6:00,11,3,8
8/5/18 7:00,20,10,10
8/5/18 8:00,37,12,25
8/5/18 9:00,42,21,21
8/5/18 10:00,45,17,28
8/5/18 11:00,72,32,40
8/5/18 12:00,89,41,48
8/5/18 13:00,76,37,39
8/5/18 14:00,87,49,38
8/5/18 15:00,94,55,39
8/5/18 16:00,77,44,33
8/5/18 17:00,49,28,21
8/5/18 18:00,49,27,22
8/5/18 19:00,29,11,18
8/5/18 20:00,26,19,7
8/5/18 21:00,11,9,2
8/5/18 22:00,11,8,3
8/5/18 23:00,15,10,5
8/6/18 0:00,11,7,4
8/6/18 1:00,4,2,2
8/6/18 2:00,2,2,0
8/6/18 3:00,2,1,1
8/6/18 4:00,10,1,9
8/6/18 5:00,32,4,28
8/6/18 6:00,107,17,90
8/6/18 7:00,193,9,184
8/6/18 8:00,146,13,133
8/6/18 9:00,76,17,59
8/6/18 10:00,43,18,25
8/6/18 11:00,22,12,10
8/6/18 12:00,19,7,12
8/6/18 13:00,33,11,22
8/6/18 14:00,29,16,13
8/6/18 15:00,72,50,22
8/6/18 16:00,157,128,29
8/6/18 17:00,246,217,29
8/6/18 18:00,137,119,18
8/6/18 19:00,78,63,15
8/6/18 20:00,39,27,12
8/6/18 21:00,8,6,2
8/6/18 22:00,8,5,3
8/6/18 23:00,6,6,0
8/7/18 0:00,3,2,1
8/7/18 1:00,6,5,1
8/7/18 2:00,3,1,2
8/7/18 3:00,2,1,1
8/7/18 4:00,13,3,10
8/7/18 5:00,37,5,32
8/7/18 6:00,101,7,94
8/7/18 7:00,206,19,187
8/7/18 8:00,183,21,162
8/7/18 9:00,79,11,68
8/7/18 10:00,42,13,29
8/7/18 11:00,31,12,19
8/7/18 12:00,29,16,13
8/7/18 13:00,26,17,9
8/7/18 14:00,37,26,11
8/7/18 15:00,57,38,19
8/7/18 16:00,168,136,32
8/7/18 17:00,225,200,25
8/7/18 18:00,152,124,28
8/7/18 19:00,60,41,19
8/7/18 20:00,36,25,11
8/7/18 21:00,25,15,10
8/7/18 22:00,17,8,9
8/7/18 23:00,8,6,2
8/8/18 0:00,3,2,1
8/8/18 1:00,6,2,4
8/8/18 2:00,2,1,1
8/8/18 3:00,3,2,1
8/8/18 4:00,8,3,5
8/8/18 5:00,34,9,25
8/8/18 6:00,96,15,81
8/8/18 7:00,184,18,166
8/8/18 8:00,156,15,141
8/8/18 9:00,88,9,79
8/8/18 10:00,35,15,20
8/8/18 11:00,35,11,24
8/8/18 12:00,19,7,12
8/8/18 13:00,38,13,25
8/8/18 14:00,36,19,17
8/8/18 15:00,66,48,18
8/8/18 16:00,123,101,22
8/8/18 17:00,210,183,27
8/8/18 18:00,140,118,22
8/8/18 19:00,79,59,20
8/8/18 20:00,47,27,20
8/8/18 21:00,31,19,12
8/8/18 22:00,7,6,1
8/8/18 23:00,9,7,2
8/9/18 0:00,30,26,4
8/9/18 1:00,6,5,1
8/9/18 2:00,3,2,1
8/9/18 3:00,3,2,1
8/9/18 4:00,8,3,5
8/9/18 5:00,38,4,34
8/9/18 6:00,82,12,70
8/9/18 7:00,170,16,154
8/9/18 8:00,167,15,152
8/9/18 9:00,71,10,61
8/9/18 10:00,46,8,38
8/9/18 11:00,21,9,12
8/9/18 12:00,29,14,15
8/9/18 13:00,21,7,14
8/9/18 14:00,31,15,16
8/9/18 15:00,54,41,13
8/9/18 16:00,109,85,24
8/9/18 17:00,197,173,24
8/9/18 18:00,156,128,28
8/9/18 19:00,71,58,13
8/9/18 20:00,27,21,6
8/9/18 21:00,25,21,4
8/9/18 22:00,18,12,6
8/9/18 23:00,12,10,2
8/10/18 0:00,7,4,3
8/10/18 1:00,2,1,1
8/10/18 2:00,1,0,1
8/10/18 3:00,0,0,0
8/10/18 4:00,8,1,7
8/10/18 5:00,24,4,20
8/10/18 6:00,67,11,56
8/10/18 7:00,157,8,149
8/10/18 8:00,113,15,98
8/10/18 9:00,53,12,41
8/10/18 10:00,33,11,22
8/10/18 11:00,38,15,23
8/10/18 12:00,27,16,11
8/10/18 13:00,35,21,14
8/10/18 14:00,49,33,16
8/10/18 15:00,53,38,15
8/10/18 16:00,111,91,20
8/10/18 17:00,176,151,25
8/10/18 18:00,85,59,26
8/10/18 19:00,46,33,13
8/10/18 20:00,37,27,10
8/10/18 21:00,11,7,4
8/10/18 22:00,9,7,2
8/10/18 23:00,17,11,6
8/11/18 0:00,22,20,2
8/11/18 1:00,8,8,0
8/11/18 2:00,3,2,1
8/11/18 3:00,3,2,1
8/11/18 4:00,5,2,3
8/11/18 5:00,7,2,5
8/11/18 6:00,16,5,11
8/11/18 7:00,22,10,12
8/11/18 8:00,28,9,19
8/11/18 9:00,38,19,19
8/11/18 10:00,43,24,19
8/11/18 11:00,71,43,28
8/11/18 12:00,97,46,51
8/11/18 13:00,167,59,108
8/11/18 14:00,186,72,114
8/11/18 15:00,191,103,88
8/11/18 16:00,184,131,53
8/11/18 17:00,150,128,22
8/11/18 18:00,117,83,34
8/11/18 19:00,176,108,68
8/11/18 20:00,89,20,69
8/11/18 21:00,107,7,100
8/11/18 22:00,175,14,161
8/11/18 23:00,87,6,81
8/12/18 0:00,23,4,19
8/12/18 1:00,4,0,4
8/12/18 2:00,2,1,1
8/12/18 3:00,2,0,2
8/12/18 4:00,5,0,5
8/12/18 5:00,4,1,3
8/12/18 6:00,6,3,3
8/12/18 7:00,22,6,16
8/12/18 8:00,32,8,24
8/12/18 9:00,47,27,20
8/12/18 10:00,47,27,20
8/12/18 11:00,55,32,23
8/12/18 12:00,47,29,18
8/12/18 13:00,51,22,29
8/12/18 14:00,61,25,36
8/12/18 15:00,64,27,37
8/12/18 16:00,67,32,35
8/12/18 17:00,63,36,27
8/12/18 18:00,51,30,21
8/12/18 19:00,11,3,8
8/12/18 20:00,14,8,6
8/12/18 21:00,13,8,5
8/12/18 22:00,15,11,4
8/12/18 23:00,3,3,0
8/13/18 0:00,0,0,0
8/13/18 1:00,0,0,0
8/13/18 2:00,2,2,0
8/13/18 3:00,2,0,2
8/13/18 4:00,3,0,3
8/13/18 5:00,30,6,24
8/13/18 6:00,81,9,72
8/13/18 7:00,179,17,162
8/13/18 8:00,142,8,134
8/13/18 9:00,76,7,69
8/13/18 10:00,29,7,22
8/13/18 11:00,30,15,15
8/13/18 12:00,32,12,20
8/13/18 13:00,34,17,17
8/13/18 14:00,33,21,12
8/13/18 15:00,47,36,11
8/13/18 16:00,129,110,19
8/13/18 17:00,224,204,20
8/13/18 18:00,117,101,16
8/13/18 19:00,71,49,22
8/13/18 20:00,22,17,5
8/13/18 21:00,17,14,3
8/13/18 22:00,8,2,6
8/13/18 23:00,4,2,2
8/14/18 0:00,10,8,2
8/14/18 1:00,4,0,4
8/14/18 2:00,3,2,1
8/14/18 3:00,4,3,1
8/14/18 4:00,4,1,3
8/14/18 5:00,30,3,27
8/14/18 6:00,84,11,73
8/14/18 7:00,186,19,167
8/14/18 8:00,160,13,147
8/14/18 9:00,65,11,54
8/14/18 10:00,34,8,26
8/14/18 11:00,16,8,8
8/14/18 12:00,18,2,16
8/14/18 13:00,20,12,8
8/14/18 14:00,33,19,14
8/14/18 15:00,48,40,8
8/14/18 16:00,117,91,26
8/14/18 17:00,192,166,26
8/14/18 18:00,115,101,14
8/14/18 19:00,50,40,10
8/14/18 20:00,33,23,10
8/14/18 21:00,12,11,1
8/14/18 22:00,12,9,3
8/14/18 23:00,2,2,0
8/15/18 0:00,2,1,1
8/15/18 1:00,3,2,1
8/15/18 2:00,3,3,0
8/15/18 3:00,2,1,1
8/15/18 4:00,10,2,8
8/15/18 5:00,28,4,24
8/15/18 6:00,84,7,77
8/15/18 7:00,158,17,141
8/15/18 8:00,137,23,114
8/15/18 9:00,58,11,47
8/15/18 10:00,27,10,17
8/15/18 11:00,31,12,19
8/15/18 12:00,23,10,13
8/15/18 13:00,24,9,15
8/15/18 14:00,21,11,10
8/15/18 15:00,48,31,17
8/15/18 16:00,108,83,25
8/15/18 17:00,172,149,23
8/15/18 18:00,91,80,11
8/15/18 19:00,62,49,13
8/15/18 20:00,35,20,15
8/15/18 21:00,20,15,5
8/15/18 22:00,7,5,2
8/15/18 23:00,6,4,2
8/16/18 0:00,4,4,0
8/16/18 1:00,3,0,3
8/16/18 2:00,1,1,0
8/16/18 3:00,4,3,1
8/16/18 4:00,9,2,7
8/16/18 5:00,23,6,17
8/16/18 6:00,81,8,73
8/16/18 7:00,134,10,124
8/16/18 8:00,134,11,123
8/16/18 9:00,48,7,41
8/16/18 10:00,34,14,20
8/16/18 11:00,21,5,16
8/16/18 12:00,14,5,9
8/16/18 13:00,21,11,10
8/16/18 14:00,27,17,10
8/16/18 15:00,53,36,17
8/16/18 16:00,103,86,17
8/16/18 17:00,175,149,26
8/16/18 18:00,100,85,15
8/16/18 19:00,51,39,12
8/16/18 20:00,33,21,12
8/16/18 21:00,16,7,9
8/16/18 22:00,14,10,4
8/16/18 23:00,5,5,0
8/17/18 0:00,2,0,2
8/17/18 1:00,2,1,1
8/17/18 2:00,3,1,2
8/17/18 3:00,2,1,1
8/17/18 4:00,3,2,1
8/17/18 5:00,26,6,20
8/17/18 6:00,68,4,64
8/17/18 7:00,105,9,96
8/17/18 8:00,119,9,110
8/17/18 9:00,45,10,35
8/17/18 10:00,33,9,24
8/17/18 11:00,29,15,14
8/17/18 12:00,28,12,16
8/17/18 13:00,33,21,12
8/17/18 14:00,48,30,18
8/17/18 15:00,71,52,19
8/17/18 16:00,132,93,39
8/17/18 17:00,150,126,24
8/17/18 18:00,66,55,11
8/17/18 19:00,39,27,12
8/17/18 20:00,30,22,8
8/17/18 21:00,20,14,6
8/17/18 22:00,19,12,7
8/17/18 23:00,10,8,2
8/18/18 0:00,5,2,3
8/18/18 1:00,4,3,1
8/18/18 2:00,7,5,2
8/18/18 3:00,2,2,0
8/18/18 4:00,1,1,0
8/18/18 5:00,8,1,7
8/18/18 6:00,9,2,7
8/18/18 7:00,23,11,12
8/18/18 8:00,23,4,19
8/18/18 9:00,38,18,20
8/18/18 10:00,61,33,28
8/18/18 11:00,61,27,34
8/18/18 12:00,69,26,43
8/18/18 13:00,91,40,51
8/18/18 14:00,69,29,40
8/18/18 15:00,89,48,41
8/18/18 16:00,60,33,27
8/18/18 17:00,69,37,32
8/18/18 18:00,60,42,18
8/18/18 19:00,36,19,17
8/18/18 20:00,22,12,10
8/18/18 21:00,12,10,2
8/18/18 22:00,9,5,4
8/18/18 23:00,6,5,1
8/19/18 0:00,5,3,2
8/19/18 1:00,8,4,4
8/19/18 2:00,1,1,0
8/19/18 3:00,0,0,0
8/19/18 4:00,1,0,1
8/19/18 5:00,8,3,5
8/19/18 6:00,9,3,6
8/19/18 7:00,18,4,14
8/19/18 8:00,20,8,12
8/19/18 9:00,40,19,21
8/19/18 10:00,43,20,23
8/19/18 11:00,66,34,32
8/19/18 12:00,68,34,34
8/19/18 13:00,52,20,32
8/19/18 14:00,67,28,39
8/19/18 15:00,44,29,15
8/19/18 16:00,38,23,15
8/19/18 17:00,25,15,10
8/19/18 18:00,23,16,7
8/19/18 19:00,15,6,9
8/19/18 20:00,5,5,0
8/19/18 21:00,5,3,2
8/19/18 22:00,5,5,0
8/19/18 23:00,5,5,0
8/20/18 0:00,2,0,2
8/20/18 1:00,1,0,1
8/20/18 2:00,1,1,0
8/20/18 3:00,2,2,0
8/20/18 4:00,6,1,5
8/20/18 5:00,20,4,16
8/20/18 6:00,62,14,48
8/20/18 7:00,122,10,112
8/20/18 8:00,96,4,92
8/20/18 9:00,42,8,34
8/20/18 10:00,29,9,20
8/20/18 11:00,22,8,14
8/20/18 12:00,17,4,13
8/20/18 13:00,21,15,6
8/20/18 14:00,25,13,12
8/20/18 15:00,39,23,16
8/20/18 16:00,72,56,16
8/20/18 17:00,114,91,23
8/20/18 18:00,60,55,5
8/20/18 19:00,33,27,6
8/20/18 20:00,12,8,4
8/20/18 21:00,13,8,5
8/20/18 22:00,9,7,2
8/20/18 23:00,9,8,1
8/21/18 0:00,6,5,1
8/21/18 1:00,1,0,1
8/21/18 2:00,1,1,0
8/21/18 3:00,4,3,1
8/21/18 4:00,4,1,3
8/21/18 5:00,19,5,14
8/21/18 6:00,38,12,26
8/21/18 7:00,71,9,62
8/21/18 8:00,63,1,62
8/21/18 9:00,37,6,31
8/21/18 10:00,16,4,12
8/21/18 11:00,7,5,2
8/21/18 12:00,8,2,6
8/21/18 13:00,7,4,3
8/21/18 14:00,14,7,7
8/21/18 15:00,28,18,10
8/21/18 16:00,58,46,12
8/21/18 17:00,73,69,4
8/21/18 18:00,49,43,6
8/21/18 19:00,24,17,7
8/21/18 20:00,14,6,8
8/21/18 21:00,11,8,3
8/21/18 22:00,6,5,1
8/21/18 23:00,5,4,1
8/22/18 0:00,5,3,2
8/22/18 1:00,1,0,1
8/22/18 2:00,0,0,0
8/22/18 3:00,1,1,0
8/22/18 4:00,5,2,3
8/22/18 5:00,14,1,13
8/22/18 6:00,46,8,38
8/22/18 7:00,68,6,62
8/22/18 8:00,64,3,61
8/22/18 9:00,30,5,25
8/22/18 10:00,20,5,15
8/22/18 11:00,16,3,13
8/22/18 12:00,11,7,4
8/22/18 13:00,11,6,5
8/22/18 14:00,14,11,3
8/22/18 15:00,26,21,5
8/22/18 16:00,61,47,14
8/22/18 17:00,82,71,11
8/22/18 18:00,60,50,10
8/22/18 19:00,27,23,4
8/22/18 20:00,19,16,3
8/22/18 21:00,15,10,5
8/22/18 22:00,4,4,0
8/22/18 23:00,4,2,2
8/23/18 0:00,4,3,1
8/23/18 1:00,2,1,1
8/23/18 2:00,4,4,0
8/23/18 3:00,3,3,0
8/23/18 4:00,10,2,8
8/23/18 5:00,14,1,13
8/23/18 6:00,50,8,42
8/23/18 7:00,92,6,86
8/23/18 8:00,95,5,90
8/23/18 9:00,43,5,38
8/23/18 10:00,25,5,20
8/23/18 11:00,17,8,9
8/23/18 12:00,19,8,11
8/23/18 13:00,30,19,11
8/23/18 14:00,23,11,12
8/23/18 15:00,41,26,15
8/23/18 16:00,82,63,19
8/23/18 17:00,123,98,25
8/23/18 18:00,97,77,20
8/23/18 19:00,74,64,10
8/23/18 20:00,25,20,5
8/23/18 21:00,40,13,27
8/23/18 22:00,7,6,1
8/23/18 23:00,7,5,2
8/24/18 0:00,3,3,0
8/24/18 1:00,4,1,3
8/24/18 2:00,2,1,1
8/24/18 3:00,1,1,0
8/24/18 4:00,9,5,4
8/24/18 5:00,25,4,21
8/24/18 6:00,62,10,52
8/24/18 7:00,94,6,88
8/24/18 8:00,96,14,82
8/24/18 9:00,47,4,43
8/24/18 10:00,26,8,18
8/24/18 11:00,24,13,11
8/24/18 12:00,22,8,14
8/24/18 13:00,30,14,16
8/24/18 14:00,28,18,10
8/24/18 15:00,39,29,10
8/24/18 16:00,98,76,22
8/24/18 17:00,111,91,20
8/24/18 18:00,70,57,13
8/24/18 19:00,34,23,11
8/24/18 20:00,21,18,3
8/24/18 21:00,11,6,5
8/24/18 22:00,10,9,1
8/24/18 23:00,8,6,2
8/25/18 0:00,13,10,3
8/25/18 1:00,1,1,0
8/25/18 2:00,1,0,1
8/25/18 3:00,1,1,0
8/25/18 4:00,2,1,1
8/25/18 5:00,4,2,2
8/25/18 6:00,7,0,7
8/25/18 7:00,9,4,5
8/25/18 8:00,25,4,21
8/25/18 9:00,24,10,14
8/25/18 10:00,28,13,15
8/25/18 11:00,42,30,12
8/25/18 12:00,46,12,34
8/25/18 13:00,21,12,9
8/25/18 14:00,40,18,22
8/25/18 15:00,38,23,15
8/25/18 16:00,32,13,19
8/25/18 17:00,26,18,8
8/25/18 18:00,16,6,10
8/25/18 19:00,17,9,8
8/25/18 20:00,15,7,8
8/25/18 21:00,4,1,3
8/25/18 22:00,4,1,3
8/25/18 23:00,11,8,3
8/26/18 0:00,14,13,1
8/26/18 1:00,4,2,2
8/26/18 2:00,8,6,2
8/26/18 3:00,0,0,0
8/26/18 4:00,1,1,0
8/26/18 5:00,5,1,4
8/26/18 6:00,7,4,3
8/26/18 7:00,5,3,2
8/26/18 8:00,22,9,13
8/26/18 9:00,32,12,20
8/26/18 10:00,37,15,22
8/26/18 11:00,43,26,17
8/26/18 12:00,45,23,22
8/26/18 13:00,39,25,14
8/26/18 14:00,33,11,22
8/26/18 15:00,35,21,14
8/26/18 16:00,33,20,13
8/26/18 17:00,14,7,7
8/26/18 18:00,13,8,5
8/26/18 19:00,8,5,3
8/26/18 20:00,6,3,3
8/26/18 21:00,2,2,0
8/26/18 22:00,3,0,3
8/26/18 23:00,3,3,0
8/27/18 0:00,3,2,1
8/27/18 1:00,2,1,1
8/27/18 2:00,0,0,0
8/27/18 3:00,1,0,1
8/27/18 4:00,9,0,9
8/27/18 5:00,17,3,14
8/27/18 6:00,74,6,68
8/27/18 7:00,153,18,135
8/27/18 8:00,123,13,110
8/27/18 9:00,49,2,47
8/27/18 10:00,35,15,20
8/27/18 11:00,22,10,12
8/27/18 12:00,23,10,13
8/27/18 13:00,32,16,16
8/27/18 14:00,42,20,22
8/27/18 15:00,52,34,18
8/27/18 16:00,111,94,17
8/27/18 17:00,163,148,15
8/27/18 18:00,113,102,11
8/27/18 19:00,48,35,13
8/27/18 20:00,25,15,10
8/27/18 21:00,17,12,5
8/27/18 22:00,6,4,2
8/27/18 23:00,9,8,1
8/28/18 0:00,4,3,1
8/28/18 1:00,1,0,1
8/28/18 2:00,0,0,0
8/28/18 3:00,1,1,0
8/28/18 4:00,9,1,8
8/28/18 5:00,31,6,25
8/28/18 6:00,95,13,82
8/28/18 7:00,168,16,152
8/28/18 8:00,161,16,145
8/28/18 9:00,62,11,51
8/28/18 10:00,39,9,30
8/28/18 11:00,34,17,17
8/28/18 12:00,26,15,11
8/28/18 13:00,27,11,16
8/28/18 14:00,43,23,20
8/28/18 15:00,65,48,17
8/28/18 16:00,149,121,28
8/28/18 17:00,203,170,33
8/28/18 18:00,126,99,27
8/28/18 19:00,58,50,8
8/28/18 20:00,32,23,9
8/28/18 21:00,19,12,7
8/28/18 22:00,10,6,4
8/28/18 23:00,15,10,5
8/29/18 0:00,2,1,1
8/29/18 1:00,1,1,0
8/29/18 2:00,1,0,1
8/29/18 3:00,2,1,1
8/29/18 4:00,8,3,5
8/29/18 5:00,22,5,17
8/29/18 6:00,95,13,82
8/29/18 7:00,167,17,150
8/29/18 8:00,137,16,121
8/29/18 9:00,61,8,53
8/29/18 10:00,34,7,27
8/29/18 11:00,26,6,20
8/29/18 12:00,31,21,10
8/29/18 13:00,30,15,15
8/29/18 14:00,34,16,18
8/29/18 15:00,53,38,15
8/29/18 16:00,102,79,23
8/29/18 17:00,185,166,19
8/29/18 18:00,127,94,33
8/29/18 19:00,38,28,10
8/29/18 20:00,24,16,8
8/29/18 21:00,21,19,2
8/29/18 22:00,16,7,9
8/29/18 23:00,8,5,3
8/30/18 0:00,2,1,1
8/30/18 1:00,2,0,2
8/30/18 2:00,1,0,1
8/30/18 3:00,5,5,0
8/30/18 4:00,7,2,5
8/30/18 5:00,30,6,24
8/30/18 6:00,65,9,56
8/30/18 7:00,129,13,116
8/30/18 8:00,124,14,110
8/30/18 9:00,58,10,48
8/30/18 10:00,19,7,12
8/30/18 11:00,25,8,17
8/30/18 12:00,19,9,10
8/30/18 13:00,32,14,18
8/30/18 14:00,38,23,15
8/30/18 15:00,53,34,19
8/30/18 16:00,90,69,21
8/30/18 17:00,153,139,14
8/30/18 18:00,98,88,10
8/30/18 19:00,44,30,14
8/30/18 20:00,22,20,2
8/30/18 21:00,12,7,5
8/30/18 22:00,20,17,3
8/30/18 23:00,7,6,1
8/31/18 0:00,5,2,3
8/31/18 1:00,2,2,0
8/31/18 2:00,2,1,1
8/31/18 3:00,3,2,1
8/31/18 4:00,5,2,3
8/31/18 5:00,23,5,18
8/31/18 6:00,58,12,46
8/31/18 7:00,116,12,104
8/31/18 8:00,110,13,97
8/31/18 9:00,46,7,39
8/31/18 10:00,26,11,15
8/31/18 11:00,30,10,20
8/31/18 12:00,30,11,19
8/31/18 13:00,35,24,11
8/31/18 14:00,42,26,16
8/31/18 15:00,88,59,29
8/31/18 16:00,85,63,22
8/31/18 17:00,115,102,13
8/31/18 18:00,72,60,12
8/31/18 19:00,46,29,17
8/31/18 20:00,30,13,17
8/31/18 21:00,21,13,8
8/31/18 22:00,8,5,3
8/31/18 23:00,14,10,4
9/1/18 0:00,15,11,4
9/1/18 1:00,3,2,1
9/1/18 2:00,2,1,1
9/1/18 3:00,5,3,2
9/1/18 4:00,3,2,1
9/1/18 5:00,6,3,3
9/1/18 6:00,15,4,11
9/1/18 7:00,34,18,16
9/1/18 8:00,43,15,28
9/1/18 9:00,49,29,20
9/1/18 10:00,51,21,30
9/1/18 11:00,49,22,27
9/1/18 12:00,66,19,47
9/1/18 13:00,56,26,30
9/1/18 14:00,48,23,25
9/1/18 15:00,57,30,27
9/1/18 16:00,34,19,15
9/1/18 17:00,41,23,18
9/1/18 18:00,33,9,24
9/1/18 19:00,15,7,8
9/1/18 20:00,25,13,12
9/1/18 21:00,9,5,4
9/1/18 22:00,5,3,2
9/1/18 23:00,18,16,2
9/2/18 0:00,7,7,0
9/2/18 1:00,5,3,2
9/2/18 2:00,2,1,1
9/2/18 3:00,1,1,0
9/2/18 4:00,2,2,0
9/2/18 5:00,5,0,5
9/2/18 6:00,6,3,3
9/2/18 7:00,6,3,3
9/2/18 8:00,16,8,8
9/2/18 9:00,20,6,14
9/2/18 10:00,69,26,43
9/2/18 11:00,61,34,27
9/2/18 12:00,49,23,26
9/2/18 13:00,62,31,31
9/2/18 14:00,64,30,34
9/2/18 15:00,55,29,26
9/2/18 16:00,59,30,29
9/2/18 17:00,38,20,18
9/2/18 18:00,29,16,13
9/2/18 19:00,17,11,6
9/2/18 20:00,13,8,5
9/2/18 21:00,9,3,6
9/2/18 22:00,6,2,4
9/2/18 23:00,7,6,1
9/3/18 0:00,4,3,1
9/3/18 1:00,5,2,3
9/3/18 2:00,3,2,1
9/3/18 3:00,1,0,1
9/3/18 4:00,3,2,1
9/3/18 5:00,5,1,4
9/3/18 6:00,7,1,6
9/3/18 7:00,9,3,6
9/3/18 8:00,27,4,23
9/3/18 9:00,52,22,30
9/3/18 10:00,65,29,36
9/3/18 11:00,69,44,25
9/3/18 12:00,71,32,39
9/3/18 13:00,69,40,29
9/3/18 14:00,82,44,38
9/3/18 15:00,55,21,34
9/3/18 16:00,54,26,28
9/3/18 17:00,55,26,29
9/3/18 18:00,29,14,15
9/3/18 19:00,28,16,12
9/3/18 20:00,28,16,12
9/3/18 21:00,17,8,9
9/3/18 22:00,8,6,2
9/3/18 23:00,5,1,4
9/4/18 0:00,1,0,1
9/4/18 1:00,2,2,0
9/4/18 2:00,2,2,0
9/4/18 3:00,2,2,0
9/4/18 4:00,10,2,8
9/4/18 5:00,28,3,25
9/4/18 6:00,82,13,69
9/4/18 7:00,174,15,159
9/4/18 8:00,169,16,153
9/4/18 9:00,71,6,65
9/4/18 10:00,36,9,27
9/4/18 11:00,24,7,17
9/4/18 12:00,20,8,12
9/4/18 13:00,25,11,14
9/4/18 14:00,40,23,17
9/4/18 15:00,50,41,9
9/4/18 16:00,134,106,28
9/4/18 17:00,215,180,35
9/4/18 18:00,142,125,17
9/4/18 19:00,59,47,12
9/4/18 20:00,21,17,4
9/4/18 21:00,11,9,2
9/4/18 22:00,12,7,5
9/4/18 23:00,7,7,0
9/5/18 0:00,3,1,2
9/5/18 1:00,5,3,2
9/5/18 2:00,3,2,1
9/5/18 3:00,1,0,1
9/5/18 4:00,7,2,5
9/5/18 5:00,37,6,31
9/5/18 6:00,92,11,81
9/5/18 7:00,166,14,152
9/5/18 8:00,174,20,154
9/5/18 9:00,82,12,70
9/5/18 10:00,38,12,26
9/5/18 11:00,27,9,18
9/5/18 12:00,21,11,10
9/5/18 13:00,40,18,22
9/5/18 14:00,30,21,9
9/5/18 15:00,53,35,18
9/5/18 16:00,125,95,30
9/5/18 17:00,237,196,41
9/5/18 18:00,141,120,21
9/5/18 19:00,51,41,10
9/5/18 20:00,38,28,10
9/5/18 21:00,16,12,4
9/5/18 22:00,14,12,2
9/5/18 23:00,5,4,1
9/6/18 0:00,3,1,2
9/6/18 1:00,3,1,2
9/6/18 2:00,1,1,0
9/6/18 3:00,2,2,0
9/6/18 4:00,9,2,7
9/6/18 5:00,30,3,27
9/6/18 6:00,90,12,78
9/6/18 7:00,177,17,160
9/6/18 8:00,181,14,167
9/6/18 9:00,59,8,51
9/6/18 10:00,23,3,20
9/6/18 11:00,26,10,16
9/6/18 12:00,30,11,19
9/6/18 13:00,31,14,17
9/6/18 14:00,33,20,13
9/6/18 15:00,56,38,18
9/6/18 16:00,108,90,18
9/6/18 17:00,190,168,22
9/6/18 18:00,158,136,22
9/6/18 19:00,84,74,10
9/6/18 20:00,25,17,8
9/6/18 21:00,12,8,4
9/6/18 22:00,17,10,7
9/6/18 23:00,15,2,13
9/7/18 0:00,2,2,0
9/7/18 1:00,4,2,2
9/7/18 2:00,1,1,0
9/7/18 3:00,1,1,0
9/7/18 4:00,7,2,5
9/7/18 5:00,26,5,21
9/7/18 6:00,63,10,53
9/7/18 7:00,132,10,122
9/7/18 8:00,146,14,132
9/7/18 9:00,51,7,44
9/7/18 10:00,22,5,17
9/7/18 11:00,24,9,15
9/7/18 12:00,18,7,11
9/7/18 13:00,29,21,8
9/7/18 14:00,41,24,17
9/7/18 15:00,59,43,16
9/7/18 16:00,113,99,14
9/7/18 17:00,153,136,17
9/7/18 18:00,83,64,19
9/7/18 19:00,27,18,9
9/7/18 20:00,8,6,2
9/7/18 21:00,10,8,2
9/7/18 22:00,8,7,1
9/7/18 23:00,13,12,1
9/8/18 0:00,4,3,1
9/8/18 1:00,3,3,0
9/8/18 2:00,2,1,1
9/8/18 3:00,1,0,1
9/8/18 4:00,5,2,3
9/8/18 5:00,10,3,7
9/8/18 6:00,6,1,5
9/8/18 7:00,17,9,8
9/8/18 8:00,15,3,12
9/8/18 9:00,17,7,10
9/8/18 10:00,32,19,13
9/8/18 11:00,50,15,35
9/8/18 12:00,51,23,28
9/8/18 13:00,51,29,22
9/8/18 14:00,42,23,19
9/8/18 15:00,48,17,31
9/8/18 16:00,38,21,17
9/8/18 17:00,23,17,6
9/8/18 18:00,25,19,6
9/8/18 19:00,11,9,2
9/8/18 20:00,16,7,9
9/8/18 21:00,9,7,2
9/8/18 22:00,12,7,5
9/8/18 23:00,6,3,3
9/9/18 0:00,6,3,3
9/9/18 1:00,2,1,1
9/9/18 2:00,4,1,3
9/9/18 3:00,1,1,0
9/9/18 4:00,0,0,0
9/9/18 5:00,5,1,4
9/9/18 6:00,7,2,5
9/9/18 7:00,27,8,19
9/9/18 8:00,16,4,12
9/9/18 9:00,32,10,22
9/9/18 10:00,34,19,15
9/9/18 11:00,39,16,23
9/9/18 12:00,69,35,34
9/9/18 13:00,43,21,22
9/9/18 14:00,45,17,28
9/9/18 15:00,52,39,13
9/9/18 16:00,44,28,16
9/9/18 17:00,48,30,18
9/9/18 18:00,17,13,4
9/9/18 19:00,12,11,1
9/9/18 20:00,0,0,0
9/9/18 21:00,0,0,0
9/9/18 22:00,3,2,1
9/9/18 23:00,0,0,0
9/10/18 0:00,0,0,0
9/10/18 1:00,0,0,0
9/10/18 2:00,0,0,0
9/10/18 3:00,0,0,0
9/10/18 4:00,0,0,0
9/10/18 5:00,0,0,0
9/10/18 6:00,0,0,0
9/10/18 7:00,65,10,55
9/10/18 8:00,33,5,28
9/10/18 9:00,65,8,57
9/10/18 10:00,26,12,14
9/10/18 11:00,18,8,10
9/10/18 12:00,22,11,11
9/10/18 13:00,30,16,14
9/10/18 14:00,22,12,10
9/10/18 15:00,39,27,12
9/10/18 16:00,103,84,19
9/10/18 17:00,176,157,19
9/10/18 18:00,110,103,7
9/10/18 19:00,37,29,8
9/10/18 20:00,18,16,2
9/10/18 21:00,10,8,2
9/10/18 22:00,6,4,2
9/10/18 23:00,4,3,1
9/11/18 0:00,3,2,1
9/11/18 1:00,0,0,0
9/11/18 2:00,0,0,0
9/11/18 3:00,3,3,0
9/11/18 4:00,9,4,5
9/11/18 5:00,27,1,26
9/11/18 6:00,68,12,56
9/11/18 7:00,134,15,119
9/11/18 8:00,140,6,134
9/11/18 9:00,62,12,50
9/11/18 10:00,24,11,13
9/11/18 11:00,20,7,13
9/11/18 12:00,17,8,9
9/11/18 13:00,25,9,16
9/11/18 14:00,27,15,12
9/11/18 15:00,44,30,14
9/11/18 16:00,104,86,18
9/11/18 17:00,167,152,15
9/11/18 18:00,108,81,27
9/11/18 19:00,45,41,4
9/11/18 20:00,25,18,7
9/11/18 21:00,18,12,6
9/11/18 22:00,11,8,3
9/11/18 23:00,4,4,0
9/12/18 0:00,1,1,0
9/12/18 1:00,4,2,2
9/12/18 2:00,2,0,2
9/12/18 3:00,1,1,0
9/12/18 4:00,3,1,2
9/12/18 5:00,26,2,24
9/12/18 6:00,85,15,70
9/12/18 7:00,121,14,107
9/12/18 8:00,132,13,119
9/12/18 9:00,61,10,51
9/12/18 10:00,30,10,20
9/12/18 11:00,23,6,17
9/12/18 12:00,20,5,15
9/12/18 13:00,17,12,5
9/12/18 14:00,27,17,10
9/12/18 15:00,42,28,14
9/12/18 16:00,91,76,15
9/12/18 17:00,175,154,21
9/12/18 18:00,95,78,17
9/12/18 19:00,46,38,8
9/12/18 20:00,41,28,13
9/12/18 21:00,16,11,5
9/12/18 22:00,7,6,1
9/12/18 23:00,9,7,2
9/13/18 0:00,1,1,0
9/13/18 1:00,4,1,3
9/13/18 2:00,3,3,0
9/13/18 3:00,2,1,1
9/13/18 4:00,3,1,2
9/13/18 5:00,30,2,28
9/13/18 6:00,71,16,55
9/13/18 7:00,122,11,111
9/13/18 8:00,129,1,128
9/13/18 9:00,60,13,47
9/13/18 10:00,30,5,25
9/13/18 11:00,21,7,14
9/13/18 12:00,26,13,13
9/13/18 13:00,14,5,9
9/13/18 14:00,32,21,11
9/13/18 15:00,45,27,18
9/13/18 16:00,95,81,14
9/13/18 17:00,151,133,18
9/13/18 18:00,85,74,11
9/13/18 19:00,35,28,7
9/13/18 20:00,26,18,8
9/13/18 21:00,6,4,2
9/13/18 22:00,7,5,2
9/13/18 23:00,5,5,0
9/14/18 0:00,3,3,0
9/14/18 1:00,0,0,0
9/14/18 2:00,0,0,0
9/14/18 3:00,3,3,0
9/14/18 4:00,3,1,2
9/14/18 5:00,16,3,13
9/14/18 6:00,48,5,43
9/14/18 7:00,66,5,61
9/14/18 8:00,85,5,80
9/14/18 9:00,34,9,25
9/14/18 10:00,15,3,12
9/14/18 11:00,11,5,6
9/14/18 12:00,14,8,6
9/14/18 13:00,38,16,22
9/14/18 14:00,17,14,3
9/14/18 15:00,39,29,10
9/14/18 16:00,65,47,18
9/14/18 17:00,107,94,13
9/14/18 18:00,45,37,8
9/14/18 19:00,28,19,9
9/14/18 20:00,9,7,2
9/14/18 21:00,8,7,1
9/14/18 22:00,3,2,1
9/14/18 23:00,12,11,1
9/15/18 0:00,10,5,5
9/15/18 1:00,5,4,1
9/15/18 2:00,1,1,0
9/15/18 3:00,0,0,0
9/15/18 4:00,3,2,1
9/15/18 5:00,5,0,5
9/15/18 6:00,7,3,4
9/15/18 7:00,12,5,7
9/15/18 8:00,23,8,15
9/15/18 9:00,23,8,15
9/15/18 10:00,28,10,18
9/15/18 11:00,39,19,20
9/15/18 12:00,50,22,28
9/15/18 13:00,33,15,18
9/15/18 14:00,40,21,19
9/15/18 15:00,34,16,18
9/15/18 16:00,19,8,11
9/15/18 17:00,17,9,8
9/15/18 18:00,9,6,3
9/15/18 19:00,5,3,2
9/15/18 20:00,9,5,4
9/15/18 21:00,3,0,3
9/15/18 22:00,7,2,5
9/15/18 23:00,6,4,2
9/16/18 0:00,1,0,1
9/16/18 1:00,4,1,3
9/16/18 2:00,1,1,0
9/16/18 3:00,0,0,0
9/16/18 4:00,2,2,0
9/16/18 5:00,3,0,3
9/16/18 6:00,3,2,1
9/16/18 7:00,2,0,2
9/16/18 8:00,10,5,5
9/16/18 9:00,12,6,6
9/16/18 10:00,12,5,7
9/16/18 11:00,22,11,11
9/16/18 12:00,26,8,18
9/16/18 13:00,25,13,12
9/16/18 14:00,23,8,15
9/16/18 15:00,32,17,15
9/16/18 16:00,37,19,18
9/16/18 17:00,40,20,20
9/16/18 18:00,29,19,10
9/16/18 19:00,12,5,7
9/16/18 20:00,9,5,4
9/16/18 21:00,5,2,3
9/16/18 22:00,15,9,6
9/16/18 23:00,6,2,4
9/17/18 0:00,3,3,0
9/17/18 1:00,0,0,0
9/17/18 2:00,1,1,0
9/17/18 3:00,1,1,0
9/17/18 4:00,4,0,4
9/17/18 5:00,23,4,19
9/17/18 6:00,88,13,75
9/17/18 7:00,160,14,146
9/17/18 8:00,142,17,125
9/17/18 9:00,81,10,71
9/17/18 10:00,23,5,18
9/17/18 11:00,23,12,11
9/17/18 12:00,22,7,15
9/17/18 13:00,22,10,12
9/17/18 14:00,31,13,18
9/17/18 15:00,51,35,16
9/17/18 16:00,139,115,24
9/17/18 17:00,206,179,27
9/17/18 18:00,98,85,13
9/17/18 19:00,43,35,8
9/17/18 20:00,24,16,8
9/17/18 21:00,16,11,5
9/17/18 22:00,5,3,2
9/17/18 23:00,7,6,1
9/18/18 0:00,1,1,0
9/18/18 1:00,2,1,1
9/18/18 2:00,2,2,0
9/18/18 3:00,0,0,0
9/18/18 4:00,9,3,6
9/18/18 5:00,27,2,25
9/18/18 6:00,88,12,76
9/18/18 7:00,164,15,149
9/18/18 8:00,158,10,148
9/18/18 9:00,60,7,53
9/18/18 10:00,21,7,14
9/18/18 11:00,32,18,14
9/18/18 12:00,24,12,12
9/18/18 13:00,30,16,14
9/18/18 14:00,21,9,12
9/18/18 15:00,67,45,22
9/18/18 16:00,121,89,32
9/18/18 17:00,206,174,32
9/18/18 18:00,122,102,20
9/18/18 19:00,44,32,12
9/18/18 20:00,22,17,5
9/18/18 21:00,24,19,5
9/18/18 22:00,7,6,1
9/18/18 23:00,10,7,3
9/19/18 0:00,5,5,0
9/19/18 1:00,3,1,2
9/19/18 2:00,0,0,0
9/19/18 3:00,2,2,0
9/19/18 4:00,4,1,3
9/19/18 5:00,26,3,23
9/19/18 6:00,73,7,66
9/19/18 7:00,163,12,151
9/19/18 8:00,158,10,148
9/19/18 9:00,53,4,49
9/19/18 10:00,33,9,24
9/19/18 11:00,18,6,12
9/19/18 12:00,14,6,8
9/19/18 13:00,25,7,18
9/19/18 14:00,39,26,13
9/19/18 15:00,60,47,13
9/19/18 16:00,110,81,29
9/19/18 17:00,197,162,35
9/19/18 18:00,118,101,17
9/19/18 19:00,47,36,11
9/19/18 20:00,17,14,3
9/19/18 21:00,15,12,3
9/19/18 22:00,13,9,4
9/19/18 23:00,4,4,0
9/20/18 0:00,2,1,1
9/20/18 1:00,3,3,0
9/20/18 2:00,2,2,0
9/20/18 3:00,0,0,0
9/20/18 4:00,4,2,2
9/20/18 5:00,24,4,20
9/20/18 6:00,68,13,55
9/20/18 7:00,126,13,113
9/20/18 8:00,127,8,119
9/20/18 9:00,49,6,43
9/20/18 10:00,28,4,24
9/20/18 11:00,10,6,4
9/20/18 12:00,17,2,15
9/20/18 13:00,33,20,13
9/20/18 14:00,28,14,14
9/20/18 15:00,42,36,6
9/20/18 16:00,103,77,26
9/20/18 17:00,144,125,19
9/20/18 18:00,88,75,13
9/20/18 19:00,35,27,8
9/20/18 20:00,15,13,2
9/20/18 21:00,8,4,4
9/20/18 22:00,11,7,4
9/20/18 23:00,7,6,1
9/21/18 0:00,2,1,1
9/21/18 1:00,0,0,0
9/21/18 2:00,0,0,0
9/21/18 3:00,3,2,1
9/21/18 4:00,6,2,4
9/21/18 5:00,19,5,14
9/21/18 6:00,45,9,36
9/21/18 7:00,102,11,91
9/21/18 8:00,115,9,106
9/21/18 9:00,54,9,45
9/21/18 10:00,23,7,16
9/21/18 11:00,41,23,18
9/21/18 12:00,34,8,26
9/21/18 13:00,36,16,20
9/21/18 14:00,37,22,15
9/21/18 15:00,50,40,10
9/21/18 16:00,91,71,20
9/21/18 17:00,131,113,18
9/21/18 18:00,49,39,10
9/21/18 19:00,22,19,3
9/21/18 20:00,11,10,1
9/21/18 21:00,8,5,3
9/21/18 22:00,5,2,3
9/21/18 23:00,1,1,0
9/22/18 0:00,4,3,1
9/22/18 1:00,0,0,0
9/22/18 2:00,5,3,2
9/22/18 3:00,3,2,1
9/22/18 4:00,4,2,2
9/22/18 5:00,5,0,5
9/22/18 6:00,8,2,6
9/22/18 7:00,7,1,6
9/22/18 8:00,26,9,17
9/22/18 9:00,17,9,8
9/22/18 10:00,21,5,16
9/22/18 11:00,23,10,13
9/22/18 12:00,37,14,23
9/22/18 13:00,31,16,15
9/22/18 14:00,49,26,23
9/22/18 15:00,35,17,18
9/22/18 16:00,33,15,18
9/22/18 17:00,19,12,7
9/22/18 18:00,25,11,14
9/22/18 19:00,15,9,6
9/22/18 20:00,12,5,7
9/22/18 21:00,4,2,2
9/22/18 22:00,4,2,2
9/22/18 23:00,12,11,1
9/23/18 0:00,3,3,0
9/23/18 1:00,3,1,2
9/23/18 2:00,0,0,0
9/23/18 3:00,2,2,0
9/23/18 4:00,0,0,0
9/23/18 5:00,3,0,3
9/23/18 6:00,7,3,4
9/23/18 7:00,11,0,11
9/23/18 8:00,23,12,11
9/23/18 9:00,19,8,11
9/23/18 10:00,47,24,23
9/23/18 11:00,44,25,19
9/23/18 12:00,60,27,33
9/23/18 13:00,63,25,38
9/23/18 14:00,47,27,20
9/23/18 15:00,59,30,29
9/23/18 16:00,29,12,17
9/23/18 17:00,61,39,22
9/23/18 18:00,32,18,14
9/23/18 19:00,16,13,3
9/23/18 20:00,9,4,5
9/23/18 21:00,9,6,3
9/23/18 22:00,5,4,1
9/23/18 23:00,10,5,5
9/24/18 0:00,3,2,1
9/24/18 1:00,2,1,1
9/24/18 2:00,3,2,1
9/24/18 3:00,1,0,1
9/24/18 4:00,6,1,5
9/24/18 5:00,20,2,18
9/24/18 6:00,87,15,72
9/24/18 7:00,158,13,145
9/24/18 8:00,169,17,152
9/24/18 9:00,60,8,52
9/24/18 10:00,26,6,20
9/24/18 11:00,22,8,14
9/24/18 12:00,16,6,10
9/24/18 13:00,23,12,11
9/24/18 14:00,29,21,8
9/24/18 15:00,59,42,17
9/24/18 16:00,111,79,32
9/24/18 17:00,200,182,18
9/24/18 18:00,119,101,18
9/24/18 19:00,42,37,5
9/24/18 20:00,19,12,7
9/24/18 21:00,10,7,3
9/24/18 22:00,10,8,2
9/24/18 23:00,7,6,1
9/25/18 0:00,1,1,0
9/25/18 1:00,1,1,0
9/25/18 2:00,1,1,0
9/25/18 3:00,1,1,0
9/25/18 4:00,8,2,6
9/25/18 5:00,26,3,23
9/25/18 6:00,97,17,80
9/25/18 7:00,172,13,159
9/25/18 8:00,171,8,163
9/25/18 9:00,59,6,53
9/25/18 10:00,26,9,17
9/25/18 11:00,38,12,26
9/25/18 12:00,27,13,14
9/25/18 13:00,22,10,12
9/25/18 14:00,40,25,15
9/25/18 15:00,64,41,23
9/25/18 16:00,125,100,25
9/25/18 17:00,191,176,15
9/25/18 18:00,131,112,19
9/25/18 19:00,51,44,7
9/25/18 20:00,27,16,11
9/25/18 21:00,13,7,6
9/25/18 22:00,13,11,2
9/25/18 23:00,4,3,1
9/26/18 0:00,4,3,1
9/26/18 1:00,0,0,0
9/26/18 2:00,0,0,0
9/26/18 3:00,2,2,0
9/26/18 4:00,6,4,2
9/26/18 5:00,30,3,27
9/26/18 6:00,86,15,71
9/26/18 7:00,163,8,155
9/26/18 8:00,156,5,151
9/26/18 9:00,70,10,60
9/26/18 10:00,21,6,15
9/26/18 11:00,20,11,9
9/26/18 12:00,24,11,13
9/26/18 13:00,23,11,12
9/26/18 14:00,45,20,25
9/26/18 15:00,43,31,12
9/26/18 16:00,124,95,29
9/26/18 17:00,209,184,25
9/26/18 18:00,138,115,23
9/26/18 19:00,38,31,7
9/26/18 20:00,23,19,4
9/26/18 21:00,19,11,8
9/26/18 22:00,9,8,1
9/26/18 23:00,10,8,2
9/27/18 0:00,5,4,1
9/27/18 1:00,3,1,2
9/27/18 2:00,4,1,3
9/27/18 3:00,7,6,1
9/27/18 4:00,3,0,3
9/27/18 5:00,32,2,30
9/27/18 6:00,84,11,73
9/27/18 7:00,130,6,124
9/27/18 8:00,159,8,151
9/27/18 9:00,60,7,53
9/27/18 10:00,31,7,24
9/27/18 11:00,23,9,14
9/27/18 12:00,23,9,14
9/27/18 13:00,22,7,15
9/27/18 14:00,24,14,10
9/27/18 15:00,55,39,16
9/27/18 16:00,114,88,26
9/27/18 17:00,197,173,24
9/27/18 18:00,113,98,15
9/27/18 19:00,53,33,20
9/27/18 20:00,30,16,14
9/27/18 21:00,11,9,2
9/27/18 22:00,16,13,3
9/27/18 23:00,7,6,1
9/28/18 0:00,4,3,1
9/28/18 1:00,3,2,1
9/28/18 2:00,5,3,2
9/28/18 3:00,4,2,2
9/28/18 4:00,4,1,3
9/28/18 5:00,21,4,17
9/28/18 6:00,55,10,45
9/28/18 7:00,129,9,120
9/28/18 8:00,136,16,120
9/28/18 9:00,68,15,53
9/28/18 10:00,42,15,27
9/28/18 11:00,27,8,19
9/28/18 12:00,29,13,16
9/28/18 13:00,43,24,19
9/28/18 14:00,38,23,15
9/28/18 15:00,70,52,18
9/28/18 16:00,118,86,32
9/28/18 17:00,160,131,29
9/28/18 18:00,91,75,16
9/28/18 19:00,50,32,18
9/28/18 20:00,22,15,7
9/28/18 21:00,16,9,7
9/28/18 22:00,13,8,5
9/28/18 23:00,11,11,0
9/29/18 0:00,8,6,2
9/29/18 1:00,4,3,1
9/29/18 2:00,4,2,2
9/29/18 3:00,3,3,0
9/29/18 4:00,2,1,1
9/29/18 5:00,8,1,7
9/29/18 6:00,9,3,6
9/29/18 7:00,15,3,12
9/29/18 8:00,42,17,25
9/29/18 9:00,48,19,29
9/29/18 10:00,52,17,35
9/29/18 11:00,59,27,32
9/29/18 12:00,72,26,46
9/29/18 13:00,60,25,35
9/29/18 14:00,57,25,32
9/29/18 15:00,96,56,40
9/29/18 16:00,47,27,20
9/29/18 17:00,37,21,16
9/29/18 18:00,23,15,8
9/29/18 19:00,10,6,4
9/29/18 20:00,13,9,4
9/29/18 21:00,4,4,0
9/29/18 22:00,5,3,2
9/29/18 23:00,4,4,0
9/30/18 0:00,7,4,3
9/30/18 1:00,4,3,1
9/30/18 2:00,2,1,1
9/30/18 3:00,3,2,1
9/30/18 4:00,3,1,2
9/30/18 5:00,22,2,20
9/30/18 6:00,33,7,26
9/30/18 7:00,72,10,62
9/30/18 8:00,84,8,76
9/30/18 9:00,49,14,35
9/30/18 10:00,20,6,14
9/30/18 11:00,20,9,11
9/30/18 12:00,19,7,12
9/30/18 13:00,18,7,11
9/30/18 14:00,22,14,8
9/30/18 15:00,29,19,10
9/30/18 16:00,62,48,14
9/30/18 17:00,90,77,13
9/30/18 18:00,65,52,13
9/30/18 19:00,26,20,6
9/30/18 20:00,16,11,5
9/30/18 21:00,6,5,1
9/30/18 22:00,5,4,1
9/30/18 23:00,3,2,1
10/1/18 0:00,2,1,1
10/1/18 1:00,2,1,1
10/1/18 2:00,2,1,1
10/1/18 3:00,3,1,2
10/1/18 4:00,4,2,2
10/1/18 5:00,13,1,12
10/1/18 6:00,41,7,34
10/1/18 7:00,64,9,55
10/1/18 8:00,78,7,71
10/1/18 9:00,35,8,27
10/1/18 10:00,21,8,13
10/1/18 11:00,19,7,12
10/1/18 12:00,20,9,11
10/1/18 13:00,21,8,13
10/1/18 14:00,21,11,10
10/1/18 15:00,36,27,9
10/1/18 16:00,56,42,14
10/1/18 17:00,101,84,17
10/1/18 18:00,56,44,12
10/1/18 19:00,27,16,11
10/1/18 20:00,14,11,3
10/1/18 21:00,8,6,2
10/1/18 22:00,6,3,3
10/1/18 23:00,5,3,2
10/2/18 0:00,3,2,1
10/2/18 1:00,2,1,1
10/2/18 2:00,2,1,1
10/2/18 3:00,2,1,1
10/2/18 4:00,3,0,3
10/2/18 5:00,0,0,0
10/2/18 6:00,26,0,26
10/2/18 7:00,37,0,37
10/2/18 8:00,1,1,0
10/2/18 9:00,0,0,0
10/2/18 10:00,0,0,0
10/2/18 11:00,0,0,0
10/2/18 12:00,2,1,1
10/2/18 13:00,24,11,13
10/2/18 14:00,23,14,9
10/2/18 15:00,45,30,15
10/2/18 16:00,96,74,22
10/2/18 17:00,158,148,10
10/2/18 18:00,104,90,14
10/2/18 19:00,25,23,2
10/2/18 20:00,14,13,1
10/2/18 21:00,15,12,3
10/2/18 22:00,16,15,1
10/2/18 23:00,6,5,1
10/3/18 0:00,3,2,1
10/3/18 1:00,1,1,0
10/3/18 2:00,3,2,1
10/3/18 3:00,2,2,0
10/3/18 4:00,5,1,4
10/3/18 5:00,20,2,18
10/3/18 6:00,90,13,77
10/3/18 7:00,112,8,104
10/3/18 8:00,61,8,53
10/3/18 9:00,36,4,32
10/3/18 10:00,31,5,26
10/3/18 11:00,26,11,15
10/3/18 12:00,20,10,10
10/3/18 13:00,18,10,8
10/3/18 14:00,23,9,14
10/3/18 15:00,48,34,14
10/3/18 16:00,111,91,20
10/3/18 17:00,192,169,23
10/3/18 18:00,105,85,20
10/3/18 19:00,39,34,5
10/3/18 20:00,23,20,3
10/3/18 21:00,9,9,0
10/3/18 22:00,13,11,2
10/3/18 23:00,4,3,1
10/4/18 0:00,2,0,2
10/4/18 1:00,3,2,1
10/4/18 2:00,2,2,0
10/4/18 3:00,2,2,0
10/4/18 4:00,8,1,7
10/4/18 5:00,32,6,26
10/4/18 6:00,71,10,61
10/4/18 7:00,137,9,128
10/4/18 8:00,138,2,136
10/4/18 9:00,53,5,48
10/4/18 10:00,17,4,13
10/4/18 11:00,25,6,19
10/4/18 12:00,19,8,11
10/4/18 13:00,22,12,10
10/4/18 14:00,26,12,14
10/4/18 15:00,49,33,16
10/4/18 16:00,95,76,19
10/4/18 17:00,184,170,14
10/4/18 18:00,91,75,16
10/4/18 19:00,38,29,9
10/4/18 20:00,21,18,3
10/4/18 21:00,16,11,5
10/4/18 22:00,13,11,2
10/4/18 23:00,4,3,1
10/5/18 0:00,5,4,1
10/5/18 1:00,4,3,1
10/5/18 2:00,1,1,0
10/5/18 3:00,2,1,1
10/5/18 4:00,8,1,7
10/5/18 5:00,17,5,12
10/5/18 6:00,33,5,28
10/5/18 7:00,99,3,96
10/5/18 8:00,93,7,86
10/5/18 9:00,42,6,36
10/5/18 10:00,4,0,4
10/5/18 11:00,14,3,11
10/5/18 12:00,13,7,6
10/5/18 13:00,12,8,4
10/5/18 14:00,14,11,3
10/5/18 15:00,28,24,4
10/5/18 16:00,51,47,4
10/5/18 17:00,80,70,10
10/5/18 18:00,21,20,1
10/5/18 19:00,18,14,4
10/5/18 20:00,7,6,1
10/5/18 21:00,4,4,0
10/5/18 22:00,2,1,1
10/5/18 23:00,5,4,1
10/6/18 0:00,3,2,1
10/6/18 1:00,3,2,1
10/6/18 2:00,1,1,0
10/6/18 3:00,2,2,0
10/6/18 4:00,1,0,1
10/6/18 5:00,5,2,3
10/6/18 6:00,11,5,6
10/6/18 7:00,11,4,7
10/6/18 8:00,24,3,21
10/6/18 9:00,24,11,13
10/6/18 10:00,19,10,9
10/6/18 11:00,51,21,30
10/6/18 12:00,44,17,27
10/6/18 13:00,29,15,14
10/6/18 14:00,47,29,18
10/6/18 15:00,60,39,21
10/6/18 16:00,43,16,27
10/6/18 17:00,52,25,27
10/6/18 18:00,20,9,11
10/6/18 19:00,14,10,4
10/6/18 20:00,7,3,4
10/6/18 21:00,10,3,7
10/6/18 22:00,13,8,5
10/6/18 23:00,7,6,1
10/7/18 0:00,3,2,1
10/7/18 1:00,3,2,1
10/7/18 2:00,2,2,0
10/7/18 3:00,4,1,3
10/7/18 4:00,1,1,0
10/7/18 5:00,4,1,3
10/7/18 6:00,5,2,3
10/7/18 7:00,7,4,3
10/7/18 8:00,13,5,8
10/7/18 9:00,24,5,19
10/7/18 10:00,22,13,9
10/7/18 11:00,14,6,8
10/7/18 12:00,11,3,8
10/7/18 13:00,11,7,4
10/7/18 14:00,13,5,8
10/7/18 15:00,20,6,14
10/7/18 16:00,14,7,7
10/7/18 17:00,31,20,11
10/7/18 18:00,12,3,9
10/7/18 19:00,9,6,3
10/7/18 20:00,3,3,0
10/7/18 21:00,3,2,1
10/7/18 22:00,1,1,0
10/7/18 23:00,2,2,0
10/8/18 0:00,5,4,1
10/8/18 1:00,2,1,1
10/8/18 2:00,2,2,0
10/8/18 3:00,1,1,0
10/8/18 4:00,3,1,2
10/8/18 5:00,21,5,16
10/8/18 6:00,57,6,51
10/8/18 7:00,108,9,99
10/8/18 8:00,103,7,96
10/8/18 9:00,35,3,32
10/8/18 10:00,18,4,14
10/8/18 11:00,12,3,9
10/8/18 12:00,10,5,5
10/8/18 13:00,9,5,4
10/8/18 14:00,19,10,9
10/8/18 15:00,34,28,6
10/8/18 16:00,55,47,8
10/8/18 17:00,114,106,8
10/8/18 18:00,64,56,8
10/8/18 19:00,23,18,5
10/8/18 20:00,6,5,1
10/8/18 21:00,7,6,1
10/8/18 22:00,7,5,2
10/8/18 23:00,4,2,2
10/9/18 0:00,1,0,1
10/9/18 1:00,9,6,3
10/9/18 2:00,1,1,0
10/9/18 3:00,1,1,0
10/9/18 4:00,5,1,4
10/9/18 5:00,26,5,21
10/9/18 6:00,69,12,57
10/9/18 7:00,123,15,108
10/9/18 8:00,123,3,120
10/9/18 9:00,48,5,43
10/9/18 10:00,26,8,18
10/9/18 11:00,22,8,14
10/9/18 12:00,17,3,14
10/9/18 13:00,17,8,9
10/9/18 14:00,23,12,11
10/9/18 15:00,45,36,9
10/9/18 16:00,86,74,12
10/9/18 17:00,179,144,35
10/9/18 18:00,98,86,12
10/9/18 19:00,41,30,11
10/9/18 20:00,20,13,7
10/9/18 21:00,13,12,1
10/9/18 22:00,13,10,3
10/9/18 23:00,6,5,1
10/10/18 0:00,0,0,0
10/10/18 1:00,2,2,0
10/10/18 2:00,2,1,1
10/10/18 3:00,1,1,0
10/10/18 4:00,9,3,6
10/10/18 5:00,35,5,30
10/10/18 6:00,80,14,66
10/10/18 7:00,154,8,146
10/10/18 8:00,146,9,137
10/10/18 9:00,56,6,50
10/10/18 10:00,26,4,22
10/10/18 11:00,29,10,19
10/10/18 12:00,26,13,13
10/10/18 13:00,28,15,13
10/10/18 14:00,31,13,18
10/10/18 15:00,48,39,9
10/10/18 16:00,112,94,18
10/10/18 17:00,194,169,25
10/10/18 18:00,118,93,25
10/10/18 19:00,41,36,5
10/10/18 20:00,13,7,6
10/10/18 21:00,17,14,3
10/10/18 22:00,13,10,3
10/10/18 23:00,10,6,4
10/11/18 0:00,3,2,1
10/11/18 1:00,5,4,1
10/11/18 2:00,3,3,0
10/11/18 3:00,0,0,0
10/11/18 4:00,5,5,0
10/11/18 5:00,26,3,23
10/11/18 6:00,69,11,58
10/11/18 7:00,140,6,134
10/11/18 8:00,131,6,125
10/11/18 9:00,57,5,52
10/11/18 10:00,15,3,12
10/11/18 11:00,24,8,16
10/11/18 12:00,17,5,12
10/11/18 13:00,24,16,8
10/11/18 14:00,34,22,12
10/11/18 15:00,52,41,11
10/11/18 16:00,111,92,19
10/11/18 17:00,182,161,21
10/11/18 18:00,93,77,16
10/11/18 19:00,32,22,10
10/11/18 20:00,22,18,4
10/11/18 21:00,12,9,3
10/11/18 22:00,7,5,2
10/11/18 23:00,2,2,0
10/12/18 0:00,2,2,0
10/12/18 1:00,1,1,0
10/12/18 2:00,1,1,0
10/12/18 3:00,1,0,1
10/12/18 4:00,2,1,1
10/12/18 5:00,20,2,18
10/12/18 6:00,52,7,45
10/12/18 7:00,107,7,100
10/12/18 8:00,120,11,109
10/12/18 9:00,48,5,43
10/12/18 10:00,23,6,17
10/12/18 11:00,15,3,12
10/12/18 12:00,27,10,17
10/12/18 13:00,17,8,9
10/12/18 14:00,36,25,11
10/12/18 15:00,54,41,13
10/12/18 16:00,112,88,24
10/12/18 17:00,135,118,17
10/12/18 18:00,62,53,9
10/12/18 19:00,24,18,6
10/12/18 20:00,17,10,7
10/12/18 21:00,12,7,5
10/12/18 22:00,9,7,2
10/12/18 23:00,4,3,1
10/13/18 0:00,8,6,2
10/13/18 1:00,3,2,1
10/13/18 2:00,3,2,1
10/13/18 3:00,3,2,1
10/13/18 4:00,2,2,0
10/13/18 5:00,9,2,7
10/13/18 6:00,7,1,6
10/13/18 7:00,14,5,9
10/13/18 8:00,30,13,17
10/13/18 9:00,29,17,12
10/13/18 10:00,40,17,23
10/13/18 11:00,43,17,26
10/13/18 12:00,55,30,25
10/13/18 13:00,58,29,29
10/13/18 14:00,26,15,11
10/13/18 15:00,41,21,20
10/13/18 16:00,41,21,20
10/13/18 17:00,29,18,11
10/13/18 18:00,32,19,13
10/13/18 19:00,14,6,8
10/13/18 20:00,12,5,7
10/13/18 21:00,6,3,3
10/13/18 22:00,11,7,4
10/13/18 23:00,5,3,2
10/14/18 0:00,5,3,2
10/14/18 1:00,6,2,4
10/14/18 2:00,0,0,0
10/14/18 3:00,0,0,0
10/14/18 4:00,0,0,0
10/14/18 5:00,4,1,3
10/14/18 6:00,4,0,4
10/14/18 7:00,7,1,6
10/14/18 8:00,12,3,9
10/14/18 9:00,22,8,14
10/14/18 10:00,27,13,14
10/14/18 11:00,42,20,22
10/14/18 12:00,29,14,15
10/14/18 13:00,53,22,31
10/14/18 14:00,44,23,21
10/14/18 15:00,50,33,17
10/14/18 16:00,46,26,20
10/14/18 17:00,46,23,23
10/14/18 18:00,22,11,11
10/14/18 19:00,5,3,2
10/14/18 20:00,7,2,5
10/14/18 21:00,6,3,3
10/14/18 22:00,4,4,0
10/14/18 23:00,1,1,0
10/15/18 0:00,1,1,0
10/15/18 1:00,2,0,2
10/15/18 2:00,1,1,0
10/15/18 3:00,1,1,0
10/15/18 4:00,5,1,4
10/15/18 5:00,24,2,22
10/15/18 6:00,79,8,71
10/15/18 7:00,143,9,134
10/15/18 8:00,174,15,159
10/15/18 9:00,44,5,39
10/15/18 10:00,36,9,27
10/15/18 11:00,19,6,13
10/15/18 12:00,18,5,13
10/15/18 13:00,27,18,9
10/15/18 14:00,33,18,15
10/15/18 15:00,62,40,22
10/15/18 16:00,128,109,19
10/15/18 17:00,199,179,20
10/15/18 18:00,103,83,20
10/15/18 19:00,32,22,10
10/15/18 20:00,9,6,3
10/15/18 21:00,9,7,2
10/15/18 22:00,12,9,3
10/15/18 23:00,8,6,2
10/16/18 0:00,4,3,1
10/16/18 1:00,1,1,0
10/16/18 2:00,2,1,1
10/16/18 3:00,2,1,1
10/16/18 4:00,8,2,6
10/16/18 5:00,32,6,26
10/16/18 6:00,87,15,72
10/16/18 7:00,148,11,137
10/16/18 8:00,153,7,146
10/16/18 9:00,49,8,41
10/16/18 10:00,30,6,24
10/16/18 11:00,32,15,17
10/16/18 12:00,33,10,23
10/16/18 13:00,35,15,20
10/16/18 14:00,25,18,7
10/16/18 15:00,49,35,14
10/16/18 16:00,109,91,18
10/16/18 17:00,223,198,25
10/16/18 18:00,113,99,14
10/16/18 19:00,40,30,10
10/16/18 20:00,11,7,4
10/16/18 21:00,16,14,2
10/16/18 22:00,14,12,2
10/16/18 23:00,13,8,5
10/17/18 0:00,7,3,4
10/17/18 1:00,3,1,2
10/17/18 2:00,0,0,0
10/17/18 3:00,3,3,0
10/17/18 4:00,7,3,4
10/17/18 5:00,27,4,23
10/17/18 6:00,76,14,62
10/17/18 7:00,146,14,132
10/17/18 8:00,158,10,148
10/17/18 9:00,55,2,53
10/17/18 10:00,28,8,20
10/17/18 11:00,26,9,17
10/17/18 12:00,24,8,16
10/17/18 13:00,29,18,11
10/17/18 14:00,34,18,16
10/17/18 15:00,52,41,11
10/17/18 16:00,141,107,34
10/17/18 17:00,171,153,18
10/17/18 18:00,99,82,17
10/17/18 19:00,30,28,2
10/17/18 20:00,23,19,4
10/17/18 21:00,18,11,7
10/17/18 22:00,17,10,7
10/17/18 23:00,6,6,0
10/18/18 0:00,6,4,2
10/18/18 1:00,5,3,2
10/18/18 2:00,2,2,0
10/18/18 3:00,1,0,1
10/18/18 4:00,6,2,4
10/18/18 5:00,28,4,24
10/18/18 6:00,75,10,65
10/18/18 7:00,125,7,118
10/18/18 8:00,145,5,140
10/18/18 9:00,59,8,51
10/18/18 10:00,23,5,18
10/18/18 11:00,15,3,12
10/18/18 12:00,28,12,16
10/18/18 13:00,22,14,8
10/18/18 14:00,33,15,18
10/18/18 15:00,60,46,14
10/18/18 16:00,97,81,16
10/18/18 17:00,191,162,29
10/18/18 18:00,80,70,10
10/18/18 19:00,28,25,3
10/18/18 20:00,26,17,9
10/18/18 21:00,13,10,3
10/18/18 22:00,10,8,2
10/18/18 23:00,3,3,0
10/19/18 0:00,5,5,0
10/19/18 1:00,1,1,0
10/19/18 2:00,2,1,1
10/19/18 3:00,0,0,0
10/19/18 4:00,9,4,5
10/19/18 5:00,15,1,14
10/19/18 6:00,56,8,48
10/19/18 7:00,131,8,123
10/19/18 8:00,117,14,103
10/19/18 9:00,41,3,38
10/19/18 10:00,20,4,16
10/19/18 11:00,22,8,14
10/19/18 12:00,18,6,12
10/19/18 13:00,18,12,6
10/19/18 14:00,24,17,7
10/19/18 15:00,39,27,12
10/19/18 16:00,97,81,16
10/19/18 17:00,141,113,28
10/19/18 18:00,59,45,14
10/19/18 19:00,33,26,7
10/19/18 20:00,10,7,3
10/19/18 21:00,10,10,0
10/19/18 22:00,4,3,1
10/19/18 23:00,4,4,0
10/20/18 0:00,5,3,2
10/20/18 1:00,2,2,0
10/20/18 2:00,0,0,0
10/20/18 3:00,1,1,0
10/20/18 4:00,2,2,0
10/20/18 5:00,6,2,4
10/20/18 6:00,8,2,6
10/20/18 7:00,11,3,8
10/20/18 8:00,30,7,23
10/20/18 9:00,12,6,6
10/20/18 10:00,40,15,25
10/20/18 11:00,28,13,15
10/20/18 12:00,50,24,26
10/20/18 13:00,43,21,22
10/20/18 14:00,53,28,25
10/20/18 15:00,40,22,18
10/20/18 16:00,20,16,4
10/20/18 17:00,40,27,13
10/20/18 18:00,18,7,11
10/20/18 19:00,12,3,9
10/20/18 20:00,6,2,4
10/20/18 21:00,6,5,1
10/20/18 22:00,4,4,0
10/20/18 23:00,6,4,2
10/21/18 0:00,1,1,0
10/21/18 1:00,3,3,0
10/21/18 2:00,3,3,0
10/21/18 3:00,0,0,0
10/21/18 4:00,0,0,0
10/21/18 5:00,4,0,4
10/21/18 6:00,2,0,2
10/21/18 7:00,5,3,2
10/21/18 8:00,14,4,10
10/21/18 9:00,19,10,9
10/21/18 10:00,32,15,17
10/21/18 11:00,27,10,17
10/21/18 12:00,26,15,11
10/21/18 13:00,40,21,19
10/21/18 14:00,38,17,21
10/21/18 15:00,47,19,28
10/21/18 16:00,34,16,18
10/21/18 17:00,22,12,10
10/21/18 18:00,16,11,5
10/21/18 19:00,11,7,4
10/21/18 20:00,5,3,2
10/21/18 21:00,6,5,1
10/21/18 22:00,9,4,5
10/21/18 23:00,5,3,2
10/22/18 0:00,5,4,1
10/22/18 1:00,1,0,1
10/22/18 2:00,5,2,3
10/22/18 3:00,1,0,1
10/22/18 4:00,4,1,3
10/22/18 5:00,23,3,20
10/22/18 6:00,74,7,67
10/22/18 7:00,130,7,123
10/22/18 8:00,153,7,146
10/22/18 9:00,56,5,51
10/22/18 10:00,22,8,14
10/22/18 11:00,20,6,14
10/22/18 12:00,16,9,7
10/22/18 13:00,19,7,12
10/22/18 14:00,23,14,9
10/22/18 15:00,47,31,16
10/22/18 16:00,103,81,22
10/22/18 17:00,184,171,13
10/22/18 18:00,94,81,13
10/22/18 19:00,36,30,6
10/22/18 20:00,9,6,3
10/22/18 21:00,9,5,4
10/22/18 22:00,5,4,1
10/22/18 23:00,3,3,0
10/23/18 0:00,2,1,1
10/23/18 1:00,4,1,3
10/23/18 2:00,1,1,0
10/23/18 3:00,2,2,0
10/23/18 4:00,5,2,3
10/23/18 5:00,23,3,20
10/23/18 6:00,69,14,55
10/23/18 7:00,127,7,120
10/23/18 8:00,124,9,115
10/23/18 9:00,41,5,36
10/23/18 10:00,23,6,17
10/23/18 11:00,19,4,15
10/23/18 12:00,20,5,15
10/23/18 13:00,14,5,9
10/23/18 14:00,28,19,9
10/23/18 15:00,39,28,11
10/23/18 16:00,83,68,15
10/23/18 17:00,142,129,13
10/23/18 18:00,86,78,8
10/23/18 19:00,23,22,1
10/23/18 20:00,15,11,4
10/23/18 21:00,13,11,2
10/23/18 22:00,11,10,1
10/23/18 23:00,5,2,3
10/24/18 0:00,4,1,3
10/24/18 1:00,4,2,2
10/24/18 2:00,0,0,0
10/24/18 3:00,2,2,0
10/24/18 4:00,6,2,4
10/24/18 5:00,28,3,25
10/24/18 6:00,63,14,49
10/24/18 7:00,136,15,121
10/24/18 8:00,127,9,118
10/24/18 9:00,55,4,51
10/24/18 10:00,30,6,24
10/24/18 11:00,22,12,10
10/24/18 12:00,13,2,11
10/24/18 13:00,27,16,11
10/24/18 14:00,26,12,14
10/24/18 15:00,42,31,11
10/24/18 16:00,106,87,19
10/24/18 17:00,164,143,21
10/24/18 18:00,86,73,13
10/24/18 19:00,41,37,4
10/24/18 20:00,25,18,7
10/24/18 21:00,12,10,2
10/24/18 22:00,11,9,2
10/24/18 23:00,6,4,2
10/25/18 0:00,2,1,1
10/25/18 1:00,0,0,0
10/25/18 2:00,1,1,0
10/25/18 3:00,1,1,0
10/25/18 4:00,3,1,2
10/25/18 5:00,25,4,21
10/25/18 6:00,55,12,43
10/25/18 7:00,95,3,92
10/25/18 8:00,96,8,88
10/25/18 9:00,50,6,44
10/25/18 10:00,12,5,7
10/25/18 11:00,10,4,6
10/25/18 12:00,7,0,7
10/25/18 13:00,18,10,8
10/25/18 14:00,16,7,9
10/25/18 15:00,22,17,5
10/25/18 16:00,68,60,8
10/25/18 17:00,105,99,6
10/25/18 18:00,56,48,8
10/25/18 19:00,30,23,7
10/25/18 20:00,9,7,2
10/25/18 21:00,9,8,1
10/25/18 22:00,3,3,0
10/25/18 23:00,5,4,1
10/26/18 0:00,0,0,0
10/26/18 1:00,0,0,0
10/26/18 2:00,1,1,0
10/26/18 3:00,1,1,0
10/26/18 4:00,3,1,2
10/26/18 5:00,15,2,13
10/26/18 6:00,37,8,29
10/26/18 7:00,77,6,71
10/26/18 8:00,94,8,86
10/26/18 9:00,35,4,31
10/26/18 10:00,15,4,11
10/26/18 11:00,14,4,10
10/26/18 12:00,12,3,9
10/26/18 13:00,11,6,5
10/26/18 14:00,26,19,7
10/26/18 15:00,29,17,12
10/26/18 16:00,88,78,10
10/26/18 17:00,103,92,11
10/26/18 18:00,46,39,7
10/26/18 19:00,18,16,2
10/26/18 20:00,9,5,4
10/26/18 21:00,4,3,1
10/26/18 22:00,5,3,2
10/26/18 23:00,5,5,0
10/27/18 0:00,3,1,2
10/27/18 1:00,2,1,1
10/27/18 2:00,3,3,0
10/27/18 3:00,2,1,1
10/27/18 4:00,1,1,0
10/27/18 5:00,1,0,1
10/27/18 6:00,11,1,10
10/27/18 7:00,9,2,7
10/27/18 8:00,25,13,12
10/27/18 9:00,31,11,20
10/27/18 10:00,27,14,13
10/27/18 11:00,20,7,13
10/27/18 12:00,29,16,13
10/27/18 13:00,46,25,21
10/27/18 14:00,42,20,22
10/27/18 15:00,37,19,18
10/27/18 16:00,20,11,9
10/27/18 17:00,18,13,5
10/27/18 18:00,5,2,3
10/27/18 19:00,3,3,0
10/27/18 20:00,2,1,1
10/27/18 21:00,3,1,2
10/27/18 22:00,3,2,1
10/27/18 23:00,4,3,1
10/28/18 0:00,0,0,0
10/28/18 1:00,0,0,0
10/28/18 2:00,0,0,0
10/28/18 3:00,0,0,0
10/28/18 4:00,0,0,0
10/28/18 5:00,0,0,0
10/28/18 6:00,0,0,0
10/28/18 7:00,3,0,3
10/28/18 8:00,3,1,2
10/28/18 9:00,7,3,4
10/28/18 10:00,16,7,9
10/28/18 11:00,8,3,5
10/28/18 12:00,14,7,7
10/28/18 13:00,3,1,2
10/28/18 14:00,15,7,8
10/28/18 15:00,9,4,5
10/28/18 16:00,23,20,3
10/28/18 17:00,6,4,2
10/28/18 18:00,1,0,1
10/28/18 19:00,3,1,2
10/28/18 20:00,4,3,1
10/28/18 21:00,3,1,2
10/28/18 22:00,3,2,1
10/28/18 23:00,3,3,0
10/29/18 0:00,0,0,0
10/29/18 1:00,1,0,1
10/29/18 2:00,0,0,0
10/29/18 3:00,0,0,0
10/29/18 4:00,3,0,3
10/29/18 5:00,11,3,8
10/29/18 6:00,58,8,50
10/29/18 7:00,126,5,121
10/29/18 8:00,132,4,128
10/29/18 9:00,44,3,41
10/29/18 10:00,16,7,9
10/29/18 11:00,14,6,8
10/29/18 12:00,17,6,11
10/29/18 13:00,8,5,3
10/29/18 14:00,15,7,8
10/29/18 15:00,36,28,8
10/29/18 16:00,93,69,24
10/29/18 17:00,149,136,13
10/29/18 18:00,65,58,7
10/29/18 19:00,26,23,3
10/29/18 20:00,14,9,5
10/29/18 21:00,16,14,2
10/29/18 22:00,9,8,1
10/29/18 23:00,7,5,2
10/30/18 0:00,3,3,0
10/30/18 1:00,1,1,0
10/30/18 2:00,0,0,0
10/30/18 3:00,5,3,2
10/30/18 4:00,6,2,4
10/30/18 5:00,23,3,20
10/30/18 6:00,64,13,51
10/30/18 7:00,121,6,115
10/30/18 8:00,126,5,121
10/30/18 9:00,47,3,44
10/30/18 10:00,26,3,23
10/30/18 11:00,29,8,21
10/30/18 12:00,19,8,11
10/30/18 13:00,17,10,7
10/30/18 14:00,21,14,7
10/30/18 15:00,36,23,13
10/30/18 16:00,88,70,18
10/30/18 17:00,166,151,15
10/30/18 18:00,89,78,11
10/30/18 19:00,34,27,7
10/30/18 20:00,8,8,0
10/30/18 21:00,10,8,2
10/30/18 22:00,7,6,1
10/30/18 23:00,4,3,1
10/31/18 0:00,1,0,1
10/31/18 1:00,2,1,1
10/31/18 2:00,1,1,0
10/31/18 3:00,3,2,1
10/31/18 4:00,2,1,1
10/31/18 5:00,21,1,20
10/31/18 6:00,52,9,43
10/31/18 7:00,105,12,93
10/31/18 8:00,49,12,37
10/31/18 9:00,32,6,26
10/31/18 10:00,15,4,11
10/31/18 11:00,12,5,7
10/31/18 12:00,16,12,4
10/31/18 13:00,13,9,4
10/31/18 14:00,15,9,6
10/31/18 15:00,55,45,10
10/31/18 16:00,113,96,17
10/31/18 17:00,113,102,11
10/31/18 18:00,44,38,6
10/31/18 19:00,7,7,0
10/31/18 20:00,10,10,0
10/31/18 21:00,2,2,0
10/31/18 22:00,10,7,3
10/31/18 23:00,5,3,2
11/1/18 0:00,3,2,1
11/1/18 1:00,1,0,1
11/1/18 2:00,2,2,0
11/1/18 3:00,4,3,1
11/1/18 4:00,10,5,5
11/1/18 5:00,19,2,17
11/1/18 6:00,54,9,45
11/1/18 7:00,115,12,103
11/1/18 8:00,117,7,110
11/1/18 9:00,54,6,48
11/1/18 10:00,17,3,14
11/1/18 11:00,19,4,15
11/1/18 12:00,8,2,6
11/1/18 13:00,16,7,9
11/1/18 14:00,21,15,6
11/1/18 15:00,49,32,17
11/1/18 16:00,84,66,18
11/1/18 17:00,135,118,17
11/1/18 18:00,86,73,13
11/1/18 19:00,32,30,2
11/1/18 20:00,19,17,2
11/1/18 21:00,9,7,2
11/1/18 22:00,9,6,3
11/1/18 23:00,4,2,2
11/2/18 0:00,2,1,1
11/2/18 1:00,4,2,2
11/2/18 2:00,1,1,0
11/2/18 3:00,2,2,0
11/2/18 4:00,5,1,4
11/2/18 5:00,16,4,12
11/2/18 6:00,41,4,37
11/2/18 7:00,95,11,84
11/2/18 8:00,92,9,83
11/2/18 9:00,52,7,45
11/2/18 10:00,13,3,10
11/2/18 11:00,24,5,19
11/2/18 12:00,21,8,13
11/2/18 13:00,17,9,8
11/2/18 14:00,21,10,11
11/2/18 15:00,36,28,8
11/2/18 16:00,74,62,12
11/2/18 17:00,127,112,15
11/2/18 18:00,54,47,7
11/2/18 19:00,21,17,4
11/2/18 20:00,13,10,3
11/2/18 21:00,9,4,5
11/2/18 22:00,7,5,2
11/2/18 23:00,4,1,3
11/3/18 0:00,7,4,3
11/3/18 1:00,2,1,1
11/3/18 2:00,3,2,1
11/3/18 3:00,1,1,0
11/3/18 4:00,0,0,0
11/3/18 5:00,4,1,3
11/3/18 6:00,7,0,7
11/3/18 7:00,6,1,5
11/3/18 8:00,16,5,11
11/3/18 9:00,8,2,6
11/3/18 10:00,5,1,4
11/3/18 11:00,16,7,9
11/3/18 12:00,19,11,8
11/3/18 13:00,14,11,3
11/3/18 14:00,13,10,3
11/3/18 15:00,9,6,3
11/3/18 16:00,9,7,2
11/3/18 17:00,8,6,2
11/3/18 18:00,6,4,2
11/3/18 19:00,7,4,3
11/3/18 20:00,3,3,0
11/3/18 21:00,1,0,1
11/3/18 22:00,3,1,2
11/3/18 23:00,5,4,1
11/4/18 0:00,8,6,2
11/4/18 1:00,2,0,2
11/4/18 2:00,3,2,1
11/4/18 3:00,1,1,0
11/4/18 4:00,0,0,0
11/4/18 5:00,4,1,3
11/4/18 6:00,3,1,2
11/4/18 7:00,6,3,3
11/4/18 8:00,10,4,6
11/4/18 9:00,32,21,11
11/4/18 10:00,29,13,16
11/4/18 11:00,16,3,13
11/4/18 12:00,38,16,22
11/4/18 13:00,28,8,20
11/4/18 14:00,32,13,19
11/4/18 15:00,35,14,21
11/4/18 16:00,21,14,7
11/4/18 17:00,24,16,8
11/4/18 18:00,9,6,3
11/4/18 19:00,7,4,3
11/4/18 20:00,16,15,1
11/4/18 21:00,1,0,1
11/4/18 22:00,5,3,2
11/4/18 23:00,3,3,0
11/5/18 0:00,1,0,1
11/5/18 1:00,2,1,1
11/5/18 2:00,2,0,2
11/5/18 3:00,1,1,0
11/5/18 4:00,0,0,0
11/5/18 5:00,28,4,24
11/5/18 6:00,84,17,67
11/5/18 7:00,145,6,139
11/5/18 8:00,114,8,106
11/5/18 9:00,42,3,39
11/5/18 10:00,20,6,14
11/5/18 11:00,39,16,23
11/5/18 12:00,19,9,10
11/5/18 13:00,18,7,11
11/5/18 14:00,26,12,14
11/5/18 15:00,37,31,6
11/5/18 16:00,98,84,14
11/5/18 17:00,154,135,19
11/5/18 18:00,76,64,12
11/5/18 19:00,29,21,8
11/5/18 20:00,8,8,0
11/5/18 21:00,16,15,1
11/5/18 22:00,6,6,0
11/5/18 23:00,1,0,1
11/6/18 0:00,0,0,0
11/6/18 1:00,0,0,0
11/6/18 2:00,1,0,1
11/6/18 3:00,1,1,0
11/6/18 4:00,4,1,3
11/6/18 5:00,30,4,26
11/6/18 6:00,82,14,68
11/6/18 7:00,121,9,112
11/6/18 8:00,123,12,111
11/6/18 9:00,44,6,38
11/6/18 10:00,17,4,13
11/6/18 11:00,23,7,16
11/6/18 12:00,18,7,11
11/6/18 13:00,25,8,17
11/6/18 14:00,24,13,11
11/6/18 15:00,38,33,5
11/6/18 16:00,118,100,18
11/6/18 17:00,139,128,11
11/6/18 18:00,80,70,10
11/6/18 19:00,17,16,1
11/6/18 20:00,16,13,3
11/6/18 21:00,9,6,3
11/6/18 22:00,8,5,3
11/6/18 23:00,4,4,0
11/7/18 0:00,0,0,0
11/7/18 1:00,0,0,0
11/7/18 2:00,1,1,0
11/7/18 3:00,2,2,0
11/7/18 4:00,7,4,3
11/7/18 5:00,28,5,23
11/7/18 6:00,80,10,70
11/7/18 7:00,140,14,126
11/7/18 8:00,128,11,117
11/7/18 9:00,44,2,42
11/7/18 10:00,31,6,25
11/7/18 11:00,16,9,7
11/7/18 12:00,21,9,12
11/7/18 13:00,20,12,8
11/7/18 14:00,32,13,19
11/7/18 15:00,50,37,13
11/7/18 16:00,109,94,15
11/7/18 17:00,168,147,21
11/7/18 18:00,77,66,11
11/7/18 19:00,21,18,3
11/7/18 20:00,25,18,7
11/7/18 21:00,6,5,1
11/7/18 22:00,8,4,4
11/7/18 23:00,3,3,0
11/8/18 0:00,2,1,1
11/8/18 1:00,0,0,0
11/8/18 2:00,1,1,0
11/8/18 3:00,2,2,0
11/8/18 4:00,7,2,5
11/8/18 5:00,22,4,18
11/8/18 6:00,81,15,66
11/8/18 7:00,99,8,91
11/8/18 8:00,105,8,97
11/8/18 9:00,55,4,51
11/8/18 10:00,31,14,17
11/8/18 11:00,22,9,13
11/8/18 12:00,20,6,14
11/8/18 13:00,14,9,5
11/8/18 14:00,27,13,14
11/8/18 15:00,52,36,16
11/8/18 16:00,95,81,14
11/8/18 17:00,120,107,13
11/8/18 18:00,73,62,11
11/8/18 19:00,23,20,3
11/8/18 20:00,18,13,5
11/8/18 21:00,12,9,3
11/8/18 22:00,12,10,2
11/8/18 23:00,15,12,3
11/9/18 0:00,5,4,1
11/9/18 1:00,0,0,0
11/9/18 2:00,0,0,0
11/9/18 3:00,3,2,1
11/9/18 4:00,3,0,3
11/9/18 5:00,21,4,17
11/9/18 6:00,47,10,37
11/9/18 7:00,97,4,93
11/9/18 8:00,101,9,92
11/9/18 9:00,42,8,34
11/9/18 10:00,13,0,13
11/9/18 11:00,10,4,6
11/9/18 12:00,7,4,3
11/9/18 13:00,12,2,10
11/9/18 14:00,23,13,10
11/9/18 15:00,39,35,4
11/9/18 16:00,60,49,11
11/9/18 17:00,94,83,11
11/9/18 18:00,51,47,4
11/9/18 19:00,20,18,2
11/9/18 20:00,7,5,2
11/9/18 21:00,8,6,2
11/9/18 22:00,4,4,0
11/9/18 23:00,5,4,1
11/10/18 0:00,6,5,1
11/10/18 1:00,1,0,1
11/10/18 2:00,1,0,1
11/10/18 3:00,1,1,0
11/10/18 4:00,1,0,1
11/10/18 5:00,4,1,3
11/10/18 6:00,10,3,7
11/10/18 7:00,13,3,10
11/10/18 8:00,20,7,13
11/10/18 9:00,13,1,12
11/10/18 10:00,25,10,15
11/10/18 11:00,33,18,15
11/10/18 12:00,24,12,12
11/10/18 13:00,42,29,13
11/10/18 14:00,49,31,18
11/10/18 15:00,38,19,19
11/10/18 16:00,38,19,19
11/10/18 17:00,19,14,5
11/10/18 18:00,10,4,6
11/10/18 19:00,6,3,3
11/10/18 20:00,0,0,0
11/10/18 21:00,5,4,1
11/10/18 22:00,9,6,3
11/10/18 23:00,4,3,1
11/11/18 0:00,4,3,1
11/11/18 1:00,0,0,0
11/11/18 2:00,2,2,0
11/11/18 3:00,0,0,0
11/11/18 4:00,0,0,0
11/11/18 5:00,3,1,2
11/11/18 6:00,2,1,1
11/11/18 7:00,4,0,4
11/11/18 8:00,14,6,8
11/11/18 9:00,25,7,18
11/11/18 10:00,28,10,18
11/11/18 11:00,35,16,19
11/11/18 12:00,41,19,22
11/11/18 13:00,37,24,13
11/11/18 14:00,51,31,20
11/11/18 15:00,27,9,18
11/11/18 16:00,29,14,15
11/11/18 17:00,23,10,13
11/11/18 18:00,9,4,5
11/11/18 19:00,3,1,2
11/11/18 20:00,2,2,0
11/11/18 21:00,4,2,2
11/11/18 22:00,5,4,1
11/11/18 23:00,2,2,0
11/12/18 0:00,3,2,1
11/12/18 1:00,0,0,0
11/12/18 2:00,2,1,1
11/12/18 3:00,2,2,0
11/12/18 4:00,1,0,1
11/12/18 5:00,15,1,14
11/12/18 6:00,37,6,31
11/12/18 7:00,93,8,85
11/12/18 8:00,110,10,100
11/12/18 9:00,46,6,40
11/12/18 10:00,25,3,22
11/12/18 11:00,22,8,14
11/12/18 12:00,15,6,9
11/12/18 13:00,24,11,13
11/12/18 14:00,42,20,22
11/12/18 15:00,36,24,12
11/12/18 16:00,80,64,16
11/12/18 17:00,116,106,10
11/12/18 18:00,64,56,8
11/12/18 19:00,24,20,4
11/12/18 20:00,14,11,3
11/12/18 21:00,11,10,1
11/12/18 22:00,5,4,1
11/12/18 23:00,3,0,3
11/13/18 0:00,5,1,4
11/13/18 1:00,1,0,1
11/13/18 2:00,0,0,0
11/13/18 3:00,1,1,0
11/13/18 4:00,7,2,5
11/13/18 5:00,22,2,20
11/13/18 6:00,78,15,63
11/13/18 7:00,131,13,118
11/13/18 8:00,116,14,102
11/13/18 9:00,48,5,43
11/13/18 10:00,28,3,25
11/13/18 11:00,27,13,14
11/13/18 12:00,31,17,14
11/13/18 13:00,14,8,6
11/13/18 14:00,28,16,12
11/13/18 15:00,42,29,13
11/13/18 16:00,87,67,20
11/13/18 17:00,131,118,13
11/13/18 18:00,96,88,8
11/13/18 19:00,25,18,7
11/13/18 20:00,7,7,0
11/13/18 21:00,11,11,0
11/13/18 22:00,8,7,1
11/13/18 23:00,6,6,0
11/14/18 0:00,1,1,0
11/14/18 1:00,1,0,1
11/14/18 2:00,0,0,0
11/14/18 3:00,1,1,0
11/14/18 4:00,7,4,3
11/14/18 5:00,15,1,14
11/14/18 6:00,56,5,51
11/14/18 7:00,99,6,93
11/14/18 8:00,94,10,84
11/14/18 9:00,39,3,36
11/14/18 10:00,18,2,16
11/14/18 11:00,11,4,7
11/14/18 12:00,15,7,8
11/14/18 13:00,10,6,4
11/14/18 14:00,22,13,9
11/14/18 15:00,25,21,4
11/14/18 16:00,70,50,20
11/14/18 17:00,127,113,14
11/14/18 18:00,65,59,6
11/14/18 19:00,28,21,7
11/14/18 20:00,15,13,2
11/14/18 21:00,15,13,2
11/14/18 22:00,5,4,1
11/14/18 23:00,9,7,2
11/15/18 0:00,0,0,0
11/15/18 1:00,2,1,1
11/15/18 2:00,4,2,2
11/15/18 3:00,2,1,1
11/15/18 4:00,6,4,2
11/15/18 5:00,26,3,23
11/15/18 6:00,68,9,59
11/15/18 7:00,111,9,102
11/15/18 8:00,130,6,124
11/15/18 9:00,34,3,31
11/15/18 10:00,28,7,21
11/15/18 11:00,19,7,12
11/15/18 12:00,18,6,12
11/15/18 13:00,9,3,6
11/15/18 14:00,22,11,11
11/15/18 15:00,41,30,11
11/15/18 16:00,111,84,27
11/15/18 17:00,127,109,18
11/15/18 18:00,63,55,8
11/15/18 19:00,34,28,6
11/15/18 20:00,22,19,3
11/15/18 21:00,26,25,1
11/15/18 22:00,10,7,3
11/15/18 23:00,7,7,0
11/16/18 0:00,3,2,1
11/16/18 1:00,1,1,0
11/16/18 2:00,1,1,0
11/16/18 3:00,2,1,1
11/16/18 4:00,3,0,3
11/16/18 5:00,23,1,22
11/16/18 6:00,53,9,44
11/16/18 7:00,88,7,81
11/16/18 8:00,107,10,97
11/16/18 9:00,45,4,41
11/16/18 10:00,18,6,12
11/16/18 11:00,16,5,11
11/16/18 12:00,21,10,11
11/16/18 13:00,13,5,8
11/16/18 14:00,21,15,6
11/16/18 15:00,40,30,10
11/16/18 16:00,71,60,11
11/16/18 17:00,124,114,10
11/16/18 18:00,41,37,4
11/16/18 19:00,22,17,5
11/16/18 20:00,11,9,2
11/16/18 21:00,9,7,2
11/16/18 22:00,7,4,3
11/16/18 23:00,5,3,2
11/17/18 0:00,3,2,1
11/17/18 1:00,2,1,1
11/17/18 2:00,4,2,2
11/17/18 3:00,3,3,0
11/17/18 4:00,3,1,2
11/17/18 5:00,2,1,1
11/17/18 6:00,9,2,7
11/17/18 7:00,12,1,11
11/17/18 8:00,15,5,10
11/17/18 9:00,46,14,32
11/17/18 10:00,42,15,27
11/17/18 11:00,62,23,39
11/17/18 12:00,68,31,37
11/17/18 13:00,62,32,30
11/17/18 14:00,60,37,23
11/17/18 15:00,60,31,29
11/17/18 16:00,36,15,21
11/17/18 17:00,17,10,7
11/17/18 18:00,19,10,9
11/17/18 19:00,11,8,3
11/17/18 20:00,3,0,3
11/17/18 21:00,5,4,1
11/17/18 22:00,6,5,1
11/17/18 23:00,4,1,3
11/18/18 0:00,8,3,5
11/18/18 1:00,0,0,0
11/18/18 2:00,2,1,1
11/18/18 3:00,0,0,0
11/18/18 4:00,2,1,1
11/18/18 5:00,4,0,4
11/18/18 6:00,4,0,4
11/18/18 7:00,8,3,5
11/18/18 8:00,16,6,10
11/18/18 9:00,30,10,20
11/18/18 10:00,58,33,25
11/18/18 11:00,37,16,21
11/18/18 12:00,71,35,36
11/18/18 13:00,52,25,27
11/18/18 14:00,59,28,31
11/18/18 15:00,43,21,22
11/18/18 16:00,40,19,21
11/18/18 17:00,20,13,7
11/18/18 18:00,6,3,3
11/18/18 19:00,10,5,5
11/18/18 20:00,4,4,0
11/18/18 21:00,2,1,1
11/18/18 22:00,7,2,5
11/18/18 23:00,4,4,0
11/19/18 0:00,3,2,1
11/19/18 1:00,3,3,0
11/19/18 2:00,1,0,1
11/19/18 3:00,2,2,0
11/19/18 4:00,4,0,4
11/19/18 5:00,21,3,18
11/19/18 6:00,68,15,53
11/19/18 7:00,104,12,92
11/19/18 8:00,109,8,101
11/19/18 9:00,50,5,45
11/19/18 10:00,27,10,17
11/19/18 11:00,23,10,13
11/19/18 12:00,23,10,13
11/19/18 13:00,27,14,13
11/19/18 14:00,23,11,12
11/19/18 15:00,51,37,14
11/19/18 16:00,91,63,28
11/19/18 17:00,130,119,11
11/19/18 18:00,71,65,6
11/19/18 19:00,16,11,5
11/19/18 20:00,11,8,3
11/19/18 21:00,8,5,3
11/19/18 22:00,7,5,2
11/19/18 23:00,5,3,2
11/20/18 0:00,1,1,0
11/20/18 1:00,2,2,0
11/20/18 2:00,2,1,1
11/20/18 3:00,1,1,0
11/20/18 4:00,5,2,3
11/20/18 5:00,25,3,22
11/20/18 6:00,64,17,47
11/20/18 7:00,94,9,85
11/20/18 8:00,103,8,95
11/20/18 9:00,31,4,27
11/20/18 10:00,25,5,20
11/20/18 11:00,18,5,13
11/20/18 12:00,22,11,11
11/20/18 13:00,16,6,10
11/20/18 14:00,24,17,7
11/20/18 15:00,44,30,14
11/20/18 16:00,93,68,25
11/20/18 17:00,99,88,11
11/20/18 18:00,70,63,7
11/20/18 19:00,30,26,4
11/20/18 20:00,13,8,5
11/20/18 21:00,5,5,0
11/20/18 22:00,5,5,0
11/20/18 23:00,4,2,2
11/21/18 0:00,3,1,2
11/21/18 1:00,5,3,2
11/21/18 2:00,3,2,1
11/21/18 3:00,0,0,0
11/21/18 4:00,7,2,5
11/21/18 5:00,15,4,11
11/21/18 6:00,37,3,34
11/21/18 7:00,52,7,45
11/21/18 8:00,72,7,65
11/21/18 9:00,26,5,21
11/21/18 10:00,8,3,5
11/21/18 11:00,14,3,11
11/21/18 12:00,10,4,6
11/21/18 13:00,13,9,4
11/21/18 14:00,26,18,8
11/21/18 15:00,40,37,3
11/21/18 16:00,52,48,4
11/21/18 17:00,55,45,10
11/21/18 18:00,26,21,5
11/21/18 19:00,5,4,1
11/21/18 20:00,10,8,2
11/21/18 21:00,9,7,2
11/21/18 22:00,4,2,2
11/21/18 23:00,0,0,0
11/22/18 0:00,3,0,3
11/22/18 1:00,1,1,0
11/22/18 2:00,2,2,0
11/22/18 3:00,0,0,0
11/22/18 4:00,3,2,1
11/22/18 5:00,5,2,3
11/22/18 6:00,4,1,3
11/22/18 7:00,9,3,6
11/22/18 8:00,7,0,7
11/22/18 9:00,11,5,6
11/22/18 10:00,26,13,13
11/22/18 11:00,16,11,5
11/22/18 12:00,18,12,6
11/22/18 13:00,12,7,5
11/22/18 14:00,10,3,7
11/22/18 15:00,7,2,5
11/22/18 16:00,2,1,1
11/22/18 17:00,2,2,0
11/22/18 18:00,3,0,3
11/22/18 19:00,3,3,0
11/22/18 20:00,2,1,1
11/22/18 21:00,4,2,2
11/22/18 22:00,3,1,2
11/22/18 23:00,2,0,2
11/23/18 0:00,0,0,0
11/23/18 1:00,0,0,0
11/23/18 2:00,0,0,0
11/23/18 3:00,0,0,0
11/23/18 4:00,0,0,0
11/23/18 5:00,2,1,1
11/23/18 6:00,7,1,6
11/23/18 7:00,8,0,8
11/23/18 8:00,7,1,6
11/23/18 9:00,9,4,5
11/23/18 10:00,8,5,3
11/23/18 11:00,11,4,7
11/23/18 12:00,17,6,11
11/23/18 13:00,20,7,13
11/23/18 14:00,15,8,7
11/23/18 15:00,20,13,7
11/23/18 16:00,8,4,4
11/23/18 17:00,12,8,4
11/23/18 18:00,8,7,1
11/23/18 19:00,2,2,0
11/23/18 20:00,3,3,0
11/23/18 21:00,5,2,3
11/23/18 22:00,4,3,1
11/23/18 23:00,3,2,1
11/24/18 0:00,2,1,1
11/24/18 1:00,1,1,0
11/24/18 2:00,0,0,0
11/24/18 3:00,2,2,0
11/24/18 4:00,1,1,0
11/24/18 5:00,3,0,3
11/24/18 6:00,3,0,3
11/24/18 7:00,7,1,6
11/24/18 8:00,16,6,10
11/24/18 9:00,13,4,9
11/24/18 10:00,29,11,18
11/24/18 11:00,25,11,14
11/24/18 12:00,44,21,23
11/24/18 13:00,27,15,12
11/24/18 14:00,35,19,16
11/24/18 15:00,33,11,22
11/24/18 16:00,8,5,3
11/24/18 17:00,7,6,1
11/24/18 18:00,3,1,2
11/24/18 19:00,4,2,2
11/24/18 20:00,4,1,3
11/24/18 21:00,7,2,5
11/24/18 22:00,1,0,1
11/24/18 23:00,5,5,0
11/25/18 0:00,4,0,4
11/25/18 1:00,4,4,0
11/25/18 2:00,1,1,0
11/25/18 3:00,0,0,0
11/25/18 4:00,1,1,0
11/25/18 5:00,1,0,1
11/25/18 6:00,4,1,3
11/25/18 7:00,10,1,9
11/25/18 8:00,18,10,8
11/25/18 9:00,18,9,9
11/25/18 10:00,27,10,17
11/25/18 11:00,34,17,17
11/25/18 12:00,42,17,25
11/25/18 13:00,31,19,12
11/25/18 14:00,40,16,24
11/25/18 15:00,24,16,8
11/25/18 16:00,15,11,4
11/25/18 17:00,9,6,3
11/25/18 18:00,6,4,2
11/25/18 19:00,7,1,6
11/25/18 20:00,2,2,0
11/25/18 21:00,3,2,1
11/25/18 22:00,3,3,0
11/25/18 23:00,0,0,0
11/26/18 0:00,0,0,0
11/26/18 1:00,1,1,0
11/26/18 2:00,0,0,0
11/26/18 3:00,0,0,0
11/26/18 4:00,9,1,8
11/26/18 5:00,21,3,18
11/26/18 6:00,49,8,41
11/26/18 7:00,124,11,113
11/26/18 8:00,124,13,111
11/26/18 9:00,44,4,40
11/26/18 10:00,21,4,17
11/26/18 11:00,9,1,8
11/26/18 12:00,11,5,6
11/26/18 13:00,19,7,12
11/26/18 14:00,14,12,2
11/26/18 15:00,43,26,17
11/26/18 16:00,87,75,12
11/26/18 17:00,145,130,15
11/26/18 18:00,70,60,10
11/26/18 19:00,23,21,2
11/26/18 20:00,12,9,3
11/26/18 21:00,12,9,3
11/26/18 22:00,6,4,2
11/26/18 23:00,5,3,2
11/27/18 0:00,3,0,3
11/27/18 1:00,4,2,2
11/27/18 2:00,3,2,1
11/27/18 3:00,1,1,0
11/27/18 4:00,10,2,8
11/27/18 5:00,37,4,33
11/27/18 6:00,44,9,35
11/27/18 7:00,106,12,94
11/27/18 8:00,112,5,107
11/27/18 9:00,40,2,38
11/27/18 10:00,11,0,11
11/27/18 11:00,5,2,3
11/27/18 12:00,7,5,2
11/27/18 13:00,11,3,8
11/27/18 14:00,12,5,7
11/27/18 15:00,15,13,2
11/27/18 16:00,77,65,12
11/27/18 17:00,133,119,14
11/27/18 18:00,97,89,8
11/27/18 19:00,24,23,1
11/27/18 20:00,5,3,2
11/27/18 21:00,9,6,3
11/27/18 22:00,4,3,1
11/27/18 23:00,2,2,0
11/28/18 0:00,3,2,1
11/28/18 1:00,1,0,1
11/28/18 2:00,1,1,0
11/28/18 3:00,0,0,0
11/28/18 4:00,6,3,3
11/28/18 5:00,13,1,12
11/28/18 6:00,51,7,44
11/28/18 7:00,99,10,89
11/28/18 8:00,92,6,86
11/28/18 9:00,48,1,47
11/28/18 10:00,15,4,11
11/28/18 11:00,14,6,8
11/28/18 12:00,16,7,9
11/28/18 13:00,15,7,8
11/28/18 14:00,19,13,6
11/28/18 15:00,34,28,6
11/28/18 16:00,78,59,19
11/28/18 17:00,118,102,16
11/28/18 18:00,55,49,6
11/28/18 19:00,25,20,5
11/28/18 20:00,19,15,4
11/28/18 21:00,8,6,2
11/28/18 22:00,10,8,2
11/28/18 23:00,3,2,1
11/29/18 0:00,5,3,2
11/29/18 1:00,4,4,0
11/29/18 2:00,3,3,0
11/29/18 3:00,4,2,2
11/29/18 4:00,5,0,5
11/29/18 5:00,22,3,19
11/29/18 6:00,40,6,34
11/29/18 7:00,84,8,76
11/29/18 8:00,76,7,69
11/29/18 9:00,30,1,29
11/29/18 10:00,13,2,11
11/29/18 11:00,32,10,22
11/29/18 12:00,27,12,15
11/29/18 13:00,45,15,30
11/29/18 14:00,37,14,23
11/29/18 15:00,66,47,19
11/29/18 16:00,120,100,20
11/29/18 17:00,212,193,19
11/29/18 18:00,92,85,7
11/29/18 19:00,45,33,12
11/29/18 20:00,26,22,4
11/29/18 21:00,18,11,7
11/29/18 22:00,20,17,3
11/29/18 23:00,7,3,4
11/30/18 0:00,2,0,2
11/30/18 1:00,3,3,0
11/30/18 2:00,2,1,1
11/30/18 3:00,2,1,1
11/30/18 4:00,2,0,2
11/30/18 5:00,15,2,13
11/30/18 6:00,48,2,46
11/30/18 7:00,85,11,74
11/30/18 8:00,103,9,94
11/30/18 9:00,35,4,31
11/30/18 10:00,16,6,10
11/30/18 11:00,18,7,11
11/30/18 12:00,15,8,7
11/30/18 13:00,16,12,4
11/30/18 14:00,22,13,9
11/30/18 15:00,30,19,11
11/30/18 16:00,75,66,9
11/30/18 17:00,90,80,10
11/30/18 18:00,41,39,2
11/30/18 19:00,28,24,4
11/30/18 20:00,4,4,0
11/30/18 21:00,6,5,1
11/30/18 22:00,8,5,3
11/30/18 23:00,5,3,2
12/1/18 0:00,9,1,8
12/1/18 1:00,2,2,0
12/1/18 2:00,3,2,1
12/1/18 3:00,2,2,0
12/1/18 4:00,1,1,0
12/1/18 5:00,1,0,1
12/1/18 6:00,13,3,10
12/1/18 7:00,25,17,8
12/1/18 8:00,22,9,13
12/1/18 9:00,16,7,9
12/1/18 10:00,21,8,13
12/1/18 11:00,32,15,17
12/1/18 12:00,20,9,11
12/1/18 13:00,25,12,13
12/1/18 14:00,29,15,14
12/1/18 15:00,14,8,6
12/1/18 16:00,14,8,6
12/1/18 17:00,10,6,4
12/1/18 18:00,6,4,2
12/1/18 19:00,7,4,3
12/1/18 20:00,9,6,3
12/1/18 21:00,3,3,0
12/1/18 22:00,1,0,1
12/1/18 23:00,1,0,1
12/2/18 0:00,1,1,0
12/2/18 1:00,2,2,0
12/2/18 2:00,0,0,0
12/2/18 3:00,0,0,0
12/2/18 4:00,0,0,0
12/2/18 5:00,3,1,2
12/2/18 6:00,8,3,5
12/2/18 7:00,7,2,5
12/2/18 8:00,15,6,9
12/2/18 9:00,15,10,5
12/2/18 10:00,32,14,18
12/2/18 11:00,32,13,19
12/2/18 12:00,33,11,22
12/2/18 13:00,27,15,12
12/2/18 14:00,40,26,14
12/2/18 15:00,24,15,9
12/2/18 16:00,11,4,7
12/2/18 17:00,53,32,21
12/2/18 18:00,5,4,1
12/2/18 19:00,6,3,3
12/2/18 20:00,4,2,2
12/2/18 21:00,3,2,1
12/2/18 22:00,0,0,0
12/2/18 23:00,2,2,0
12/3/18 0:00,2,1,1
12/3/18 1:00,3,3,0
12/3/18 2:00,0,0,0
12/3/18 3:00,0,0,0
12/3/18 4:00,2,0,2
12/3/18 5:00,22,1,21
12/3/18 6:00,65,11,54
12/3/18 7:00,108,13,95
12/3/18 8:00,115,11,104
12/3/18 9:00,54,6,48
12/3/18 10:00,25,6,19
12/3/18 11:00,12,7,5
12/3/18 12:00,24,8,16
12/3/18 13:00,21,9,12
12/3/18 14:00,35,20,15
12/3/18 15:00,40,28,12
12/3/18 16:00,89,76,13
12/3/18 17:00,135,125,10
12/3/18 18:00,60,55,5
12/3/18 19:00,42,34,8
12/3/18 20:00,10,8,2
12/3/18 21:00,8,8,0
12/3/18 22:00,4,2,2
12/3/18 23:00,4,3,1
12/4/18 0:00,1,0,1
12/4/18 1:00,4,3,1
12/4/18 2:00,0,0,0
12/4/18 3:00,6,5,1
12/4/18 4:00,8,2,6
12/4/18 5:00,23,3,20
12/4/18 6:00,53,8,45
12/4/18 7:00,91,9,82
12/4/18 8:00,118,8,110
12/4/18 9:00,37,3,34
12/4/18 10:00,25,9,16
12/4/18 11:00,19,8,11
12/4/18 12:00,24,10,14
12/4/18 13:00,16,10,6
12/4/18 14:00,24,17,7
12/4/18 15:00,41,28,13
12/4/18 16:00,73,57,16
12/4/18 17:00,122,103,19
12/4/18 18:00,71,65,6
12/4/18 19:00,21,20,1
12/4/18 20:00,13,11,2
12/4/18 21:00,9,6,3
12/4/18 22:00,4,3,1
12/4/18 23:00,2,2,0
12/5/18 0:00,1,0,1
12/5/18 1:00,2,1,1
12/5/18 2:00,2,2,0
12/5/18 3:00,5,5,0
12/5/18 4:00,2,1,1
12/5/18 5:00,18,2,16
12/5/18 6:00,38,5,33
12/5/18 7:00,74,4,70
12/5/18 8:00,105,8,97
12/5/18 9:00,41,5,36
12/5/18 10:00,19,1,18
12/5/18 11:00,20,10,10
12/5/18 12:00,21,7,14
12/5/18 13:00,22,2,20
12/5/18 14:00,30,18,12
12/5/18 15:00,29,22,7
12/5/18 16:00,67,52,15
12/5/18 17:00,102,94,8
12/5/18 18:00,58,51,7
12/5/18 19:00,23,21,2
12/5/18 20:00,13,10,3
12/5/18 21:00,8,7,1
12/5/18 22:00,6,4,2
12/5/18 23:00,3,3,0
12/6/18 0:00,2,1,1
12/6/18 1:00,3,1,2
12/6/18 2:00,2,2,0
12/6/18 3:00,4,4,0
12/6/18 4:00,6,3,3
12/6/18 5:00,19,4,15
12/6/18 6:00,53,7,46
12/6/18 7:00,81,8,73
12/6/18 8:00,100,7,93
12/6/18 9:00,39,3,36
12/6/18 10:00,18,3,15
12/6/18 11:00,14,6,8
12/6/18 12:00,13,8,5
12/6/18 13:00,20,14,6
12/6/18 14:00,31,16,15
12/6/18 15:00,42,24,18
12/6/18 16:00,70,57,13
12/6/18 17:00,100,86,14
12/6/18 18:00,48,44,4
12/6/18 19:00,18,16,2
12/6/18 20:00,18,12,6
12/6/18 21:00,28,19,9
12/6/18 22:00,8,7,1
12/6/18 23:00,2,1,1
12/7/18 0:00,4,1,3
12/7/18 1:00,0,0,0
12/7/18 2:00,2,2,0
12/7/18 3:00,2,2,0
12/7/18 4:00,6,3,3
12/7/18 5:00,17,2,15
12/7/18 6:00,31,2,29
12/7/18 7:00,67,9,58
12/7/18 8:00,73,10,63
12/7/18 9:00,41,13,28
12/7/18 10:00,17,5,12
12/7/18 11:00,17,7,10
12/7/18 12:00,18,8,10
12/7/18 13:00,14,2,12
12/7/18 14:00,28,20,8
12/7/18 15:00,38,25,13
12/7/18 16:00,61,53,8
12/7/18 17:00,67,55,12
12/7/18 18:00,34,32,2
12/7/18 19:00,15,13,2
12/7/18 20:00,6,5,1
12/7/18 21:00,7,5,2
12/7/18 22:00,3,2,1
12/7/18 23:00,4,1,3
12/8/18 0:00,5,4,1
12/8/18 1:00,4,4,0
12/8/18 2:00,1,0,1
12/8/18 3:00,5,4,1
12/8/18 4:00,1,1,0
12/8/18 5:00,4,2,2
12/8/18 6:00,4,3,1
12/8/18 7:00,6,1,5
12/8/18 8:00,16,3,13
12/8/18 9:00,17,11,6
12/8/18 10:00,33,20,13
12/8/18 11:00,32,10,22
12/8/18 12:00,42,20,22
12/8/18 13:00,33,12,21
12/8/18 14:00,33,22,11
12/8/18 15:00,19,10,9
12/8/18 16:00,23,9,14
12/8/18 17:00,12,7,5
12/8/18 18:00,2,1,1
12/8/18 19:00,1,1,0
12/8/18 20:00,4,0,4
12/8/18 21:00,11,2,9
12/8/18 22:00,11,9,2
12/8/18 23:00,4,1,3
12/9/18 0:00,2,2,0
12/9/18 1:00,3,1,2
12/9/18 2:00,5,2,3
12/9/18 3:00,0,0,0
12/9/18 4:00,0,0,0
12/9/18 5:00,4,1,3
12/9/18 6:00,3,0,3
12/9/18 7:00,2,0,2
12/9/18 8:00,4,3,1
12/9/18 9:00,9,4,5
12/9/18 10:00,7,2,5
12/9/18 11:00,3,0,3
12/9/18 12:00,3,1,2
12/9/18 13:00,12,1,11
12/9/18 14:00,4,3,1
12/9/18 15:00,1,1,0
12/9/18 16:00,2,1,1
12/9/18 17:00,37,19,18
12/9/18 18:00,2,2,0
12/9/18 19:00,2,2,0
12/9/18 20:00,4,3,1
12/9/18 21:00,0,0,0
12/9/18 22:00,3,1,2
12/9/18 23:00,0,0,0
12/10/18 0:00,0,0,0
12/10/18 1:00,1,1,0
12/10/18 2:00,1,1,0
12/10/18 3:00,1,0,1
12/10/18 4:00,4,0,4
12/10/18 5:00,19,3,16
12/10/18 6:00,56,9,47
12/10/18 7:00,119,9,110
12/10/18 8:00,112,5,107
12/10/18 9:00,45,3,42
12/10/18 10:00,16,6,10
12/10/18 11:00,10,2,8
12/10/18 12:00,18,7,11
12/10/18 13:00,19,9,10
12/10/18 14:00,24,16,8
12/10/18 15:00,46,30,16
12/10/18 16:00,101,80,21
12/10/18 17:00,135,129,6
12/10/18 18:00,50,48,2
12/10/18 19:00,22,17,5
12/10/18 20:00,27,23,4
12/10/18 21:00,22,18,4
12/10/18 22:00,4,3,1
12/10/18 23:00,4,3,1
12/11/18 0:00,9,5,4
12/11/18 1:00,0,0,0
12/11/18 2:00,3,2,1
12/11/18 3:00,3,3,0
12/11/18 4:00,2,0,2
12/11/18 5:00,13,3,10
12/11/18 6:00,42,9,33
12/11/18 7:00,79,5,74
12/11/18 8:00,80,8,72
12/11/18 9:00,43,13,30
12/11/18 10:00,20,9,11
12/11/18 11:00,10,5,5
12/11/18 12:00,3,1,2
12/11/18 13:00,6,3,3
12/11/18 14:00,12,9,3
12/11/18 15:00,13,10,3
12/11/18 16:00,50,43,7
12/11/18 17:00,104,94,10
12/11/18 18:00,65,52,13
12/11/18 19:00,22,18,4
12/11/18 20:00,4,4,0
12/11/18 21:00,5,4,1
12/11/18 22:00,4,2,2
12/11/18 23:00,1,1,0
12/12/18 0:00,6,3,3
12/12/18 1:00,1,0,1
12/12/18 2:00,2,1,1
12/12/18 3:00,1,1,0
12/12/18 4:00,4,2,2
12/12/18 5:00,16,2,14
12/12/18 6:00,68,7,61
12/12/18 7:00,64,6,58
12/12/18 8:00,134,5,129
12/12/18 9:00,43,7,36
12/12/18 10:00,15,3,12
12/12/18 11:00,19,9,10
12/12/18 12:00,9,3,6
12/12/18 13:00,16,10,6
12/12/18 14:00,16,8,8
12/12/18 15:00,27,20,7
12/12/18 16:00,65,56,9
12/12/18 17:00,108,96,12
12/12/18 18:00,87,65,22
12/12/18 19:00,26,21,5
12/12/18 20:00,11,11,0
12/12/18 21:00,10,10,0
12/12/18 22:00,4,3,1
12/12/18 23:00,3,2,1
12/13/18 0:00,3,3,0
12/13/18 1:00,0,0,0
12/13/18 2:00,2,1,1
12/13/18 3:00,2,2,0
12/13/18 4:00,4,1,3
12/13/18 5:00,15,3,12
12/13/18 6:00,41,5,36
12/13/18 7:00,70,6,64
12/13/18 8:00,83,3,80
12/13/18 9:00,37,6,31
12/13/18 10:00,12,3,9
12/13/18 11:00,7,3,4
12/13/18 12:00,13,5,8
12/13/18 13:00,12,5,7
12/13/18 14:00,9,5,4
12/13/18 15:00,28,24,4
12/13/18 16:00,50,43,7
12/13/18 17:00,91,80,11
12/13/18 18:00,51,50,1
12/13/18 19:00,17,12,5
12/13/18 20:00,16,12,4
12/13/18 21:00,14,8,6
12/13/18 22:00,4,4,0
12/13/18 23:00,3,2,1
12/14/18 0:00,5,2,3
12/14/18 1:00,1,1,0
12/14/18 2:00,1,1,0
12/14/18 3:00,1,1,0
12/14/18 4:00,2,0,2
12/14/18 5:00,15,1,14
12/14/18 6:00,43,5,38
12/14/18 7:00,72,6,66
12/14/18 8:00,107,5,102
12/14/18 9:00,34,5,29
12/14/18 10:00,18,3,15
12/14/18 11:00,16,3,13
12/14/18 12:00,17,8,9
12/14/18 13:00,16,8,8
12/14/18 14:00,24,16,8
12/14/18 15:00,42,29,13
12/14/18 16:00,67,59,8
12/14/18 17:00,77,63,14
12/14/18 18:00,47,44,3
12/14/18 19:00,6,5,1
12/14/18 20:00,4,3,1
12/14/18 21:00,7,4,3
12/14/18 22:00,6,4,2
12/14/18 23:00,2,1,1
12/15/18 0:00,4,4,0
12/15/18 1:00,2,2,0
12/15/18 2:00,2,1,1
12/15/18 3:00,2,2,0
12/15/18 4:00,2,1,1
12/15/18 5:00,2,0,2
12/15/18 6:00,6,0,6
12/15/18 7:00,11,2,9
12/15/18 8:00,14,6,8
12/15/18 9:00,8,3,5
12/15/18 10:00,29,14,15
12/15/18 11:00,29,16,13
12/15/18 12:00,47,19,28
12/15/18 13:00,40,21,19
12/15/18 14:00,48,24,24
12/15/18 15:00,28,9,19
12/15/18 16:00,24,14,10
12/15/18 17:00,13,11,2
12/15/18 18:00,3,2,1
12/15/18 19:00,6,4,2
12/15/18 20:00,3,2,1
12/15/18 21:00,3,3,0
12/15/18 22:00,3,2,1
12/15/18 23:00,5,1,4
12/16/18 0:00,4,4,0
12/16/18 1:00,2,2,0
12/16/18 2:00,0,0,0
12/16/18 3:00,2,0,2
12/16/18 4:00,1,1,0
12/16/18 5:00,3,1,2
12/16/18 6:00,4,2,2
12/16/18 7:00,5,3,2
12/16/18 8:00,7,2,5
12/16/18 9:00,34,15,19
12/16/18 10:00,15,9,6
12/16/18 11:00,7,2,5
12/16/18 12:00,8,3,5
12/16/18 13:00,11,7,4
12/16/18 14:00,10,4,6
12/16/18 15:00,2,2,0
12/16/18 16:00,4,1,3
12/16/18 17:00,25,14,11
12/16/18 18:00,2,2,0
12/16/18 19:00,4,4,0
12/16/18 20:00,0,0,0
12/16/18 21:00,2,2,0
12/16/18 22:00,3,2,1
12/16/18 23:00,1,1,0
12/17/18 0:00,0,0,0
12/17/18 1:00,2,1,1
12/17/18 2:00,0,0,0
12/17/18 3:00,0,0,0
12/17/18 4:00,4,1,3
12/17/18 5:00,21,3,18
12/17/18 6:00,55,10,45
12/17/18 7:00,84,8,76
12/17/18 8:00,107,7,100
12/17/18 9:00,52,10,42
12/17/18 10:00,12,2,10
12/17/18 11:00,18,9,9
12/17/18 12:00,17,2,15
12/17/18 13:00,24,10,14
12/17/18 14:00,22,15,7
12/17/18 15:00,33,24,9
12/17/18 16:00,61,47,14
12/17/18 17:00,99,89,10
12/17/18 18:00,70,61,9
12/17/18 19:00,23,20,3
12/17/18 20:00,6,4,2
12/17/18 21:00,4,3,1
12/17/18 22:00,4,2,2
12/17/18 23:00,0,0,0
12/18/18 0:00,1,1,0
12/18/18 1:00,0,0,0
12/18/18 2:00,2,2,0
12/18/18 3:00,2,2,0
12/18/18 4:00,2,1,1
12/18/18 5:00,15,2,13
12/18/18 6:00,34,1,33
12/18/18 7:00,68,10,58
12/18/18 8:00,67,6,61
12/18/18 9:00,37,5,32
12/18/18 10:00,12,1,11
12/18/18 11:00,9,3,6
12/18/18 12:00,17,8,9
12/18/18 13:00,12,8,4
12/18/18 14:00,13,6,7
12/18/18 15:00,23,18,5
12/18/18 16:00,50,39,11
12/18/18 17:00,83,72,11
12/18/18 18:00,65,51,14
12/18/18 19:00,14,11,3
12/18/18 20:00,6,3,3
12/18/18 21:00,6,5,1
12/18/18 22:00,6,5,1
12/18/18 23:00,2,2,0
12/19/18 0:00,1,0,1
12/19/18 1:00,1,1,0
12/19/18 2:00,1,0,1
12/19/18 3:00,1,1,0
12/19/18 4:00,3,1,2
12/19/18 5:00,18,1,17
12/19/18 6:00,48,6,42
12/19/18 7:00,104,11,93
12/19/18 8:00,86,4,82
12/19/18 9:00,33,0,33
12/19/18 10:00,8,1,7
12/19/18 11:00,11,5,6
12/19/18 12:00,16,5,11
12/19/18 13:00,9,3,6
12/19/18 14:00,24,14,10
12/19/18 15:00,46,37,9
12/19/18 16:00,70,57,13
12/19/18 17:00,119,107,12
12/19/18 18:00,73,56,17
12/19/18 19:00,31,26,5
12/19/18 20:00,12,10,2
12/19/18 21:00,6,5,1
12/19/18 22:00,4,2,2
12/19/18 23:00,8,5,3
12/20/18 0:00,1,1,0
12/20/18 1:00,0,0,0
12/20/18 2:00,4,3,1
12/20/18 3:00,1,1,0
12/20/18 4:00,1,1,0
12/20/18 5:00,15,2,13
12/20/18 6:00,36,8,28
12/20/18 7:00,60,7,53
12/20/18 8:00,65,4,61
12/20/18 9:00,20,4,16
12/20/18 10:00,7,0,7
12/20/18 11:00,7,3,4
12/20/18 12:00,5,1,4
12/20/18 13:00,6,2,4
12/20/18 14:00,14,10,4
12/20/18 15:00,16,11,5
12/20/18 16:00,41,34,7
12/20/18 17:00,67,58,9
12/20/18 18:00,39,33,6
12/20/18 19:00,13,12,1
12/20/18 20:00,16,14,2
12/20/18 21:00,9,8,1
12/20/18 22:00,8,3,5
12/20/18 23:00,7,3,4
12/21/18 0:00,1,1,0
12/21/18 1:00,6,1,5
12/21/18 2:00,4,1,3
12/21/18 3:00,1,1,0
12/21/18 4:00,2,2,0
12/21/18 5:00,14,1,13
12/21/18 6:00,27,7,20
12/21/18 7:00,60,4,56
12/21/18 8:00,74,4,70
12/21/18 9:00,31,8,23
12/21/18 10:00,14,3,11
12/21/18 11:00,25,10,15
12/21/18 12:00,21,7,14
12/21/18 13:00,20,12,8
12/21/18 14:00,34,22,12
12/21/18 15:00,47,34,13
12/21/18 16:00,63,53,10
12/21/18 17:00,53,45,8
12/21/18 18:00,18,16,2
12/21/18 19:00,12,9,3
12/21/18 20:00,13,10,3
12/21/18 21:00,7,7,0
12/21/18 22:00,4,3,1
12/21/18 23:00,1,0,1
12/22/18 0:00,4,3,1
12/22/18 1:00,3,2,1
12/22/18 2:00,2,2,0
12/22/18 3:00,3,3,0
12/22/18 4:00,9,9,0
12/22/18 5:00,4,0,4
12/22/18 6:00,6,3,3
12/22/18 7:00,5,3,2
12/22/18 8:00,26,8,18
12/22/18 9:00,17,5,12
12/22/18 10:00,25,8,17
12/22/18 11:00,41,21,20
12/22/18 12:00,40,16,24
12/22/18 13:00,42,29,13
12/22/18 14:00,51,29,22
12/22/18 15:00,38,17,21
12/22/18 16:00,34,15,19
12/22/18 17:00,17,4,13
12/22/18 18:00,13,11,2
12/22/18 19:00,3,3,0
12/22/18 20:00,0,0,0
12/22/18 21:00,2,0,2
12/22/18 22:00,4,4,0
12/22/18 23:00,1,1,0
12/23/18 0:00,5,5,0
12/23/18 1:00,5,5,0
12/23/18 2:00,0,0,0
12/23/18 3:00,4,4,0
12/23/18 4:00,0,0,0
12/23/18 5:00,0,0,0
12/23/18 6:00,16,0,16
12/23/18 7:00,0,0,0
12/23/18 8:00,9,0,9
12/23/18 9:00,13,8,5
12/23/18 10:00,33,4,29
12/23/18 11:00,42,29,13
12/23/18 12:00,38,22,16
12/23/18 13:00,25,17,8
12/23/18 14:00,30,9,21
12/23/18 15:00,28,16,12
12/23/18 16:00,21,17,4
12/23/18 17:00,4,0,4
12/23/18 18:00,18,9,9
12/23/18 19:00,4,4,0
12/23/18 20:00,0,0,0
12/23/18 21:00,8,3,5
12/23/18 22:00,4,0,4
12/23/18 23:00,3,0,3
12/24/18 0:00,0,0,0
12/24/18 1:00,65,0,65
12/24/18 2:00,0,0,0
12/24/18 3:00,51,51,0
12/24/18 4:00,0,0,0
12/24/18 5:00,0,0,0
12/24/18 6:00,0,0,0
12/24/18 7:00,0,0,0
12/24/18 8:00,0,0,0
12/24/18 9:00,113,51,62
12/24/18 10:00,0,0,0
12/24/18 11:00,0,0,0
12/24/18 12:00,0,0,0
12/24/18 13:00,62,0,62
12/24/18 14:00,175,51,124
12/24/18 15:00,102,102,0
12/24/18 16:00,62,0,62
12/24/18 17:00,164,102,62
12/24/18 18:00,0,0,0
12/24/18 19:00,51,51,0
12/24/18 20:00,0,0,0
12/24/18 21:00,62,0,62
12/24/18 22:00,51,51,0
12/24/18 23:00,0,0,0
12/25/18 0:00,10,0,10
12/25/18 1:00,,,
12/25/18 2:00,,,
12/25/18 3:00,,,
12/25/18 4:00,4,0,4
12/25/18 5:00,25,0,25
12/25/18 6:00,29,10,19
12/25/18 7:00,40,0,40
12/25/18 8:00,60,5,55
12/25/18 9:00,35,15,20
12/25/18 10:00,74,15,59
12/25/18 11:00,35,10,25
12/25/18 12:00,40,26,14
12/25/18 13:00,40,26,14
12/25/18 14:00,61,41,20
12/25/18 15:00,44,15,29
12/25/18 16:00,85,61,24
12/25/18 17:00,105,66,39
12/25/18 18:00,21,16,5
12/25/18 19:00,18,15,3
12/25/18 20:00,21,20,1
12/25/18 21:00,8,8,0
12/25/18 22:00,35,25,10
12/25/18 23:00,9,5,4
12/26/18 0:00,3,3,0
12/26/18 1:00,3,0,3
12/26/18 2:00,0,0,0
12/26/18 3:00,2,2,0
12/26/18 4:00,0,0,0
12/26/18 5:00,24,5,19
12/26/18 6:00,39,5,34
12/26/18 7:00,55,11,44
12/26/18 8:00,89,14,75
12/26/18 9:00,50,0,50
12/26/18 10:00,32,5,27
12/26/18 11:00,59,37,22
12/26/18 12:00,71,18,53
12/26/18 13:00,18,15,3
12/26/18 14:00,46,21,25
12/26/18 15:00,49,46,3
12/26/18 16:00,106,88,18
12/26/18 17:00,74,56,18
12/26/18 18:00,59,27,32
12/26/18 19:00,23,17,6
12/26/18 20:00,40,27,13
12/26/18 21:00,5,5,0
12/26/18 22:00,6,6,0
12/26/18 23:00,1,1,0
12/27/18 0:00,6,3,3
12/27/18 1:00,2,0,2
12/27/18 2:00,5,3,2
12/27/18 3:00,5,5,0
12/27/18 4:00,3,3,0
12/27/18 5:00,31,8,23
12/27/18 6:00,41,10,31
12/27/18 7:00,66,8,58
12/27/18 8:00,93,13,80
12/27/18 9:00,64,24,40
12/27/18 10:00,39,8,31
12/27/18 11:00,23,8,15
12/27/18 12:00,20,9,11
12/27/18 13:00,25,6,19
12/27/18 14:00,32,20,12
12/27/18 15:00,32,30,2
12/27/18 16:00,72,58,14
12/27/18 17:00,86,72,14
12/27/18 18:00,57,42,15
12/27/18 19:00,21,13,8
12/27/18 20:00,6,6,0
12/27/18 21:00,9,8,1
12/27/18 22:00,5,2,3
12/27/18 23:00,1,0,1
12/28/18 0:00,0,0,0
12/28/18 1:00,0,0,0
12/28/18 2:00,6,6,0
12/28/18 3:00,5,5,0
12/28/18 4:00,6,6,0
12/28/18 5:00,38,5,33
12/28/18 6:00,44,0,44
12/28/18 7:00,77,16,61
12/28/18 8:00,82,16,66
12/28/18 9:00,28,11,17
12/28/18 10:00,16,0,16
12/28/18 11:00,6,0,6
12/28/18 12:00,22,6,16
12/28/18 13:00,45,23,22
12/28/18 14:00,29,12,17
12/28/18 15:00,71,66,5
12/28/18 16:00,83,67,16
12/28/18 17:00,83,50,33
12/28/18 18:00,28,17,11
12/28/18 19:00,32,27,5
12/28/18 20:00,6,6,0
12/28/18 21:00,0,0,0
12/28/18 22:00,17,11,6
12/28/18 23:00,0,0,0
12/29/18 0:00,0,0,0
12/29/18 1:00,2,2,0
12/29/18 2:00,3,0,3
12/29/18 3:00,3,3,0
12/29/18 4:00,2,2,0
12/29/18 5:00,0,0,0
12/29/18 6:00,5,1,4
12/29/18 7:00,3,1,2
12/29/18 8:00,14,3,11
12/29/18 9:00,37,18,19
12/29/18 10:00,28,10,18
12/29/18 11:00,39,12,27
12/29/18 12:00,76,30,46
12/29/18 13:00,48,35,13
12/29/18 14:00,42,29,13
12/29/18 15:00,27,7,20
12/29/18 16:00,22,15,7
12/29/18 17:00,17,8,9
12/29/18 18:00,13,8,5
12/29/18 19:00,3,2,1
12/29/18 20:00,7,5,2
12/29/18 21:00,6,4,2
12/29/18 22:00,6,5,1
12/29/18 23:00,3,2,1
12/30/18 0:00,7,3,4
12/30/18 1:00,0,0,0
12/30/18 2:00,6,2,4
12/30/18 3:00,2,0,2
12/30/18 4:00,2,0,2
12/30/18 5:00,3,0,3
12/30/18 6:00,4,2,2
12/30/18 7:00,5,2,3
12/30/18 8:00,15,2,13
12/30/18 9:00,14,2,12
12/30/18 10:00,28,17,11
12/30/18 11:00,26,6,20
12/30/18 12:00,34,18,16
12/30/18 13:00,57,42,15
12/30/18 14:00,36,23,13
12/30/18 15:00,20,12,8
12/30/18 16:00,17,5,12
12/30/18 17:00,13,10,3
12/30/18 18:00,10,4,6
12/30/18 19:00,5,1,4
12/30/18 20:00,5,0,5
12/30/18 21:00,2,2,0
12/30/18 22:00,7,2,5
12/30/18 23:00,0,0,0
12/31/18 0:00,7,3,4
12/31/18 1:00,8,3,5
12/31/18 2:00,3,3,0
12/31/18 3:00,5,3,2
12/31/18 4:00,7,7,0
12/31/18 5:00,2,0,2
12/31/18 6:00,2,1,1
12/31/18 7:00,8,0,8
12/31/18 8:00,6,2,4
12/31/18 9:00,9,3,6
12/31/18 10:00,28,6,22
12/31/18 11:00,24,11,13
12/31/18 12:00,60,27,33
12/31/18 13:00,54,18,36
12/31/18 14:00,45,21,24
12/31/18 15:00,39,17,22
12/31/18 16:00,30,14,16
12/31/18 17:00,7,6,1
12/31/18 18:00,10,0,10
12/31/18 19:00,6,6,0
12/31/18 20:00,2,0,2
12/31/18 21:00,3,1,2
12/31/18 22:00,2,0,2
12/31/18 23:00,1,0,1
1/1/19 0:00,4,4,0
1/1/19 1:00,1,0,1
1/1/19 2:00,0,0,0
1/1/19 3:00,1,1,0
1/1/19 4:00,4,0,4
1/1/19 5:00,10,0,10
1/1/19 6:00,37,4,33
1/1/19 7:00,59,7,52
1/1/19 8:00,87,7,80
1/1/19 9:00,22,0,22
1/1/19 10:00,7,0,7
1/1/19 11:00,12,5,7
1/1/19 12:00,12,5,7
1/1/19 13:00,13,4,9
1/1/19 14:00,9,4,5
1/1/19 15:00,17,15,2
1/1/19 16:00,61,54,7
1/1/19 17:00,96,85,11
1/1/19 18:00,60,52,8
1/1/19 19:00,9,9,0
1/1/19 20:00,7,5,2
1/1/19 21:00,1,1,0
1/1/19 22:00,6,5,1
1/1/19 23:00,3,2,1
1/2/19 0:00,0,0,0
1/2/19 1:00,0,0,0
1/2/19 2:00,0,0,0
1/2/19 3:00,0,0,0
1/2/19 4:00,2,1,1
1/2/19 5:00,13,0,13
1/2/19 6:00,36,4,32
1/2/19 7:00,76,7,69
1/2/19 8:00,90,4,86
1/2/19 9:00,39,3,36
1/2/19 10:00,16,4,12
1/2/19 11:00,19,9,10
1/2/19 12:00,12,8,4
1/2/19 13:00,18,11,7
1/2/19 14:00,16,11,5
1/2/19 15:00,26,19,7
1/2/19 16:00,64,53,11
1/2/19 17:00,116,103,13
1/2/19 18:00,65,58,7
1/2/19 19:00,16,12,4
1/2/19 20:00,6,6,0
1/2/19 21:00,5,3,2
1/2/19 22:00,6,5,1
1/2/19 23:00,2,1,1
1/3/19 0:00,0,0,0
1/3/19 1:00,1,0,1
1/3/19 2:00,4,4,0
1/3/19 3:00,3,1,2
1/3/19 4:00,6,3,3
1/3/19 5:00,22,3,19
1/3/19 6:00,43,8,35
1/3/19 7:00,78,9,69
1/3/19 8:00,107,9,98
1/3/19 9:00,44,4,40
1/3/19 10:00,12,4,8
1/3/19 11:00,7,2,5
1/3/19 12:00,17,5,12
1/3/19 13:00,9,6,3
1/3/19 14:00,13,5,8
1/3/19 15:00,64,52,12
1/3/19 16:00,104,84,20
1/3/19 17:00,180,162,18
1/3/19 18:00,107,90,17
1/3/19 19:00,31,28,3
1/3/19 20:00,10,7,3
1/3/19 21:00,4,2,2
1/3/19 22:00,7,4,3
1/3/19 23:00,3,3,0
1/4/19 0:00,0,0,0
1/4/19 1:00,1,1,0
1/4/19 2:00,1,1,0
1/4/19 3:00,2,2,0
1/4/19 4:00,1,0,1
1/4/19 5:00,14,3,11
1/4/19 6:00,36,6,30
1/4/19 7:00,77,6,71
1/4/19 8:00,71,5,66
1/4/19 9:00,30,4,26
1/4/19 10:00,16,3,13
1/4/19 11:00,18,5,13
1/4/19 12:00,11,5,6
1/4/19 13:00,18,7,11
1/4/19 14:00,22,14,8
1/4/19 15:00,29,21,8
1/4/19 16:00,56,49,7
1/4/19 17:00,78,72,6
1/4/19 18:00,55,47,8
1/4/19 19:00,10,9,1
1/4/19 20:00,8,7,1
1/4/19 21:00,3,3,0
1/4/19 22:00,7,5,2
1/4/19 23:00,4,2,2
1/5/19 0:00,3,3,0
1/5/19 1:00,1,0,1
1/5/19 2:00,1,1,0
1/5/19 3:00,2,2,0
1/5/19 4:00,2,2,0
1/5/19 5:00,2,1,1
1/5/19 6:00,5,2,3
1/5/19 7:00,7,0,7
1/5/19 8:00,22,4,18
1/5/19 9:00,51,10,41
1/5/19 10:00,28,12,16
1/5/19 11:00,52,35,17
1/5/19 12:00,44,23,21
1/5/19 13:00,44,23,21
1/5/19 14:00,31,20,11
1/5/19 15:00,17,13,4
1/5/19 16:00,24,11,13
1/5/19 17:00,7,3,4
1/5/19 18:00,4,2,2
1/5/19 19:00,6,6,0
1/5/19 20:00,4,1,3
1/5/19 21:00,4,2,2
1/5/19 22:00,4,3,1
1/5/19 23:00,4,2,2
1/6/19 0:00,1,1,0
1/6/19 1:00,0,0,0
1/6/19 2:00,1,1,0
1/6/19 3:00,0,0,0
1/6/19 4:00,0,0,0
1/6/19 5:00,1,0,1
1/6/19 6:00,3,1,2
1/6/19 7:00,2,0,2
1/6/19 8:00,9,4,5
1/6/19 9:00,34,15,19
1/6/19 10:00,18,6,12
1/6/19 11:00,24,14,10
1/6/19 12:00,32,13,19
1/6/19 13:00,36,11,25
1/6/19 14:00,23,9,14
1/6/19 15:00,15,12,3
1/6/19 16:00,16,8,8
1/6/19 17:00,36,20,16
1/6/19 18:00,2,2,0
1/6/19 19:00,3,3,0
1/6/19 20:00,0,0,0
1/6/19 21:00,4,1,3
1/6/19 22:00,3,2,1
1/6/19 23:00,2,2,0
1/7/19 0:00,3,2,1
1/7/19 1:00,0,0,0
1/7/19 2:00,0,0,0
1/7/19 3:00,2,1,1
1/7/19 4:00,4,1,3
1/7/19 5:00,23,3,20
1/7/19 6:00,61,11,50
1/7/19 7:00,142,8,134
1/7/19 8:00,112,7,105
1/7/19 9:00,57,7,50
1/7/19 10:00,18,5,13
1/7/19 11:00,15,8,7
1/7/19 12:00,16,7,9
1/7/19 13:00,11,5,6
1/7/19 14:00,20,9,11
1/7/19 15:00,45,36,9
1/7/19 16:00,96,81,15
1/7/19 17:00,121,113,8
1/7/19 18:00,116,94,22
1/7/19 19:00,38,30,8
1/7/19 20:00,8,5,3
1/7/19 21:00,8,7,1
1/7/19 22:00,5,4,1
1/7/19 23:00,3,3,0
1/8/19 0:00,1,1,0
1/8/19 1:00,1,1,0
1/8/19 2:00,2,2,0
1/8/19 3:00,1,1,0
1/8/19 4:00,2,1,1
1/8/19 5:00,21,2,19
1/8/19 6:00,50,7,43
1/8/19 7:00,108,7,101
1/8/19 8:00,101,3,98
1/8/19 9:00,43,3,40
1/8/19 10:00,16,7,9
1/8/19 11:00,5,0,5
1/8/19 12:00,10,3,7
1/8/19 13:00,5,3,2
1/8/19 14:00,14,7,7
1/8/19 15:00,34,24,10
1/8/19 16:00,60,49,11
1/8/19 17:00,122,108,14
1/8/19 18:00,75,63,12
1/8/19 19:00,24,21,3
1/8/19 20:00,9,7,2
1/8/19 21:00,6,6,0
1/8/19 22:00,5,4,1
1/8/19 23:00,6,3,3
1/9/19 0:00,1,1,0
1/9/19 1:00,2,2,0
1/9/19 2:00,1,1,0
1/9/19 3:00,1,0,1
1/9/19 4:00,6,4,2
1/9/19 5:00,18,3,15
1/9/19 6:00,50,8,42
1/9/19 7:00,93,8,85
1/9/19 8:00,102,7,95
1/9/19 9:00,44,2,42
1/9/19 10:00,17,4,13
1/9/19 11:00,22,12,10
1/9/19 12:00,18,6,12
1/9/19 13:00,15,11,4
1/9/19 14:00,17,11,6
1/9/19 15:00,33,22,11
1/9/19 16:00,56,46,10
1/9/19 17:00,126,117,9
1/9/19 18:00,69,63,6
1/9/19 19:00,25,20,5
1/9/19 20:00,10,10,0
1/9/19 21:00,10,8,2
1/9/19 22:00,3,3,0
1/9/19 23:00,5,4,1
1/10/19 0:00,0,0,0
1/10/19 1:00,0,0,0
1/10/19 2:00,1,1,0
1/10/19 3:00,1,1,0
1/10/19 4:00,3,1,2
1/10/19 5:00,18,2,16
1/10/19 6:00,50,7,43
1/10/19 7:00,130,11,119
1/10/19 8:00,122,4,118
1/10/19 9:00,55,8,47
1/10/19 10:00,28,6,22
1/10/19 11:00,25,9,16
1/10/19 12:00,15,4,11
1/10/19 13:00,16,9,7
1/10/19 14:00,21,12,9
1/10/19 15:00,32,26,6
1/10/19 16:00,76,66,10
1/10/19 17:00,152,135,17
1/10/19 18:00,80,71,9
1/10/19 19:00,27,22,5
1/10/19 20:00,15,15,0
1/10/19 21:00,31,18,13
1/10/19 22:00,10,7,3
1/10/19 23:00,2,2,0
1/11/19 0:00,5,2,3
1/11/19 1:00,3,3,0
1/11/19 2:00,3,2,1
1/11/19 3:00,1,1,0
1/11/19 4:00,5,3,2
1/11/19 5:00,22,3,19
1/11/19 6:00,50,9,41
1/11/19 7:00,115,13,102
1/11/19 8:00,128,11,117
1/11/19 9:00,48,8,40
1/11/19 10:00,20,6,14
1/11/19 11:00,21,6,15
1/11/19 12:00,25,13,12
1/11/19 13:00,30,14,16
1/11/19 14:00,40,28,12
1/11/19 15:00,41,30,11
1/11/19 16:00,92,80,12
1/11/19 17:00,131,123,8
1/11/19 18:00,72,65,7
1/11/19 19:00,20,19,1
1/11/19 20:00,11,8,3
1/11/19 21:00,7,4,3
1/11/19 22:00,9,5,4
1/11/19 23:00,13,9,4
1/12/19 0:00,4,3,1
1/12/19 1:00,1,1,0
1/12/19 2:00,1,1,0
1/12/19 3:00,2,2,0
1/12/19 4:00,0,0,0
1/12/19 5:00,7,2,5
1/12/19 6:00,12,1,11
1/12/19 7:00,18,5,13
1/12/19 8:00,23,10,13
1/12/19 9:00,39,16,23
1/12/19 10:00,54,31,23
1/12/19 11:00,52,16,36
1/12/19 12:00,86,44,42
1/12/19 13:00,82,37,45
1/12/19 14:00,97,57,40
1/12/19 15:00,89,47,42
1/12/19 16:00,63,36,27
1/12/19 17:00,23,17,6
1/12/19 18:00,20,15,5
1/12/19 19:00,9,7,2
1/12/19 20:00,6,6,0
1/12/19 21:00,10,9,1
1/12/19 22:00,6,3,3
1/12/19 23:00,10,5,5
1/13/19 0:00,8,3,5
1/13/19 1:00,1,1,0
1/13/19 2:00,0,0,0
1/13/19 3:00,1,1,0
1/13/19 4:00,0,0,0
1/13/19 5:00,4,1,3
1/13/19 6:00,5,3,2
1/13/19 7:00,10,2,8
1/13/19 8:00,16,5,11
1/13/19 9:00,66,22,44
1/13/19 10:00,51,22,29
1/13/19 11:00,81,42,39
1/13/19 12:00,66,32,34
1/13/19 13:00,91,48,43
1/13/19 14:00,73,35,38
1/13/19 15:00,79,38,41
1/13/19 16:00,33,23,10
1/13/19 17:00,51,21,30
1/13/19 18:00,16,13,3
1/13/19 19:00,4,4,0
1/13/19 20:00,4,3,1
1/13/19 21:00,5,3,2
1/13/19 22:00,11,5,6
1/13/19 23:00,1,1,0
1/14/19 0:00,2,1,1
1/14/19 1:00,1,0,1
1/14/19 2:00,0,0,0
1/14/19 3:00,2,2,0
1/14/19 4:00,7,0,7
1/14/19 5:00,46,5,41
1/14/19 6:00,114,18,96
1/14/19 7:00,232,16,216
1/14/19 8:00,240,14,226
1/14/19 9:00,90,5,85
1/14/19 10:00,30,5,25
1/14/19 11:00,32,8,24
1/14/19 12:00,26,11,15
1/14/19 13:00,32,18,14
1/14/19 14:00,42,20,22
1/14/19 15:00,100,79,21
1/14/19 16:00,185,155,30
1/14/19 17:00,240,219,21
1/14/19 18:00,150,133,17
1/14/19 19:00,47,41,6
1/14/19 20:00,26,21,5
1/14/19 21:00,9,7,2
1/14/19 22:00,8,5,3
1/14/19 23:00,5,4,1
1/15/19 0:00,2,2,0
1/15/19 1:00,2,2,0
1/15/19 2:00,1,0,1
1/15/19 3:00,2,2,0
1/15/19 4:00,6,1,5
1/15/19 5:00,42,6,36
1/15/19 6:00,98,8,90
1/15/19 7:00,180,12,168
1/15/19 8:00,183,8,175
1/15/19 9:00,101,17,84
1/15/19 10:00,38,7,31
1/15/19 11:00,23,7,16
1/15/19 12:00,31,12,19
1/15/19 13:00,15,8,7
1/15/19 14:00,35,17,18
1/15/19 15:00,59,48,11
1/15/19 16:00,163,144,19
1/15/19 17:00,210,193,17
1/15/19 18:00,114,98,16
1/15/19 19:00,46,41,5
1/15/19 20:00,22,18,4
1/15/19 21:00,5,5,0
1/15/19 22:00,9,8,1
1/15/19 23:00,4,3,1
1/16/19 0:00,1,0,1
1/16/19 1:00,1,0,1
1/16/19 2:00,0,0,0
1/16/19 3:00,1,1,0
1/16/19 4:00,6,2,4
1/16/19 5:00,27,5,22
1/16/19 6:00,89,9,80
1/16/19 7:00,175,12,163
1/16/19 8:00,176,13,163
1/16/19 9:00,82,9,73
1/16/19 10:00,32,4,28
1/16/19 11:00,26,10,16
1/16/19 12:00,29,6,23
1/16/19 13:00,28,11,17
1/16/19 14:00,33,16,17
1/16/19 15:00,69,50,19
1/16/19 16:00,131,114,17
1/16/19 17:00,198,179,19
1/16/19 18:00,123,102,21
1/16/19 19:00,48,40,8
1/16/19 20:00,28,24,4
1/16/19 21:00,9,8,1
1/16/19 22:00,6,5,1
1/16/19 23:00,7,7,0
1/17/19 0:00,0,0,0
1/17/19 1:00,3,1,2
1/17/19 2:00,0,0,0
1/17/19 3:00,1,1,0
1/17/19 4:00,8,4,4
1/17/19 5:00,34,6,28
1/17/19 6:00,69,7,62
1/17/19 7:00,141,9,132
1/17/19 8:00,140,11,129
1/17/19 9:00,63,10,53
1/17/19 10:00,43,15,28
1/17/19 11:00,13,3,10
1/17/19 12:00,14,6,8
1/17/19 13:00,17,12,5
1/17/19 14:00,29,17,12
1/17/19 15:00,48,40,8
1/17/19 16:00,99,82,17
1/17/19 17:00,145,135,10
1/17/19 18:00,84,77,7
1/17/19 19:00,39,30,9
1/17/19 20:00,14,14,0
1/17/19 21:00,20,11,9
1/17/19 22:00,1,1,0
1/17/19 23:00,2,2,0
1/18/19 0:00,1,1,0
1/18/19 1:00,1,1,0
1/18/19 2:00,1,1,0
1/18/19 3:00,4,3,1
1/18/19 4:00,5,3,2
1/18/19 5:00,20,3,17
1/18/19 6:00,50,6,44
1/18/19 7:00,124,13,111
1/18/19 8:00,120,6,114
1/18/19 9:00,43,8,35
1/18/19 10:00,21,4,17
1/18/19 11:00,11,3,8
1/18/19 12:00,17,8,9
1/18/19 13:00,12,7,5
1/18/19 14:00,34,25,9
1/18/19 15:00,36,29,7
1/18/19 16:00,87,80,7
1/18/19 17:00,103,92,11
1/18/19 18:00,77,65,12
1/18/19 19:00,20,18,2
1/18/19 20:00,10,9,1
1/18/19 21:00,7,6,1
1/18/19 22:00,4,2,2
1/18/19 23:00,2,1,1
1/19/19 0:00,2,1,1
1/19/19 1:00,1,1,0
1/19/19 2:00,0,0,0
1/19/19 3:00,1,1,0
1/19/19 4:00,0,0,0
1/19/19 5:00,3,1,2
1/19/19 6:00,5,4,1
1/19/19 7:00,7,2,5
1/19/19 8:00,19,5,14
1/19/19 9:00,15,5,10
1/19/19 10:00,15,6,9
1/19/19 11:00,30,14,16
1/19/19 12:00,36,17,19
1/19/19 13:00,37,18,19
1/19/19 14:00,25,14,11
1/19/19 15:00,19,6,13
1/19/19 16:00,19,13,6
1/19/19 17:00,9,2,7
1/19/19 18:00,14,5,9
1/19/19 19:00,2,1,1
1/19/19 20:00,1,1,0
1/19/19 21:00,6,3,3
1/19/19 22:00,4,3,1
1/19/19 23:00,5,4,1
1/20/19 0:00,1,1,0
1/20/19 1:00,0,0,0
1/20/19 2:00,2,1,1
1/20/19 3:00,1,0,1
1/20/19 4:00,1,1,0
1/20/19 5:00,2,1,1
1/20/19 6:00,3,1,2
1/20/19 7:00,10,1,9
1/20/19 8:00,12,3,9
1/20/19 9:00,37,18,19
1/20/19 10:00,21,7,14
1/20/19 11:00,44,22,22
1/20/19 12:00,32,13,19
1/20/19 13:00,24,13,11
1/20/19 14:00,28,18,10
1/20/19 15:00,35,13,22
1/20/19 16:00,18,11,7
1/20/19 17:00,25,13,12
1/20/19 18:00,4,3,1
1/20/19 19:00,5,3,2
1/20/19 20:00,7,6,1
1/20/19 21:00,10,9,1
1/20/19 22:00,3,2,1
1/20/19 23:00,6,1,5
1/21/19 0:00,2,2,0
1/21/19 1:00,3,0,3
1/21/19 2:00,1,0,1
1/21/19 3:00,1,1,0
1/21/19 4:00,3,1,2
1/21/19 5:00,11,2,9
1/21/19 6:00,44,8,36
1/21/19 7:00,66,6,60
1/21/19 8:00,78,5,73
1/21/19 9:00,37,6,31
1/21/19 10:00,27,11,16
1/21/19 11:00,24,9,15
1/21/19 12:00,27,6,21
1/21/19 13:00,28,11,17
1/21/19 14:00,35,22,13
1/21/19 15:00,48,38,10
1/21/19 16:00,70,60,10
1/21/19 17:00,91,79,12
1/21/19 18:00,45,37,8
1/21/19 19:00,17,12,5
1/21/19 20:00,13,10,3
1/21/19 21:00,7,5,2
1/21/19 22:00,4,2,2
1/21/19 23:00,2,1,1
1/22/19 0:00,2,1,1
1/22/19 1:00,5,2,3
1/22/19 2:00,2,1,1
1/22/19 3:00,3,3,0
1/22/19 4:00,4,0,4
1/22/19 5:00,31,3,28
1/22/19 6:00,72,15,57
1/22/19 7:00,161,17,144
1/22/19 8:00,153,11,142
1/22/19 9:00,55,4,51
1/22/19 10:00,17,3,14
1/22/19 11:00,18,4,14
1/22/19 12:00,12,7,5
1/22/19 13:00,9,6,3
1/22/19 14:00,15,10,5
1/22/19 15:00,34,27,7
1/22/19 16:00,110,96,14
1/22/19 17:00,161,149,12
1/22/19 18:00,96,87,9
1/22/19 19:00,33,31,2
1/22/19 20:00,10,10,0
1/22/19 21:00,2,2,0
1/22/19 22:00,3,2,1
1/22/19 23:00,0,0,0
1/23/19 0:00,0,0,0
1/23/19 1:00,2,1,1
1/23/19 2:00,2,2,0
1/23/19 3:00,1,1,0
1/23/19 4:00,3,1,2
1/23/19 5:00,22,1,21
1/23/19 6:00,87,14,73
1/23/19 7:00,133,12,121
1/23/19 8:00,166,11,155
1/23/19 9:00,43,4,39
1/23/19 10:00,20,2,18
1/23/19 11:00,17,6,11
1/23/19 12:00,15,5,10
1/23/19 13:00,10,4,6
1/23/19 14:00,21,10,11
1/23/19 15:00,50,38,12
1/23/19 16:00,134,117,17
1/23/19 17:00,164,152,12
1/23/19 18:00,87,79,8
1/23/19 19:00,35,33,2
1/23/19 20:00,13,10,3
1/23/19 21:00,10,10,0
1/23/19 22:00,6,4,2
1/23/19 23:00,7,4,3
1/24/19 0:00,3,0,3
1/24/19 1:00,1,0,1
1/24/19 2:00,7,4,3
1/24/19 3:00,2,2,0
1/24/19 4:00,11,4,7
1/24/19 5:00,37,5,32
1/24/19 6:00,83,15,68
1/24/19 7:00,172,15,157
1/24/19 8:00,147,12,135
1/24/19 9:00,54,6,48
1/24/19 10:00,27,5,22
1/24/19 11:00,18,6,12
1/24/19 12:00,19,8,11
1/24/19 13:00,24,10,14
1/24/19 14:00,25,14,11
1/24/19 15:00,46,36,10
1/24/19 16:00,134,116,18
1/24/19 17:00,159,149,10
1/24/19 18:00,114,93,21
1/24/19 19:00,32,29,3
1/24/19 20:00,38,35,3
1/24/19 21:00,55,35,20
1/24/19 22:00,7,7,0
1/24/19 23:00,6,4,2
1/25/19 0:00,3,2,1
1/25/19 1:00,1,0,1
1/25/19 2:00,1,1,0
1/25/19 3:00,1,1,0
1/25/19 4:00,4,1,3
1/25/19 5:00,29,4,25
1/25/19 6:00,65,9,56
1/25/19 7:00,129,13,116
1/25/19 8:00,153,10,143
1/25/19 9:00,64,10,54
1/25/19 10:00,27,5,22
1/25/19 11:00,27,10,17
1/25/19 12:00,15,7,8
1/25/19 13:00,21,11,10
1/25/19 14:00,43,30,13
1/25/19 15:00,59,39,20
1/25/19 16:00,119,103,16
1/25/19 17:00,150,138,12
1/25/19 18:00,78,69,9
1/25/19 19:00,21,17,4
1/25/19 20:00,41,29,12
1/25/19 21:00,12,10,2
1/25/19 22:00,9,7,2
1/25/19 23:00,4,3,1
1/26/19 0:00,2,1,1
1/26/19 1:00,4,4,0
1/26/19 2:00,3,3,0
1/26/19 3:00,3,1,2
1/26/19 4:00,2,0,2
1/26/19 5:00,1,0,1
1/26/19 6:00,4,2,2
1/26/19 7:00,11,4,7
1/26/19 8:00,23,7,16
1/26/19 9:00,40,21,19
1/26/19 10:00,34,10,24
1/26/19 11:00,62,31,31
1/26/19 12:00,71,31,40
1/26/19 13:00,72,36,36
1/26/19 14:00,65,35,30
1/26/19 15:00,76,37,39
1/26/19 16:00,43,26,17
1/26/19 17:00,18,14,4
1/26/19 18:00,18,7,11
1/26/19 19:00,8,7,1
1/26/19 20:00,7,4,3
1/26/19 21:00,8,5,3
1/26/19 22:00,4,2,2
1/26/19 23:00,4,2,2
1/27/19 0:00,5,2,3
1/27/19 1:00,3,3,0
1/27/19 2:00,2,2,0
1/27/19 3:00,0,0,0
1/27/19 4:00,4,2,2
1/27/19 5:00,5,3,2
1/27/19 6:00,6,2,4
1/27/19 7:00,16,8,8
1/27/19 8:00,7,2,5
1/27/19 9:00,27,7,20
1/27/19 10:00,34,14,20
1/27/19 11:00,41,20,21
1/27/19 12:00,42,18,24
1/27/19 13:00,56,28,28
1/27/19 14:00,35,16,19
1/27/19 15:00,38,19,19
1/27/19 16:00,33,16,17
1/27/19 17:00,13,4,9
1/27/19 18:00,39,23,16
1/27/19 19:00,3,2,1
1/27/19 20:00,5,3,2
1/27/19 21:00,4,3,1
1/27/19 22:00,2,2,0
1/27/19 23:00,1,1,0
1/28/19 0:00,2,0,2
1/28/19 1:00,2,1,1
1/28/19 2:00,0,0,0
1/28/19 3:00,1,1,0
1/28/19 4:00,8,1,7
1/28/19 5:00,28,5,23
1/28/19 6:00,92,14,78
1/28/19 7:00,189,12,177
1/28/19 8:00,165,5,160
1/28/19 9:00,67,3,64
1/28/19 10:00,31,10,21
1/28/19 11:00,24,7,17
1/28/19 12:00,22,7,15
1/28/19 13:00,24,12,12
1/28/19 14:00,28,21,7
1/28/19 15:00,56,41,15
1/28/19 16:00,154,130,24
1/28/19 17:00,186,171,15
1/28/19 18:00,123,109,14
1/28/19 19:00,29,26,3
1/28/19 20:00,15,13,2
1/28/19 21:00,13,10,3
1/28/19 22:00,10,5,5
1/28/19 23:00,2,2,0
1/29/19 0:00,2,2,0
1/29/19 1:00,0,0,0
1/29/19 2:00,3,3,0
1/29/19 3:00,1,1,0
1/29/19 4:00,9,2,7
1/29/19 5:00,27,1,26
1/29/19 6:00,92,17,75
1/29/19 7:00,167,12,155
1/29/19 8:00,164,11,153
1/29/19 9:00,73,12,61
1/29/19 10:00,30,4,26
1/29/19 11:00,27,7,20
1/29/19 12:00,32,15,17
1/29/19 13:00,20,11,9
1/29/19 14:00,38,21,17
1/29/19 15:00,72,53,19
1/29/19 16:00,147,119,28
1/29/19 17:00,188,167,21
1/29/19 18:00,101,91,10
1/29/19 19:00,62,50,12
1/29/19 20:00,14,13,1
1/29/19 21:00,18,14,4
1/29/19 22:00,10,7,3
1/29/19 23:00,3,3,0
1/30/19 0:00,1,1,0
1/30/19 1:00,2,1,1
1/30/19 2:00,4,2,2
1/30/19 3:00,1,1,0
1/30/19 4:00,6,0,6
1/30/19 5:00,32,3,29
1/30/19 6:00,74,11,63
1/30/19 7:00,139,8,131
1/30/19 8:00,160,12,148
1/30/19 9:00,64,9,55
1/30/19 10:00,33,7,26
1/30/19 11:00,32,10,22
1/30/19 12:00,23,8,15
1/30/19 13:00,20,10,10
1/30/19 14:00,43,19,24
1/30/19 15:00,53,42,11
1/30/19 16:00,120,105,15
1/30/19 17:00,155,131,24
1/30/19 18:00,80,60,20
1/30/19 19:00,38,34,4
1/30/19 20:00,23,19,4
1/30/19 21:00,8,6,2
1/30/19 22:00,10,4,6
1/30/19 23:00,6,4,2
1/31/19 0:00,7,4,3
1/31/19 1:00,2,2,0
1/31/19 2:00,3,3,0
1/31/19 3:00,8,5,3
1/31/19 4:00,3,0,3
1/31/19 5:00,33,5,28
1/31/19 6:00,71,12,59
1/31/19 7:00,137,9,128
1/31/19 8:00,148,10,138
1/31/19 9:00,75,7,68
1/31/19 10:00,28,6,22
1/31/19 11:00,24,8,16
1/31/19 12:00,26,8,18
1/31/19 13:00,20,13,7
1/31/19 14:00,31,19,12
1/31/19 15:00,52,34,18
1/31/19 16:00,105,93,12
1/31/19 17:00,178,169,9
1/31/19 18:00,97,82,15
1/31/19 19:00,38,30,8
1/31/19 20:00,20,17,3
1/31/19 21:00,27,16,11
1/31/19 22:00,8,6,2
1/31/19 23:00,5,3,2
2/1/19 0:00,1,1,0
2/1/19 1:00,2,2,0
2/1/19 2:00,4,3,1
2/1/19 3:00,2,1,1
2/1/19 4:00,2,1,1
2/1/19 5:00,15,2,13
2/1/19 6:00,40,5,35
2/1/19 7:00,84,7,77
2/1/19 8:00,98,6,92
2/1/19 9:00,36,6,30
2/1/19 10:00,6,2,4
2/1/19 11:00,7,1,6
2/1/19 12:00,5,2,3
2/1/19 13:00,10,6,4
2/1/19 14:00,23,17,6
2/1/19 15:00,31,23,8
2/1/19 16:00,61,53,8
2/1/19 17:00,83,77,6
2/1/19 18:00,43,40,3
2/1/19 19:00,26,24,2
2/1/19 20:00,17,15,2
2/1/19 21:00,5,3,2
2/1/19 22:00,5,3,2
2/1/19 23:00,7,2,5
2/2/19 0:00,2,0,2
2/2/19 1:00,3,3,0
2/2/19 2:00,1,1,0
2/2/19 3:00,1,1,0
2/2/19 4:00,0,0,0
2/2/19 5:00,4,1,3
2/2/19 6:00,17,1,16
2/2/19 7:00,15,6,9
2/2/19 8:00,19,9,10
2/2/19 9:00,21,12,9
2/2/19 10:00,22,12,10
2/2/19 11:00,32,13,19
2/2/19 12:00,42,18,24
2/2/19 13:00,42,20,22
2/2/19 14:00,24,14,10
2/2/19 15:00,26,16,10
2/2/19 16:00,25,13,12
2/2/19 17:00,29,22,7
2/2/19 18:00,14,10,4
2/2/19 19:00,5,3,2
2/2/19 20:00,7,6,1
2/2/19 21:00,8,4,4
2/2/19 22:00,7,6,1
2/2/19 23:00,3,2,1
2/3/19 0:00,6,6,0
2/3/19 1:00,1,1,0
2/3/19 2:00,3,2,1
2/3/19 3:00,1,0,1
2/3/19 4:00,1,1,0
2/3/19 5:00,3,0,3
2/3/19 6:00,17,4,13
2/3/19 7:00,159,10,149
2/3/19 8:00,131,10,121
2/3/19 9:00,69,47,22
2/3/19 10:00,145,123,22
2/3/19 11:00,72,63,9
2/3/19 12:00,42,38,4
2/3/19 13:00,32,17,15
2/3/19 14:00,16,10,6
2/3/19 15:00,19,15,4
2/3/19 16:00,1,0,1
2/3/19 17:00,13,8,5
2/3/19 18:00,2,2,0
2/3/19 19:00,5,3,2
2/3/19 20:00,3,2,1
2/3/19 21:00,1,1,0
2/3/19 22:00,3,2,1
2/3/19 23:00,0,0,0
2/4/19 0:00,3,1,2
2/4/19 1:00,2,1,1
2/4/19 2:00,0,0,0
2/4/19 3:00,0,0,0
2/4/19 4:00,1,1,0
2/4/19 5:00,8,2,6
2/4/19 6:00,6,2,4
2/4/19 7:00,11,0,11
2/4/19 8:00,9,1,8
2/4/19 9:00,8,0,8
2/4/19 10:00,1,1,0
2/4/19 11:00,2,0,2
2/4/19 12:00,3,2,1
2/4/19 13:00,2,2,0
2/4/19 14:00,3,2,1
2/4/19 15:00,7,5,2
2/4/19 16:00,11,9,2
2/4/19 17:00,10,9,1
2/4/19 18:00,6,5,1
2/4/19 19:00,2,2,0
2/4/19 20:00,0,0,0
2/4/19 21:00,0,0,0
2/4/19 22:00,2,2,0
2/4/19 23:00,1,1,0
2/5/19 0:00,1,1,0
2/5/19 1:00,1,1,0
2/5/19 2:00,0,0,0
2/5/19 3:00,3,3,0
2/5/19 4:00,1,1,0
2/5/19 5:00,3,1,2
2/5/19 6:00,6,2,4
2/5/19 7:00,10,1,9
2/5/19 8:00,14,3,11
2/5/19 9:00,7,0,7
2/5/19 10:00,5,1,4
2/5/19 11:00,1,0,1
2/5/19 12:00,3,1,2
2/5/19 13:00,8,4,4
2/5/19 14:00,6,4,2
2/5/19 15:00,14,9,5
2/5/19 16:00,13,12,1
2/5/19 17:00,16,14,2
2/5/19 18:00,8,6,2
2/5/19 19:00,5,4,1
2/5/19 20:00,2,1,1
2/5/19 21:00,2,0,2
2/5/19 22:00,1,1,0
2/5/19 23:00,0,0,0
2/6/19 0:00,1,0,1
2/6/19 1:00,1,1,0
2/6/19 2:00,2,1,1
2/6/19 3:00,1,1,0
2/6/19 4:00,1,1,0
2/6/19 5:00,5,2,3
2/6/19 6:00,19,3,16
2/6/19 7:00,25,1,24
2/6/19 8:00,32,3,29
2/6/19 9:00,22,3,19
2/6/19 10:00,11,2,9
2/6/19 11:00,2,0,2
2/6/19 12:00,3,0,3
2/6/19 13:00,10,5,5
2/6/19 14:00,12,4,8
2/6/19 15:00,12,8,4
2/6/19 16:00,24,19,5
2/6/19 17:00,50,47,3
2/6/19 18:00,18,17,1
2/6/19 19:00,55,30,25
2/6/19 20:00,7,6,1
2/6/19 21:00,5,5,0
2/6/19 22:00,3,2,1
2/6/19 23:00,0,0,0
2/7/19 0:00,1,1,0
2/7/19 1:00,1,0,1
2/7/19 2:00,4,3,1
2/7/19 3:00,3,2,1
2/7/19 4:00,2,2,0
2/7/19 5:00,10,4,6
2/7/19 6:00,23,3,20
2/7/19 7:00,36,4,32
2/7/19 8:00,59,5,54
2/7/19 9:00,25,4,21
2/7/19 10:00,6,0,6
2/7/19 11:00,4,2,2
2/7/19 12:00,17,5,12
2/7/19 13:00,9,4,5
2/7/19 14:00,13,6,7
2/7/19 15:00,20,16,4
2/7/19 16:00,35,31,4
2/7/19 17:00,66,60,6
2/7/19 18:00,20,20,0
2/7/19 19:00,11,10,1
2/7/19 20:00,6,4,2
2/7/19 21:00,30,17,13
2/7/19 22:00,2,1,1
2/7/19 23:00,0,0,0
2/8/19 0:00,3,2,1
2/8/19 1:00,1,1,0
2/8/19 2:00,2,1,1
2/8/19 3:00,2,2,0
2/8/19 4:00,3,0,3
2/8/19 5:00,12,4,8
2/8/19 6:00,17,3,14
2/8/19 7:00,25,2,23
2/8/19 8:00,40,3,37
2/8/19 9:00,11,2,9
2/8/19 10:00,7,4,3
2/8/19 11:00,5,2,3
2/8/19 12:00,17,15,2
2/8/19 13:00,33,30,3
2/8/19 14:00,30,26,4
2/8/19 15:00,16,15,1
2/8/19 16:00,9,4,5
2/8/19 17:00,7,6,1
2/8/19 18:00,2,2,0
2/8/19 19:00,1,1,0
2/8/19 20:00,1,0,1
2/8/19 21:00,0,0,0
2/8/19 22:00,3,0,3
2/8/19 23:00,0,0,0
2/9/19 0:00,3,3,0
2/9/19 1:00,0,0,0
2/9/19 2:00,1,1,0
2/9/19 3:00,0,0,0
2/9/19 4:00,0,0,0
2/9/19 5:00,0,0,0
2/9/19 6:00,0,0,0
2/9/19 7:00,1,0,1
2/9/19 8:00,0,0,0
2/9/19 9:00,0,0,0
2/9/19 10:00,1,0,1
2/9/19 11:00,23,9,14
2/9/19 12:00,2,1,1
2/9/19 13:00,1,0,1
2/9/19 14:00,0,0,0
2/9/19 15:00,2,1,1
2/9/19 16:00,2,1,1
2/9/19 17:00,2,2,0
2/9/19 18:00,2,2,0
2/9/19 19:00,0,0,0
2/9/19 20:00,0,0,0
2/9/19 21:00,1,0,1
2/9/19 22:00,0,0,0
2/9/19 23:00,2,2,0
2/10/19 0:00,0,0,0
2/10/19 1:00,0,0,0
2/10/19 2:00,0,0,0
2/10/19 3:00,0,0,0
2/10/19 4:00,0,0,0
2/10/19 5:00,1,0,1
2/10/19 6:00,0,0,0
2/10/19 7:00,2,0,2
2/10/19 8:00,0,0,0
2/10/19 9:00,0,0,0
2/10/19 10:00,1,0,1
2/10/19 11:00,0,0,0
2/10/19 12:00,0,0,0
2/10/19 13:00,0,0,0
2/10/19 14:00,1,1,0
2/10/19 15:00,1,0,1
2/10/19 16:00,0,0,0
2/10/19 17:00,1,0,1
2/10/19 18:00,1,1,0
2/10/19 19:00,1,1,0
2/10/19 20:00,0,0,0
2/10/19 21:00,0,0,0
2/10/19 22:00,0,0,0
2/10/19 23:00,0,0,0
2/11/19 0:00,0,0,0
2/11/19 1:00,0,0,0
2/11/19 2:00,0,0,0
2/11/19 3:00,0,0,0
2/11/19 4:00,1,1,0
2/11/19 5:00,5,2,3
2/11/19 6:00,3,1,2
2/11/19 7:00,6,1,5
2/11/19 8:00,36,18,18
2/11/19 9:00,2,0,2
2/11/19 10:00,2,0,2
2/11/19 11:00,1,0,1
2/11/19 12:00,2,1,1
2/11/19 13:00,3,1,2
2/11/19 14:00,3,2,1
2/11/19 15:00,6,4,2
2/11/19 16:00,5,4,1
2/11/19 17:00,43,22,21
2/11/19 18:00,2,2,0
2/11/19 19:00,1,0,1
2/11/19 20:00,1,1,0
2/11/19 21:00,0,0,0
2/11/19 22:00,1,0,1
2/11/19 23:00,1,1,0
2/12/19 0:00,0,0,0
2/12/19 1:00,1,0,1
2/12/19 2:00,1,1,0
2/12/19 3:00,0,0,0
2/12/19 4:00,1,1,0
2/12/19 5:00,2,0,2
2/12/19 6:00,3,0,3
2/12/19 7:00,7,0,7
2/12/19 8:00,10,4,6
2/12/19 9:00,3,1,2
2/12/19 10:00,5,2,3
2/12/19 11:00,1,0,1
2/12/19 12:00,1,0,1
2/12/19 13:00,1,1,0
2/12/19 14:00,3,1,2
2/12/19 15:00,4,2,2
2/12/19 16:00,7,4,3
2/12/19 17:00,14,11,3
2/12/19 18:00,6,5,1
2/12/19 19:00,1,0,1
2/12/19 20:00,1,0,1
2/12/19 21:00,1,1,0
2/12/19 22:00,3,2,1
2/12/19 23:00,0,0,0
2/13/19 0:00,1,0,1
2/13/19 1:00,0,0,0
2/13/19 2:00,1,0,1
2/13/19 3:00,1,1,0
2/13/19 4:00,0,0,0
2/13/19 5:00,2,0,2
2/13/19 6:00,10,2,8
2/13/19 7:00,13,0,13
2/13/19 8:00,22,2,20
2/13/19 9:00,9,2,7
2/13/19 10:00,4,2,2
2/13/19 11:00,5,1,4
2/13/19 12:00,5,1,4
2/13/19 13:00,5,2,3
2/13/19 14:00,4,3,1
2/13/19 15:00,8,7,1
2/13/19 16:00,12,10,2
2/13/19 17:00,28,25,3
2/13/19 18:00,12,8,4
2/13/19 19:00,4,3,1
2/13/19 20:00,4,4,0
2/13/19 21:00,2,1,1
2/13/19 22:00,1,1,0
2/13/19 23:00,0,0,0
2/14/19 0:00,1,0,1
2/14/19 1:00,0,0,0
2/14/19 2:00,2,2,0
2/14/19 3:00,1,1,0
2/14/19 4:00,1,1,0
2/14/19 5:00,5,2,3
2/14/19 6:00,9,1,8
2/14/19 7:00,16,1,15
2/14/19 8:00,31,3,28
2/14/19 9:00,13,1,12
2/14/19 10:00,6,3,3
2/14/19 11:00,0,0,0
2/14/19 12:00,5,1,4
2/14/19 13:00,6,3,3
2/14/19 14:00,7,4,3
2/14/19 15:00,5,3,2
2/14/19 16:00,25,20,5
2/14/19 17:00,34,28,6
2/14/19 18:00,14,13,1
2/14/19 19:00,6,2,4
2/14/19 20:00,2,2,0
2/14/19 21:00,27,14,13
2/14/19 22:00,1,0,1
2/14/19 23:00,3,0,3
2/15/19 0:00,1,0,1
2/15/19 1:00,0,0,0
2/15/19 2:00,2,1,1
2/15/19 3:00,2,1,1
2/15/19 4:00,1,1,0
2/15/19 5:00,8,2,6
2/15/19 6:00,16,4,12
2/15/19 7:00,34,2,32
2/15/19 8:00,58,4,54
2/15/19 9:00,23,7,16
2/15/19 10:00,6,2,4
2/15/19 11:00,3,1,2
2/15/19 12:00,5,2,3
2/15/19 13:00,11,8,3
2/15/19 14:00,9,6,3
2/15/19 15:00,23,21,2
2/15/19 16:00,31,26,5
2/15/19 17:00,38,36,2
2/15/19 18:00,42,38,4
2/15/19 19:00,6,3,3
2/15/19 20:00,2,1,1
2/15/19 21:00,6,4,2
2/15/19 22:00,3,2,1
2/15/19 23:00,3,3,0
2/16/19 0:00,3,1,2
2/16/19 1:00,0,0,0
2/16/19 2:00,0,0,0
2/16/19 3:00,1,1,0
2/16/19 4:00,0,0,0
2/16/19 5:00,0,0,0
2/16/19 6:00,1,0,1
2/16/19 7:00,3,0,3
2/16/19 8:00,10,2,8
2/16/19 9:00,13,3,10
2/16/19 10:00,21,17,4
2/16/19 11:00,33,13,20
2/16/19 12:00,16,11,5
2/16/19 13:00,21,5,16
2/16/19 14:00,20,9,11
2/16/19 15:00,8,5,3
2/16/19 16:00,15,13,2
2/16/19 17:00,3,1,2
2/16/19 18:00,1,0,1
2/16/19 19:00,4,3,1
2/16/19 20:00,1,1,0
2/16/19 21:00,0,0,0
2/16/19 22:00,2,0,2
2/16/19 23:00,4,1,3
2/17/19 0:00,0,0,0
2/17/19 1:00,1,1,0
2/17/19 2:00,0,0,0
2/17/19 3:00,0,0,0
2/17/19 4:00,1,0,1
2/17/19 5:00,1,0,1
2/17/19 6:00,1,0,1
2/17/19 7:00,4,1,3
2/17/19 8:00,9,5,4
2/17/19 9:00,20,5,15
2/17/19 10:00,23,11,12
2/17/19 11:00,28,19,9
2/17/19 12:00,17,7,10
2/17/19 13:00,23,9,14
2/17/19 14:00,18,14,4
2/17/19 15:00,16,10,6
2/17/19 16:00,22,11,11
2/17/19 17:00,25,17,8
2/17/19 18:00,9,5,4
2/17/19 19:00,11,6,5
2/17/19 20:00,0,0,0
2/17/19 21:00,2,1,1
2/17/19 22:00,3,0,3
2/17/19 23:00,0,0,0
2/18/19 0:00,1,1,0
2/18/19 1:00,0,0,0
2/18/19 2:00,0,0,0
2/18/19 3:00,1,1,0
2/18/19 4:00,1,0,1
2/18/19 5:00,10,4,6
2/18/19 6:00,21,6,15
2/18/19 7:00,24,3,21
2/18/19 8:00,61,9,52
2/18/19 9:00,25,5,20
2/18/19 10:00,21,3,18
2/18/19 11:00,19,7,12
2/18/19 12:00,17,9,8
2/18/19 13:00,17,7,10
2/18/19 14:00,23,11,12
2/18/19 15:00,34,22,12
2/18/19 16:00,49,35,14
2/18/19 17:00,52,48,4
2/18/19 18:00,46,37,9
2/18/19 19:00,10,8,2
2/18/19 20:00,5,5,0
2/18/19 21:00,4,3,1
2/18/19 22:00,3,2,1
2/18/19 23:00,2,2,0
2/19/19 0:00,1,1,0
2/19/19 1:00,0,0,0
2/19/19 2:00,3,1,2
2/19/19 3:00,1,1,0
2/19/19 4:00,2,0,2
2/19/19 5:00,15,1,14
2/19/19 6:00,54,12,42
2/19/19 7:00,80,6,74
2/19/19 8:00,83,7,76
2/19/19 9:00,40,4,36
2/19/19 10:00,14,6,8
2/19/19 11:00,10,2,8
2/19/19 12:00,6,3,3
2/19/19 13:00,9,3,6
2/19/19 14:00,10,8,2
2/19/19 15:00,30,21,9
2/19/19 16:00,45,39,6
2/19/19 17:00,101,96,5
2/19/19 18:00,50,46,4
2/19/19 19:00,20,15,5
2/19/19 20:00,3,3,0
2/19/19 21:00,10,7,3
2/19/19 22:00,6,4,2
2/19/19 23:00,3,2,1
2/20/19 0:00,0,0,0
2/20/19 1:00,1,1,0
2/20/19 2:00,2,1,1
2/20/19 3:00,0,0,0
2/20/19 4:00,4,1,3
2/20/19 5:00,13,2,11
2/20/19 6:00,40,6,34
2/20/19 7:00,67,3,64
2/20/19 8:00,102,9,93
2/20/19 9:00,37,6,31
2/20/19 10:00,16,5,11
2/20/19 11:00,8,1,7
2/20/19 12:00,13,5,8
2/20/19 13:00,8,5,3
2/20/19 14:00,16,8,8
2/20/19 15:00,28,18,10
2/20/19 16:00,69,56,13
2/20/19 17:00,107,97,10
2/20/19 18:00,56,49,7
2/20/19 19:00,20,16,4
2/20/19 20:00,17,16,1
2/20/19 21:00,12,10,2
2/20/19 22:00,4,3,1
2/20/19 23:00,4,4,0
2/21/19 0:00,2,1,1
2/21/19 1:00,1,1,0
2/21/19 2:00,2,1,1
2/21/19 3:00,3,1,2
2/21/19 4:00,7,2,5
2/21/19 5:00,14,1,13
2/21/19 6:00,35,4,31
2/21/19 7:00,87,9,78
2/21/19 8:00,94,6,88
2/21/19 9:00,46,8,38
2/21/19 10:00,23,4,19
2/21/19 11:00,22,7,15
2/21/19 12:00,28,9,19
2/21/19 13:00,32,18,14
2/21/19 14:00,25,10,15
2/21/19 15:00,29,24,5
2/21/19 16:00,68,60,8
2/21/19 17:00,124,102,22
2/21/19 18:00,63,52,11
2/21/19 19:00,24,21,3
2/21/19 20:00,11,8,3
2/21/19 21:00,9,9,0
2/21/19 22:00,5,5,0
2/21/19 23:00,2,2,0
2/22/19 0:00,3,1,2
2/22/19 1:00,0,0,0
2/22/19 2:00,1,1,0
2/22/19 3:00,2,1,1
2/22/19 4:00,3,2,1
2/22/19 5:00,10,1,9
2/22/19 6:00,32,5,27
2/22/19 7:00,63,5,58
2/22/19 8:00,67,5,62
2/22/19 9:00,26,3,23
2/22/19 10:00,7,2,5
2/22/19 11:00,6,1,5
2/22/19 12:00,5,3,2
2/22/19 13:00,5,4,1
2/22/19 14:00,13,5,8
2/22/19 15:00,24,16,8
2/22/19 16:00,41,36,5
2/22/19 17:00,58,50,8
2/22/19 18:00,39,35,4
2/22/19 19:00,17,15,2
2/22/19 20:00,3,3,0
2/22/19 21:00,11,6,5
2/22/19 22:00,4,2,2
2/22/19 23:00,2,2,0
2/23/19 0:00,0,0,0
2/23/19 1:00,3,3,0
2/23/19 2:00,1,1,0
2/23/19 3:00,4,2,2
2/23/19 4:00,2,0,2
2/23/19 5:00,3,2,1
2/23/19 6:00,3,1,2
2/23/19 7:00,6,1,5
2/23/19 8:00,16,5,11
2/23/19 9:00,8,3,5
2/23/19 10:00,14,5,9
2/23/19 11:00,27,20,7
2/23/19 12:00,27,10,17
2/23/19 13:00,17,9,8
2/23/19 14:00,23,11,12
2/23/19 15:00,11,7,4
2/23/19 16:00,18,10,8
2/23/19 17:00,9,7,2
2/23/19 18:00,10,2,8
2/23/19 19:00,4,2,2
2/23/19 20:00,4,4,0
2/23/19 21:00,3,2,1
2/23/19 22:00,1,1,0
2/23/19 23:00,0,0,0
2/24/19 0:00,2,1,1
2/24/19 1:00,0,0,0
2/24/19 2:00,0,0,0
2/24/19 3:00,1,0,1
2/24/19 4:00,0,0,0
2/24/19 5:00,4,1,3
2/24/19 6:00,3,0,3
2/24/19 7:00,23,0,23
2/24/19 8:00,25,6,19
2/24/19 9:00,13,4,9
2/24/19 10:00,17,6,11
2/24/19 11:00,23,8,15
2/24/19 12:00,33,15,18
2/24/19 13:00,27,14,13
2/24/19 14:00,22,11,11
2/24/19 15:00,30,20,10
2/24/19 16:00,27,19,8
2/24/19 17:00,32,18,14
2/24/19 18:00,23,15,8
2/24/19 19:00,10,7,3
2/24/19 20:00,1,1,0
2/24/19 21:00,2,2,0
2/24/19 22:00,3,1,2
2/24/19 23:00,3,2,1
2/25/19 0:00,1,1,0
2/25/19 1:00,0,0,0
2/25/19 2:00,2,2,0
2/25/19 3:00,1,0,1
2/25/19 4:00,1,0,1
2/25/19 5:00,11,3,8
2/25/19 6:00,53,4,49
2/25/19 7:00,98,7,91
2/25/19 8:00,99,3,96
2/25/19 9:00,45,4,41
2/25/19 10:00,16,6,10
2/25/19 11:00,10,5,5
2/25/19 12:00,16,5,11
2/25/19 13:00,6,5,1
2/25/19 14:00,22,11,11
2/25/19 15:00,36,28,8
2/25/19 16:00,64,59,5
2/25/19 17:00,124,119,5
2/25/19 18:00,60,57,3
2/25/19 19:00,20,17,3
2/25/19 20:00,16,12,4
2/25/19 21:00,7,4,3
2/25/19 22:00,5,3,2
2/25/19 23:00,2,2,0
2/26/19 0:00,1,0,1
2/26/19 1:00,0,0,0
2/26/19 2:00,3,2,1
2/26/19 3:00,0,0,0
2/26/19 4:00,4,1,3
2/26/19 5:00,22,4,18
2/26/19 6:00,48,3,45
2/26/19 7:00,105,9,96
2/26/19 8:00,81,5,76
2/26/19 9:00,69,6,63
2/26/19 10:00,27,7,20
2/26/19 11:00,21,9,12
2/26/19 12:00,17,7,10
2/26/19 13:00,13,7,6
2/26/19 14:00,16,7,9
2/26/19 15:00,41,29,12
2/26/19 16:00,70,60,10
2/26/19 17:00,135,122,13
2/26/19 18:00,81,69,12
2/26/19 19:00,33,26,7
2/26/19 20:00,9,9,0
2/26/19 21:00,10,8,2
2/26/19 22:00,6,6,0
2/26/19 23:00,2,2,0
2/27/19 0:00,2,1,1
2/27/19 1:00,1,0,1
2/27/19 2:00,1,1,0
2/27/19 3:00,1,0,1
2/27/19 4:00,2,1,1
2/27/19 5:00,17,2,15
2/27/19 6:00,47,5,42
2/27/19 7:00,89,6,83
2/27/19 8:00,88,4,84
2/27/19 9:00,40,5,35
2/27/19 10:00,15,4,11
2/27/19 11:00,11,4,7
2/27/19 12:00,17,7,10
2/27/19 13:00,11,6,5
2/27/19 14:00,16,9,7
2/27/19 15:00,23,20,3
2/27/19 16:00,58,52,6
2/27/19 17:00,118,109,9
2/27/19 18:00,63,53,10
2/27/19 19:00,31,26,5
2/27/19 20:00,19,17,2
2/27/19 21:00,5,5,0
2/27/19 22:00,7,6,1
2/27/19 23:00,2,2,0
2/28/19 0:00,3,2,1
2/28/19 1:00,0,0,0
2/28/19 2:00,2,2,0
2/28/19 3:00,5,2,3
2/28/19 4:00,6,2,4
2/28/19 5:00,18,1,17
2/28/19 6:00,39,6,33
2/28/19 7:00,101,11,90
2/28/19 8:00,97,7,90
2/28/19 9:00,41,5,36
2/28/19 10:00,12,1,11
2/28/19 11:00,15,7,8
2/28/19 12:00,21,4,17
2/28/19 13:00,13,8,5
2/28/19 14:00,31,13,18
2/28/19 15:00,28,22,6
2/28/19 16:00,64,49,15
2/28/19 17:00,120,104,16
2/28/19 18:00,79,69,10
2/28/19 19:00,32,28,4
2/28/19 20:00,13,9,4
2/28/19 21:00,28,16,12
2/28/19 22:00,2,2,0
2/28/19 23:00,4,3,1
3/1/19 0:00,3,2,1
3/1/19 1:00,0,0,0
3/1/19 2:00,3,1,2
3/1/19 3:00,1,1,0
3/1/19 4:00,4,1,3
3/1/19 5:00,16,2,14
3/1/19 6:00,36,4,32
3/1/19 7:00,82,9,73
3/1/19 8:00,86,6,80
3/1/19 9:00,50,12,38
3/1/19 10:00,17,4,13
3/1/19 11:00,24,6,18
3/1/19 12:00,17,6,11
3/1/19 13:00,13,7,6
3/1/19 14:00,28,16,12
3/1/19 15:00,40,31,9
3/1/19 16:00,69,57,12
3/1/19 17:00,119,99,20
3/1/19 18:00,46,39,7
3/1/19 19:00,20,16,4
3/1/19 20:00,8,7,1
3/1/19 21:00,5,4,1
3/1/19 22:00,4,3,1
3/1/19 23:00,1,1,0
3/2/19 0:00,5,4,1
3/2/19 1:00,2,2,0
3/2/19 2:00,3,2,1
3/2/19 3:00,3,2,1
3/2/19 4:00,0,0,0
3/2/19 5:00,2,1,1
3/2/19 6:00,7,4,3
3/2/19 7:00,24,15,9
3/2/19 8:00,33,27,6
3/2/19 9:00,22,10,12
3/2/19 10:00,70,35,35
3/2/19 11:00,45,14,31
3/2/19 12:00,40,25,15
3/2/19 13:00,58,20,38
3/2/19 14:00,67,34,33
3/2/19 15:00,48,16,32
3/2/19 16:00,48,28,20
3/2/19 17:00,30,17,13
3/2/19 18:00,16,7,9
3/2/19 19:00,2,1,1
3/2/19 20:00,4,3,1
3/2/19 21:00,8,4,4
3/2/19 22:00,4,3,1
3/2/19 23:00,1,1,0
3/3/19 0:00,1,1,0
3/3/19 1:00,4,3,1
3/3/19 2:00,3,3,0
3/3/19 3:00,1,0,1
3/3/19 4:00,0,0,0
3/3/19 5:00,4,1,3
3/3/19 6:00,4,2,2
3/3/19 7:00,10,3,7
3/3/19 8:00,11,3,8
3/3/19 9:00,24,11,13
3/3/19 10:00,37,18,19
3/3/19 11:00,36,19,17
3/3/19 12:00,60,29,31
3/3/19 13:00,62,30,32
3/3/19 14:00,46,22,24
3/3/19 15:00,55,22,33
3/3/19 16:00,44,21,23
3/3/19 17:00,18,9,9
3/3/19 18:00,15,8,7
3/3/19 19:00,12,9,3
3/3/19 20:00,9,4,5
3/3/19 21:00,2,1,1
3/3/19 22:00,4,3,1
3/3/19 23:00,1,1,0
3/4/19 0:00,3,1,2
3/4/19 1:00,0,0,0
3/4/19 2:00,0,0,0
3/4/19 3:00,0,0,0
3/4/19 4:00,1,0,1
3/4/19 5:00,11,2,9
3/4/19 6:00,54,11,43
3/4/19 7:00,121,11,110
3/4/19 8:00,120,10,110
3/4/19 9:00,31,2,29
3/4/19 10:00,18,5,13
3/4/19 11:00,18,5,13
3/4/19 12:00,11,2,9
3/4/19 13:00,13,6,7
3/4/19 14:00,15,8,7
3/4/19 15:00,36,26,10
3/4/19 16:00,100,83,17
3/4/19 17:00,135,126,9
3/4/19 18:00,66,56,10
3/4/19 19:00,29,22,7
3/4/19 20:00,13,10,3
3/4/19 21:00,9,7,2
3/4/19 22:00,4,3,1
3/4/19 23:00,2,1,1
3/5/19 0:00,1,1,0
3/5/19 1:00,0,0,0
3/5/19 2:00,1,0,1
3/5/19 3:00,2,1,1
3/5/19 4:00,2,0,2
3/5/19 5:00,16,2,14
3/5/19 6:00,55,11,44
3/5/19 7:00,129,9,120
3/5/19 8:00,121,6,115
3/5/19 9:00,36,5,31
3/5/19 10:00,14,6,8
3/5/19 11:00,15,7,8
3/5/19 12:00,22,8,14
3/5/19 13:00,31,12,19
3/5/19 14:00,18,11,7
3/5/19 15:00,39,22,17
3/5/19 16:00,78,65,13
3/5/19 17:00,143,129,14
3/5/19 18:00,95,79,16
3/5/19 19:00,27,23,4
3/5/19 20:00,16,10,6
3/5/19 21:00,9,7,2
3/5/19 22:00,0,0,0
3/5/19 23:00,4,2,2
3/6/19 0:00,1,1,0
3/6/19 1:00,1,1,0
3/6/19 2:00,2,0,2
3/6/19 3:00,0,0,0
3/6/19 4:00,2,1,1
3/6/19 5:00,18,3,15
3/6/19 6:00,52,9,43
3/6/19 7:00,86,5,81
3/6/19 8:00,96,3,93
3/6/19 9:00,30,6,24
3/6/19 10:00,9,3,6
3/6/19 11:00,10,2,8
3/6/19 12:00,6,3,3
3/6/19 13:00,5,3,2
3/6/19 14:00,7,2,5
3/6/19 15:00,14,9,5
3/6/19 16:00,52,44,8
3/6/19 17:00,90,86,4
3/6/19 18:00,76,65,11
3/6/19 19:00,19,17,2
3/6/19 20:00,9,9,0
3/6/19 21:00,6,5,1
3/6/19 22:00,3,1,2
3/6/19 23:00,1,1,0
3/7/19 0:00,2,1,1
3/7/19 1:00,0,0,0
3/7/19 2:00,1,0,1
3/7/19 3:00,2,2,0
3/7/19 4:00,3,1,2
3/7/19 5:00,22,8,14
3/7/19 6:00,23,3,20
3/7/19 7:00,32,5,27
3/7/19 8:00,36,3,33
3/7/19 9:00,20,0,20
3/7/19 10:00,6,2,4
3/7/19 11:00,11,2,9
3/7/19 12:00,8,2,6
3/7/19 13:00,3,1,2
3/7/19 14:00,9,6,3
3/7/19 15:00,17,13,4
3/7/19 16:00,26,20,6
3/7/19 17:00,66,54,12
3/7/19 18:00,40,32,8
3/7/19 19:00,17,14,3
3/7/19 20:00,9,7,2
3/7/19 21:00,8,5,3
3/7/19 22:00,3,2,1
3/7/19 23:00,1,1,0
3/8/19 0:00,3,1,2
3/8/19 1:00,0,0,0
3/8/19 2:00,1,1,0
3/8/19 3:00,1,0,1
3/8/19 4:00,3,0,3
3/8/19 5:00,15,4,11
3/8/19 6:00,51,4,47
3/8/19 7:00,69,9,60
3/8/19 8:00,61,5,56
3/8/19 9:00,17,2,15
3/8/19 10:00,11,1,10
3/8/19 11:00,11,3,8
3/8/19 12:00,9,5,4
3/8/19 13:00,9,6,3
3/8/19 14:00,11,7,4
3/8/19 15:00,27,22,5
3/8/19 16:00,43,34,9
3/8/19 17:00,84,75,9
3/8/19 18:00,43,41,2
3/8/19 19:00,9,7,2
3/8/19 20:00,11,9,2
3/8/19 21:00,3,2,1
3/8/19 22:00,1,1,0
3/8/19 23:00,1,1,0
3/9/19 0:00,3,2,1
3/9/19 1:00,2,2,0
3/9/19 2:00,0,0,0
3/9/19 3:00,3,2,1
3/9/19 4:00,0,0,0
3/9/19 5:00,3,1,2
3/9/19 6:00,4,0,4
3/9/19 7:00,5,1,4
3/9/19 8:00,13,2,11
3/9/19 9:00,16,7,9
3/9/19 10:00,28,11,17
3/9/19 11:00,43,23,20
3/9/19 12:00,76,32,44
3/9/19 13:00,53,28,25
3/9/19 14:00,54,28,26
3/9/19 15:00,41,26,15
3/9/19 16:00,48,22,26
3/9/19 17:00,27,10,17
3/9/19 18:00,3,2,1
3/9/19 19:00,6,5,1
3/9/19 20:00,6,2,4
3/9/19 21:00,6,4,2
3/9/19 22:00,3,1,2
3/9/19 23:00,4,3,1
3/10/19 0:00,2,2,0
3/10/19 1:00,1,1,0
3/10/19 2:00,,,
3/10/19 3:00,2,1,1
3/10/19 4:00,1,0,1
3/10/19 5:00,3,2,1
3/10/19 6:00,8,3,5
3/10/19 7:00,4,1,3
3/10/19 8:00,25,17,8
3/10/19 9:00,17,7,10
3/10/19 10:00,19,5,14
3/10/19 11:00,38,23,15
3/10/19 12:00,41,27,14
3/10/19 13:00,62,22,40
3/10/19 14:00,63,24,39
3/10/19 15:00,69,37,32
3/10/19 16:00,53,26,27
3/10/19 17:00,62,29,33
3/10/19 18:00,13,4,9
3/10/19 19:00,12,7,5
3/10/19 20:00,2,1,1
3/10/19 21:00,10,5,5
3/10/19 22:00,2,2,0
3/10/19 23:00,2,2,0
3/11/19 0:00,1,1,0
3/11/19 1:00,3,2,1
3/11/19 2:00,0,0,0
3/11/19 3:00,0,0,0
3/11/19 4:00,0,0,0
3/11/19 5:00,10,2,8
3/11/19 6:00,53,6,47
3/11/19 7:00,99,9,90
3/11/19 8:00,127,10,117
3/11/19 9:00,45,3,42
3/11/19 10:00,20,5,15
3/11/19 11:00,11,3,8
3/11/19 12:00,19,7,12
3/11/19 13:00,18,8,10
3/11/19 14:00,26,11,15
3/11/19 15:00,47,39,8
3/11/19 16:00,75,63,12
3/11/19 17:00,138,121,17
3/11/19 18:00,67,62,5
3/11/19 19:00,27,24,3
3/11/19 20:00,12,8,4
3/11/19 21:00,7,4,3
3/11/19 22:00,2,1,1
3/11/19 23:00,2,1,1
3/12/19 0:00,0,0,0
3/12/19 1:00,0,0,0
3/12/19 2:00,1,0,1
3/12/19 3:00,0,0,0
3/12/19 4:00,0,0,0
3/12/19 5:00,15,3,12
3/12/19 6:00,50,7,43
3/12/19 7:00,75,2,73
3/12/19 8:00,93,5,88
3/12/19 9:00,28,2,26
3/12/19 10:00,18,3,15
3/12/19 11:00,18,9,9
3/12/19 12:00,12,4,8
3/12/19 13:00,7,3,4
3/12/19 14:00,6,3,3
3/12/19 15:00,17,15,2
3/12/19 16:00,57,48,9
3/12/19 17:00,103,96,7
3/12/19 18:00,77,68,9
3/12/19 19:00,30,24,6
3/12/19 20:00,10,8,2
3/12/19 21:00,5,5,0
3/12/19 22:00,4,3,1
3/12/19 23:00,4,3,1
3/13/19 0:00,1,1,0
3/13/19 1:00,1,1,0
3/13/19 2:00,1,0,1
3/13/19 3:00,2,1,1
3/13/19 4:00,3,1,2
3/13/19 5:00,18,3,15
3/13/19 6:00,67,14,53
3/13/19 7:00,104,12,92
3/13/19 8:00,120,6,114
3/13/19 9:00,39,1,38
3/13/19 10:00,17,3,14
3/13/19 11:00,16,5,11
3/13/19 12:00,20,7,13
3/13/19 13:00,15,7,8
3/13/19 14:00,34,14,20
3/13/19 15:00,35,26,9
3/13/19 16:00,70,56,14
3/13/19 17:00,147,133,14
3/13/19 18:00,115,99,16
3/13/19 19:00,36,27,9
3/13/19 20:00,23,17,6
3/13/19 21:00,10,8,2
3/13/19 22:00,4,3,1
3/13/19 23:00,4,3,1
3/14/19 0:00,2,2,0
3/14/19 1:00,0,0,0
3/14/19 2:00,2,2,0
3/14/19 3:00,6,4,2
3/14/19 4:00,2,1,1
3/14/19 5:00,19,3,16
3/14/19 6:00,58,11,47
3/14/19 7:00,102,10,92
3/14/19 8:00,124,10,114
3/14/19 9:00,45,7,38
3/14/19 10:00,20,5,15
3/14/19 11:00,10,4,6
3/14/19 12:00,23,8,15
3/14/19 13:00,16,3,13
3/14/19 14:00,17,7,10
3/14/19 15:00,43,34,9
3/14/19 16:00,71,59,12
3/14/19 17:00,151,135,16
3/14/19 18:00,97,84,13
3/14/19 19:00,27,23,4
3/14/19 20:00,12,10,2
3/14/19 21:00,8,6,2
3/14/19 22:00,3,2,1
3/14/19 23:00,9,6,3
3/15/19 0:00,6,4,2
3/15/19 1:00,0,0,0
3/15/19 2:00,2,2,0
3/15/19 3:00,4,2,2
3/15/19 4:00,2,1,1
3/15/19 5:00,19,3,16
3/15/19 6:00,44,11,33
3/15/19 7:00,77,15,62
3/15/19 8:00,113,9,104
3/15/19 9:00,44,2,42
3/15/19 10:00,23,6,17
3/15/19 11:00,18,7,11
3/15/19 12:00,17,7,10
3/15/19 13:00,25,12,13
3/15/19 14:00,24,11,13
3/15/19 15:00,61,41,20
3/15/19 16:00,96,71,25
3/15/19 17:00,134,114,20
3/15/19 18:00,75,62,13
3/15/19 19:00,26,22,4
3/15/19 20:00,11,8,3
3/15/19 21:00,4,3,1
3/15/19 22:00,3,2,1
3/15/19 23:00,5,4,1
3/16/19 0:00,5,4,1
3/16/19 1:00,2,2,0
3/16/19 2:00,5,1,4
3/16/19 3:00,0,0,0
3/16/19 4:00,1,0,1
3/16/19 5:00,2,1,1
3/16/19 6:00,6,1,5
3/16/19 7:00,9,2,7
3/16/19 8:00,32,9,23
3/16/19 9:00,35,19,16
3/16/19 10:00,24,10,14
3/16/19 11:00,52,26,26
3/16/19 12:00,57,21,36
3/16/19 13:00,70,33,37
3/16/19 14:00,64,31,33
3/16/19 15:00,49,24,25
3/16/19 16:00,50,28,22
3/16/19 17:00,40,18,22
3/16/19 18:00,24,13,11
3/16/19 19:00,16,8,8
3/16/19 20:00,7,3,4
3/16/19 21:00,7,6,1
3/16/19 22:00,9,9,0
3/16/19 23:00,2,1,1
3/17/19 0:00,8,6,2
3/17/19 1:00,4,2,2
3/17/19 2:00,2,2,0
3/17/19 3:00,3,3,0
3/17/19 4:00,0,0,0
3/17/19 5:00,6,3,3
3/17/19 6:00,3,1,2
3/17/19 7:00,6,2,4
3/17/19 8:00,18,6,12
3/17/19 9:00,31,15,16
3/17/19 10:00,38,16,22
3/17/19 11:00,70,40,30
3/17/19 12:00,92,47,45
3/17/19 13:00,98,53,45
3/17/19 14:00,94,45,49
3/17/19 15:00,82,37,45
3/17/19 16:00,54,25,29
3/17/19 17:00,45,22,23
3/17/19 18:00,25,12,13
3/17/19 19:00,15,11,4
3/17/19 20:00,6,3,3
3/17/19 21:00,6,2,4
3/17/19 22:00,5,3,2
3/17/19 23:00,2,2,0
3/18/19 0:00,0,0,0
3/18/19 1:00,3,2,1
3/18/19 2:00,3,2,1
3/18/19 3:00,0,0,0
3/18/19 4:00,3,0,3
3/18/19 5:00,24,2,22
3/18/19 6:00,77,16,61
3/18/19 7:00,143,12,131
3/18/19 8:00,165,13,152
3/18/19 9:00,76,9,67
3/18/19 10:00,27,6,21
3/18/19 11:00,21,9,12
3/18/19 12:00,33,15,18
3/18/19 13:00,32,14,18
3/18/19 14:00,50,27,23
3/18/19 15:00,67,49,18
3/18/19 16:00,130,103,27
3/18/19 17:00,199,174,25
3/18/19 18:00,121,97,24
3/18/19 19:00,58,46,12
3/18/19 20:00,25,15,10
3/18/19 21:00,13,6,7
3/18/19 22:00,6,5,1
3/18/19 23:00,5,4,1
3/19/19 0:00,1,1,0
3/19/19 1:00,0,0,0
3/19/19 2:00,1,0,1
3/19/19 3:00,3,3,0
3/19/19 4:00,10,3,7
3/19/19 5:00,30,6,24
3/19/19 6:00,83,17,66
3/19/19 7:00,176,18,158
3/19/19 8:00,172,14,158
3/19/19 9:00,63,5,58
3/19/19 10:00,40,11,29
3/19/19 11:00,34,16,18
3/19/19 12:00,46,13,33
3/19/19 13:00,45,27,18
3/19/19 14:00,43,14,29
3/19/19 15:00,77,56,21
3/19/19 16:00,141,117,24
3/19/19 17:00,233,207,26
3/19/19 18:00,122,103,19
3/19/19 19:00,65,57,8
3/19/19 20:00,25,15,10
3/19/19 21:00,12,8,4
3/19/19 22:00,12,9,3
3/19/19 23:00,4,4,0
3/20/19 0:00,1,1,0
3/20/19 1:00,2,0,2
3/20/19 2:00,2,0,2
3/20/19 3:00,1,0,1
3/20/19 4:00,4,1,3
3/20/19 5:00,30,5,25
3/20/19 6:00,88,11,77
3/20/19 7:00,179,19,160
3/20/19 8:00,162,10,152
3/20/19 9:00,67,11,56
3/20/19 10:00,35,9,26
3/20/19 11:00,30,10,20
3/20/19 12:00,34,19,15
3/20/19 13:00,28,13,15
3/20/19 14:00,43,21,22
3/20/19 15:00,63,47,16
3/20/19 16:00,149,127,22
3/20/19 17:00,208,179,29
3/20/19 18:00,144,119,25
3/20/19 19:00,47,36,11
3/20/19 20:00,40,23,17
3/20/19 21:00,13,11,2
3/20/19 22:00,7,3,4
3/20/19 23:00,10,9,1
3/21/19 0:00,3,2,1
3/21/19 1:00,2,2,0
3/21/19 2:00,3,1,2
3/21/19 3:00,2,1,1
3/21/19 4:00,7,4,3
3/21/19 5:00,27,4,23
3/21/19 6:00,73,13,60
3/21/19 7:00,127,11,116
3/21/19 8:00,133,9,124
3/21/19 9:00,71,8,63
3/21/19 10:00,33,8,25
3/21/19 11:00,22,6,16
3/21/19 12:00,27,7,20
3/21/19 13:00,27,14,13
3/21/19 14:00,34,18,16
3/21/19 15:00,45,34,11
3/21/19 16:00,106,96,10
3/21/19 17:00,154,137,17
3/21/19 18:00,84,70,14
3/21/19 19:00,66,57,9
3/21/19 20:00,21,16,5
3/21/19 21:00,12,10,2
3/21/19 22:00,7,6,1
3/21/19 23:00,4,3,1
3/22/19 0:00,6,4,2
3/22/19 1:00,3,3,0
3/22/19 2:00,3,2,1
3/22/19 3:00,0,0,0
3/22/19 4:00,5,3,2
3/22/19 5:00,20,4,16
3/22/19 6:00,47,8,39
3/22/19 7:00,85,15,70
3/22/19 8:00,111,12,99
3/22/19 9:00,54,11,43
3/22/19 10:00,34,7,27
3/22/19 11:00,28,5,23
3/22/19 12:00,21,14,7
3/22/19 13:00,26,14,12
3/22/19 14:00,41,29,12
3/22/19 15:00,44,34,10
3/22/19 16:00,75,64,11
3/22/19 17:00,88,78,10
3/22/19 18:00,49,45,4
3/22/19 19:00,21,18,3
3/22/19 20:00,8,7,1
3/22/19 21:00,8,5,3
3/22/19 22:00,12,4,8
3/22/19 23:00,6,4,2
3/23/19 0:00,5,3,2
3/23/19 1:00,4,2,2
3/23/19 2:00,0,0,0
3/23/19 3:00,0,0,0
3/23/19 4:00,1,0,1
3/23/19 5:00,3,2,1
3/23/19 6:00,3,0,3
3/23/19 7:00,8,1,7
3/23/19 8:00,23,7,16
3/23/19 9:00,31,13,18
3/23/19 10:00,52,38,14
3/23/19 11:00,44,26,18
3/23/19 12:00,73,26,47
3/23/19 13:00,52,16,36
3/23/19 14:00,71,37,34
3/23/19 15:00,73,48,25
3/23/19 16:00,48,27,21
3/23/19 17:00,31,16,15
3/23/19 18:00,25,13,12
3/23/19 19:00,19,10,9
3/23/19 20:00,5,1,4
3/23/19 21:00,16,9,7
3/23/19 22:00,11,8,3
3/23/19 23:00,4,4,0
3/24/19 0:00,2,0,2
3/24/19 1:00,6,5,1
3/24/19 2:00,1,1,0
3/24/19 3:00,1,0,1
3/24/19 4:00,0,0,0
3/24/19 5:00,4,1,3
3/24/19 6:00,11,4,7
3/24/19 7:00,24,11,13
3/24/19 8:00,21,9,12
3/24/19 9:00,18,6,12
3/24/19 10:00,42,22,20
3/24/19 11:00,53,28,25
3/24/19 12:00,55,20,35
3/24/19 13:00,64,26,38
3/24/19 14:00,48,19,29
3/24/19 15:00,31,18,13
3/24/19 16:00,56,38,18
3/24/19 17:00,30,16,14
3/24/19 18:00,16,9,7
3/24/19 19:00,17,8,9
3/24/19 20:00,7,4,3
3/24/19 21:00,6,4,2
3/24/19 22:00,3,1,2
3/24/19 23:00,3,3,0
3/25/19 0:00,0,0,0
3/25/19 1:00,2,2,0
3/25/19 2:00,0,0,0
3/25/19 3:00,1,0,1
3/25/19 4:00,5,0,5
3/25/19 5:00,23,3,20
3/25/19 6:00,73,8,65
3/25/19 7:00,121,9,112
3/25/19 8:00,122,10,112
3/25/19 9:00,57,8,49
3/25/19 10:00,28,4,24
3/25/19 11:00,10,4,6
3/25/19 12:00,16,8,8
3/25/19 13:00,13,6,7
3/25/19 14:00,22,14,8
3/25/19 15:00,30,25,5
3/25/19 16:00,90,80,10
3/25/19 17:00,144,134,10
3/25/19 18:00,80,74,6
3/25/19 19:00,9,8,1
3/25/19 20:00,11,8,3
3/25/19 21:00,3,2,1
3/25/19 22:00,7,6,1
3/25/19 23:00,1,1,0
3/26/19 0:00,1,1,0
3/26/19 1:00,1,0,1
3/26/19 2:00,1,0,1
3/26/19 3:00,1,0,1
3/26/19 4:00,4,2,2
3/26/19 5:00,30,6,24
3/26/19 6:00,75,12,63
3/26/19 7:00,147,12,135
3/26/19 8:00,119,6,113
3/26/19 9:00,45,4,41
3/26/19 10:00,16,2,14
3/26/19 11:00,23,6,17
3/26/19 12:00,20,5,15
3/26/19 13:00,21,8,13
3/26/19 14:00,30,17,13
3/26/19 15:00,45,32,13
3/26/19 16:00,119,96,23
3/26/19 17:00,180,162,18
3/26/19 18:00,114,98,16
3/26/19 19:00,48,41,7
3/26/19 20:00,11,6,5
3/26/19 21:00,13,10,3
3/26/19 22:00,8,6,2
3/26/19 23:00,2,2,0
3/27/19 0:00,2,1,1
3/27/19 1:00,0,0,0
3/27/19 2:00,2,0,2
3/27/19 3:00,1,0,1
3/27/19 4:00,3,2,1
3/27/19 5:00,26,6,20
3/27/19 6:00,82,14,68
3/27/19 7:00,147,14,133
3/27/19 8:00,171,9,162
3/27/19 9:00,51,7,44
3/27/19 10:00,35,13,22
3/27/19 11:00,21,9,12
3/27/19 12:00,21,7,14
3/27/19 13:00,20,7,13
3/27/19 14:00,28,16,12
3/27/19 15:00,41,28,13
3/27/19 16:00,120,103,17
3/27/19 17:00,163,150,13
3/27/19 18:00,129,109,20
3/27/19 19:00,37,31,6
3/27/19 20:00,16,14,2
3/27/19 21:00,12,12,0
3/27/19 22:00,7,5,2
3/27/19 23:00,3,2,1
3/28/19 0:00,1,1,0
3/28/19 1:00,0,0,0
3/28/19 2:00,1,0,1
3/28/19 3:00,3,2,1
3/28/19 4:00,4,1,3
3/28/19 5:00,25,4,21
3/28/19 6:00,76,12,64
3/28/19 7:00,130,10,120
3/28/19 8:00,133,10,123
3/28/19 9:00,54,5,49
3/28/19 10:00,17,1,16
3/28/19 11:00,23,12,11
3/28/19 12:00,33,10,23
3/28/19 13:00,13,6,7
3/28/19 14:00,38,23,15
3/28/19 15:00,49,36,13
3/28/19 16:00,109,82,27
3/28/19 17:00,179,162,17
3/28/19 18:00,103,94,9
3/28/19 19:00,51,39,12
3/28/19 20:00,21,15,6
3/28/19 21:00,17,16,1
3/28/19 22:00,8,5,3
3/28/19 23:00,2,2,0
3/29/19 0:00,2,2,0
3/29/19 1:00,0,0,0
3/29/19 2:00,1,0,1
3/29/19 3:00,1,1,0
3/29/19 4:00,7,2,5
3/29/19 5:00,20,5,15
3/29/19 6:00,65,10,55
3/29/19 7:00,128,14,114
3/29/19 8:00,110,7,103
3/29/19 9:00,53,8,45
3/29/19 10:00,19,4,15
3/29/19 11:00,29,12,17
3/29/19 12:00,19,11,8
3/29/19 13:00,19,9,10
3/29/19 14:00,31,16,15
3/29/19 15:00,52,38,14
3/29/19 16:00,98,76,22
3/29/19 17:00,158,136,22
3/29/19 18:00,80,68,12
3/29/19 19:00,35,31,4
3/29/19 20:00,11,7,4
3/29/19 21:00,6,4,2
3/29/19 22:00,11,7,4
3/29/19 23:00,6,6,0
3/30/19 0:00,2,2,0
3/30/19 1:00,4,2,2
3/30/19 2:00,4,4,0
3/30/19 3:00,2,2,0
3/30/19 4:00,2,0,2
3/30/19 5:00,6,1,5
3/30/19 6:00,9,2,7
3/30/19 7:00,12,6,6
3/30/19 8:00,25,6,19
3/30/19 9:00,43,19,24
3/30/19 10:00,90,52,38
3/30/19 11:00,116,46,70
3/30/19 12:00,69,39,30
3/30/19 13:00,78,34,44
3/30/19 14:00,89,43,46
3/30/19 15:00,71,40,31
3/30/19 16:00,56,35,21
3/30/19 17:00,62,29,33
3/30/19 18:00,30,20,10
3/30/19 19:00,15,11,4
3/30/19 20:00,31,19,12
3/30/19 21:00,13,11,2
3/30/19 22:00,22,8,14
3/30/19 23:00,5,4,1
3/31/19 0:00,2,1,1
3/31/19 1:00,3,2,1
3/31/19 2:00,0,0,0
3/31/19 3:00,0,0,0
3/31/19 4:00,0,0,0
3/31/19 5:00,5,2,3
3/31/19 6:00,3,1,2
3/31/19 7:00,5,0,5
3/31/19 8:00,30,9,21
3/31/19 9:00,52,20,32
3/31/19 10:00,55,27,28
3/31/19 11:00,69,33,36
3/31/19 12:00,69,23,46
3/31/19 13:00,68,39,29
3/31/19 14:00,78,44,34
3/31/19 15:00,77,29,48
3/31/19 16:00,49,28,21
3/31/19 17:00,55,35,20
3/31/19 18:00,21,11,10
3/31/19 19:00,24,13,11
3/31/19 20:00,7,7,0
3/31/19 21:00,8,3,5
3/31/19 22:00,5,5,0
3/31/19 23:00,6,1,5
4/1/19 0:00,5,4,1
4/1/19 1:00,1,1,0
4/1/19 2:00,2,1,1
4/1/19 3:00,0,0,0
4/1/19 4:00,10,2,8
4/1/19 5:00,21,5,16
4/1/19 6:00,85,13,72
4/1/19 7:00,175,22,153
4/1/19 8:00,145,11,134
4/1/19 9:00,60,6,54
4/1/19 10:00,25,6,19
4/1/19 11:00,24,7,17
4/1/19 12:00,35,14,21
4/1/19 13:00,25,14,11
4/1/19 14:00,41,24,17
4/1/19 15:00,50,35,15
4/1/19 16:00,110,99,11
4/1/19 17:00,215,193,22
4/1/19 18:00,117,104,13
4/1/19 19:00,41,32,9
4/1/19 20:00,13,7,6
4/1/19 21:00,13,9,4
4/1/19 22:00,4,3,1
4/1/19 23:00,4,4,0
4/2/19 0:00,3,2,1
4/2/19 1:00,0,0,0
4/2/19 2:00,4,2,2
4/2/19 3:00,1,0,1
4/2/19 4:00,11,3,8
4/2/19 5:00,39,8,31
4/2/19 6:00,94,16,78
4/2/19 7:00,159,15,144
4/2/19 8:00,149,10,139
4/2/19 9:00,73,12,61
4/2/19 10:00,25,8,17
4/2/19 11:00,17,6,11
4/2/19 12:00,26,11,15
4/2/19 13:00,28,11,17
4/2/19 14:00,28,18,10
4/2/19 15:00,62,42,20
4/2/19 16:00,112,98,14
4/2/19 17:00,206,186,20
4/2/19 18:00,118,96,22
4/2/19 19:00,37,34,3
4/2/19 20:00,25,19,6
4/2/19 21:00,18,15,3
4/2/19 22:00,10,6,4
4/2/19 23:00,6,5,1
4/3/19 0:00,0,0,0
4/3/19 1:00,2,1,1
4/3/19 2:00,2,0,2
4/3/19 3:00,0,0,0
4/3/19 4:00,3,1,2
4/3/19 5:00,18,4,14
4/3/19 6:00,74,11,63
4/3/19 7:00,109,12,97
4/3/19 8:00,144,11,133
4/3/19 9:00,31,4,27
4/3/19 10:00,15,1,14
4/3/19 11:00,13,5,8
4/3/19 12:00,7,3,4
4/3/19 13:00,11,4,7
4/3/19 14:00,25,13,12
4/3/19 15:00,30,28,2
4/3/19 16:00,80,69,11
4/3/19 17:00,134,124,10
4/3/19 18:00,82,69,13
4/3/19 19:00,34,29,5
4/3/19 20:00,12,11,1
4/3/19 21:00,14,12,2
4/3/19 22:00,5,2,3
4/3/19 23:00,4,3,1
4/4/19 0:00,2,1,1
4/4/19 1:00,1,0,1
4/4/19 2:00,2,1,1
4/4/19 3:00,1,0,1
4/4/19 4:00,4,0,4
4/4/19 5:00,21,3,18
4/4/19 6:00,75,14,61
4/4/19 7:00,146,11,135
4/4/19 8:00,130,10,120
4/4/19 9:00,67,10,57
4/4/19 10:00,27,3,24
4/4/19 11:00,33,14,19
4/4/19 12:00,38,17,21
4/4/19 13:00,26,16,10
4/4/19 14:00,34,22,12
4/4/19 15:00,64,44,20
4/4/19 16:00,108,82,26
4/4/19 17:00,177,163,14
4/4/19 18:00,89,75,14
4/4/19 19:00,46,39,7
4/4/19 20:00,26,23,3
4/4/19 21:00,33,18,15
4/4/19 22:00,8,5,3
4/4/19 23:00,13,1,12
4/5/19 0:00,10,5,5
4/5/19 1:00,0,0,0
4/5/19 2:00,1,1,0
4/5/19 3:00,0,0,0
4/5/19 4:00,5,2,3
4/5/19 5:00,12,5,7
4/5/19 6:00,40,5,35
4/5/19 7:00,75,8,67
4/5/19 8:00,91,10,81
4/5/19 9:00,29,5,24
4/5/19 10:00,15,4,11
4/5/19 11:00,6,2,4
4/5/19 12:00,11,6,5
4/5/19 13:00,7,5,2
4/5/19 14:00,7,5,2
4/5/19 15:00,21,16,5
4/5/19 16:00,59,52,7
4/5/19 17:00,68,62,6
4/5/19 18:00,46,40,6
4/5/19 19:00,30,27,3
4/5/19 20:00,11,7,4
4/5/19 21:00,9,4,5
4/5/19 22:00,2,2,0
4/5/19 23:00,2,2,0
4/6/19 0:00,6,3,3
4/6/19 1:00,5,4,1
4/6/19 2:00,6,1,5
4/6/19 3:00,4,0,4
4/6/19 4:00,2,0,2
4/6/19 5:00,3,1,2
4/6/19 6:00,2,0,2
4/6/19 7:00,5,2,3
4/6/19 8:00,7,2,5
4/6/19 9:00,21,17,4
4/6/19 10:00,11,8,3
4/6/19 11:00,24,5,19
4/6/19 12:00,13,4,9
4/6/19 13:00,17,9,8
4/6/19 14:00,16,10,6
4/6/19 15:00,14,9,5
4/6/19 16:00,14,7,7
4/6/19 17:00,6,3,3
4/6/19 18:00,16,8,8
4/6/19 19:00,7,3,4
4/6/19 20:00,2,2,0
4/6/19 21:00,11,6,5
4/6/19 22:00,5,5,0
4/6/19 23:00,1,1,0
4/7/19 0:00,1,0,1
4/7/19 1:00,0,0,0
4/7/19 2:00,0,0,0
4/7/19 3:00,2,1,1
4/7/19 4:00,2,1,1
4/7/19 5:00,2,1,1
4/7/19 6:00,4,2,2
4/7/19 7:00,3,1,2
4/7/19 8:00,16,5,11
4/7/19 9:00,14,7,7
4/7/19 10:00,10,6,4
4/7/19 11:00,21,12,9
4/7/19 12:00,19,8,11
4/7/19 13:00,34,11,23
4/7/19 14:00,41,25,16
4/7/19 15:00,27,13,14
4/7/19 16:00,17,9,8
4/7/19 17:00,27,15,12
4/7/19 18:00,17,12,5
4/7/19 19:00,13,9,4
4/7/19 20:00,6,5,1
4/7/19 21:00,4,1,3
4/7/19 22:00,3,1,2
4/7/19 23:00,2,2,0
4/8/19 0:00,2,1,1
4/8/19 1:00,0,0,0
4/8/19 2:00,0,0,0
4/8/19 3:00,1,1,0
4/8/19 4:00,5,0,5
4/8/19 5:00,16,5,11
4/8/19 6:00,56,11,45
4/8/19 7:00,121,9,112
4/8/19 8:00,108,10,98
4/8/19 9:00,33,5,28
4/8/19 10:00,21,5,16
4/8/19 11:00,10,4,6
4/8/19 12:00,13,4,9
4/8/19 13:00,15,9,6
4/8/19 14:00,25,13,12
4/8/19 15:00,38,30,8
4/8/19 16:00,86,70,16
4/8/19 17:00,123,114,9
4/8/19 18:00,59,58,1
4/8/19 19:00,29,21,8
4/8/19 20:00,16,11,5
4/8/19 21:00,7,4,3
4/8/19 22:00,1,0,1
4/8/19 23:00,3,2,1
4/9/19 0:00,2,0,2
4/9/19 1:00,3,3,0
4/9/19 2:00,2,1,1
4/9/19 3:00,1,0,1
4/9/19 4:00,6,1,5
4/9/19 5:00,22,4,18
4/9/19 6:00,59,11,48
4/9/19 7:00,107,6,101
4/9/19 8:00,103,5,98
4/9/19 9:00,47,5,42
4/9/19 10:00,21,4,17
4/9/19 11:00,23,11,12
4/9/19 12:00,15,11,4
4/9/19 13:00,16,8,8
4/9/19 14:00,26,12,14
4/9/19 15:00,44,28,16
4/9/19 16:00,98,77,21
4/9/19 17:00,149,134,15
4/9/19 18:00,86,75,11
4/9/19 19:00,30,25,5
4/9/19 20:00,11,9,2
4/9/19 21:00,12,9,3
4/9/19 22:00,4,3,1
4/9/19 23:00,4,3,1
4/10/19 0:00,0,0,0
4/10/19 1:00,3,1,2
4/10/19 2:00,3,2,1
4/10/19 3:00,3,1,2
4/10/19 4:00,3,1,2
4/10/19 5:00,16,5,11
4/10/19 6:00,63,13,50
4/10/19 7:00,100,7,93
4/10/19 8:00,87,7,80
4/10/19 9:00,33,5,28
4/10/19 10:00,22,2,20
4/10/19 11:00,22,12,10
4/10/19 12:00,18,5,13
4/10/19 13:00,7,3,4
4/10/19 14:00,19,11,8
4/10/19 15:00,35,20,15
4/10/19 16:00,50,45,5
4/10/19 17:00,125,114,11
4/10/19 18:00,82,69,13
4/10/19 19:00,15,14,1
4/10/19 20:00,15,11,4
4/10/19 21:00,13,9,4
4/10/19 22:00,8,6,2
4/10/19 23:00,2,2,0
4/11/19 0:00,3,1,2
4/11/19 1:00,2,1,1
4/11/19 2:00,2,1,1
4/11/19 3:00,0,0,0
4/11/19 4:00,2,1,1
4/11/19 5:00,18,3,15
4/11/19 6:00,47,6,41
4/11/19 7:00,74,8,66
4/11/19 8:00,81,8,73
4/11/19 9:00,25,4,21
4/11/19 10:00,14,3,11
4/11/19 11:00,12,5,7
4/11/19 12:00,11,6,5
4/11/19 13:00,5,2,3
4/11/19 14:00,11,4,7
4/11/19 15:00,21,15,6
4/11/19 16:00,45,38,7
4/11/19 17:00,99,89,10
4/11/19 18:00,62,55,7
4/11/19 19:00,29,24,5
4/11/19 20:00,13,8,5
4/11/19 21:00,10,7,3
4/11/19 22:00,6,6,0
4/11/19 23:00,3,2,1
4/12/19 0:00,0,0,0
4/12/19 1:00,0,0,0
4/12/19 2:00,2,1,1
4/12/19 3:00,2,1,1
4/12/19 4:00,2,1,1
4/12/19 5:00,15,1,14
4/12/19 6:00,52,8,44
4/12/19 7:00,84,9,75
4/12/19 8:00,79,8,71
4/12/19 9:00,47,12,35
4/12/19 10:00,23,5,18
4/12/19 11:00,24,13,11
4/12/19 12:00,22,7,15
4/12/19 13:00,33,17,16
4/12/19 14:00,28,14,14
4/12/19 15:00,55,38,17
4/12/19 16:00,94,74,20
4/12/19 17:00,91,79,12
4/12/19 18:00,69,54,15
4/12/19 19:00,19,13,6
4/12/19 20:00,14,7,7
4/12/19 21:00,9,7,2
4/12/19 22:00,9,7,2
4/12/19 23:00,5,4,1
4/13/19 0:00,1,1,0
4/13/19 1:00,4,4,0
4/13/19 2:00,0,0,0
4/13/19 3:00,2,0,2
4/13/19 4:00,4,3,1
4/13/19 5:00,3,1,2
4/13/19 6:00,6,3,3
4/13/19 7:00,9,5,4
4/13/19 8:00,6,4,2
4/13/19 9:00,13,7,6
4/13/19 10:00,12,5,7
4/13/19 11:00,28,6,22
4/13/19 12:00,19,7,12
4/13/19 13:00,17,10,7
4/13/19 14:00,10,7,3
4/13/19 15:00,21,14,7
4/13/19 16:00,33,25,8
4/13/19 17:00,20,8,12
4/13/19 18:00,25,8,17
4/13/19 19:00,11,7,4
4/13/19 20:00,6,4,2
4/13/19 21:00,7,4,3
4/13/19 22:00,3,2,1
4/13/19 23:00,5,3,2
4/14/19 0:00,4,2,2
4/14/19 1:00,0,0,0
4/14/19 2:00,0,0,0
4/14/19 3:00,1,0,1
4/14/19 4:00,1,0,1
4/14/19 5:00,2,0,2
4/14/19 6:00,3,0,3
4/14/19 7:00,8,1,7
4/14/19 8:00,23,8,15
4/14/19 9:00,32,16,16
4/14/19 10:00,31,16,15
4/14/19 11:00,45,15,30
4/14/19 12:00,37,23,14
4/14/19 13:00,35,13,22
4/14/19 14:00,25,15,10
4/14/19 15:00,29,20,9
4/14/19 16:00,25,14,11
4/14/19 17:00,22,14,8
4/14/19 18:00,6,3,3
4/14/19 19:00,5,3,2
4/14/19 20:00,10,8,2
4/14/19 21:00,3,1,2
4/14/19 22:00,3,3,0
4/14/19 23:00,2,2,0
4/15/19 0:00,0,0,0
4/15/19 1:00,1,1,0
4/15/19 2:00,2,2,0
4/15/19 3:00,1,0,1
4/15/19 4:00,8,1,7
4/15/19 5:00,22,5,17
4/15/19 6:00,88,21,67
4/15/19 7:00,140,16,124
4/15/19 8:00,153,13,140
4/15/19 9:00,59,8,51
4/15/19 10:00,28,7,21
4/15/19 11:00,20,8,12
4/15/19 12:00,35,16,19
4/15/19 13:00,25,17,8
4/15/19 14:00,35,18,17
4/15/19 15:00,63,49,14
4/15/19 16:00,104,85,19
4/15/19 17:00,177,162,15
4/15/19 18:00,108,93,15
4/15/19 19:00,42,37,5
4/15/19 20:00,8,6,2
4/15/19 21:00,10,7,3
4/15/19 22:00,5,3,2
4/15/19 23:00,1,1,0
4/16/19 0:00,2,0,2
4/16/19 1:00,3,1,2
4/16/19 2:00,4,3,1
4/16/19 3:00,1,1,0
4/16/19 4:00,4,1,3
4/16/19 5:00,29,4,25
4/16/19 6:00,88,12,76
4/16/19 7:00,156,17,139
4/16/19 8:00,152,13,139
4/16/19 9:00,48,5,43
4/16/19 10:00,22,6,16
4/16/19 11:00,17,6,11
4/16/19 12:00,10,4,6
4/16/19 13:00,16,7,9
4/16/19 14:00,22,13,9
4/16/19 15:00,51,32,19
4/16/19 16:00,112,94,18
4/16/19 17:00,162,145,17
4/16/19 18:00,106,94,12
4/16/19 19:00,24,22,2
4/16/19 20:00,10,10,0
4/16/19 21:00,9,9,0
4/16/19 22:00,8,6,2
4/16/19 23:00,5,4,1
4/17/19 0:00,3,2,1
4/17/19 1:00,1,1,0
4/17/19 2:00,4,3,1
4/17/19 3:00,0,0,0
4/17/19 4:00,7,3,4
4/17/19 5:00,19,2,17
4/17/19 6:00,82,9,73
4/17/19 7:00,135,8,127
4/17/19 8:00,132,10,122
4/17/19 9:00,49,4,45
4/17/19 10:00,22,4,18
4/17/19 11:00,18,4,14
4/17/19 12:00,13,6,7
4/17/19 13:00,17,10,7
4/17/19 14:00,24,12,12
4/17/19 15:00,40,28,12
4/17/19 16:00,99,76,23
4/17/19 17:00,189,172,17
4/17/19 18:00,108,91,17
4/17/19 19:00,53,39,14
4/17/19 20:00,18,13,5
4/17/19 21:00,15,13,2
4/17/19 22:00,7,7,0
4/17/19 23:00,4,4,0
4/18/19 0:00,2,2,0
4/18/19 1:00,2,2,0
4/18/19 2:00,2,1,1
4/18/19 3:00,4,4,0
4/18/19 4:00,6,1,5
4/18/19 5:00,19,2,17
4/18/19 6:00,64,12,52
4/18/19 7:00,90,8,82
4/18/19 8:00,88,5,83
4/18/19 9:00,45,8,37
4/18/19 10:00,14,2,12
4/18/19 11:00,18,4,14
4/18/19 12:00,12,3,9
4/18/19 13:00,14,6,8
4/18/19 14:00,20,11,9
4/18/19 15:00,30,23,7
4/18/19 16:00,59,47,12
4/18/19 17:00,131,119,12
4/18/19 18:00,69,59,10
4/18/19 19:00,34,27,7
4/18/19 20:00,8,7,1
4/18/19 21:00,12,7,5
4/18/19 22:00,5,3,2
4/18/19 23:00,9,7,2
4/19/19 0:00,1,1,0
4/19/19 1:00,1,0,1
4/19/19 2:00,1,1,0
4/19/19 3:00,3,2,1
4/19/19 4:00,3,1,2
4/19/19 5:00,14,3,11
4/19/19 6:00,43,8,35
4/19/19 7:00,70,8,62
4/19/19 8:00,83,5,78
4/19/19 9:00,22,1,21
4/19/19 10:00,13,4,9
4/19/19 11:00,9,2,7
4/19/19 12:00,12,8,4
4/19/19 13:00,12,7,5
4/19/19 14:00,16,8,8
4/19/19 15:00,28,21,7
4/19/19 16:00,53,43,10
4/19/19 17:00,85,77,8
4/19/19 18:00,43,38,5
4/19/19 19:00,11,8,3
4/19/19 20:00,9,4,5
4/19/19 21:00,6,6,0
4/19/19 22:00,5,3,2
4/19/19 23:00,4,1,3
4/20/19 0:00,2,2,0
4/20/19 1:00,0,0,0
4/20/19 2:00,1,0,1
4/20/19 3:00,4,1,3
4/20/19 4:00,3,2,1
4/20/19 5:00,2,0,2
4/20/19 6:00,19,9,10
4/20/19 7:00,37,21,16
4/20/19 8:00,40,6,34
4/20/19 9:00,44,21,23
4/20/19 10:00,52,31,21
4/20/19 11:00,56,32,24
4/20/19 12:00,52,29,23
4/20/19 13:00,39,21,18
4/20/19 14:00,0,0,0
4/20/19 15:00,56,26,30
4/20/19 16:00,56,24,32
4/20/19 17:00,34,19,15
4/20/19 18:00,35,18,17
4/20/19 19:00,16,9,7
4/20/19 20:00,14,8,6
4/20/19 21:00,8,3,5
4/20/19 22:00,3,2,1
4/20/19 23:00,3,1,2
4/21/19 0:00,4,4,0
4/21/19 1:00,1,1,0
4/21/19 2:00,1,1,0
4/21/19 3:00,0,0,0
4/21/19 4:00,4,2,2
4/21/19 5:00,6,3,3
4/21/19 6:00,3,1,2
4/21/19 7:00,11,5,6
4/21/19 8:00,13,3,10
4/21/19 9:00,22,11,11
4/21/19 10:00,27,13,14
4/21/19 11:00,55,24,31
4/21/19 12:00,52,30,22
4/21/19 13:00,56,24,32
4/21/19 14:00,59,29,30
4/21/19 15:00,48,26,22
4/21/19 16:00,57,25,32
4/21/19 17:00,30,15,15
4/21/19 18:00,26,18,8
4/21/19 19:00,17,12,5
4/21/19 20:00,10,5,5
4/21/19 21:00,5,0,5
4/21/19 22:00,1,0,1
4/21/19 23:00,1,0,1
4/22/19 0:00,5,4,1
4/22/19 1:00,1,1,0
4/22/19 2:00,0,0,0
4/22/19 3:00,3,2,1
4/22/19 4:00,7,2,5
4/22/19 5:00,20,2,18
4/22/19 6:00,68,14,54
4/22/19 7:00,124,10,114
4/22/19 8:00,117,9,108
4/22/19 9:00,45,3,42
4/22/19 10:00,30,9,21
4/22/19 11:00,17,9,8
4/22/19 12:00,18,8,10
4/22/19 13:00,12,8,4
4/22/19 14:00,22,14,8
4/22/19 15:00,27,20,7
4/22/19 16:00,82,67,15
4/22/19 17:00,120,114,6
4/22/19 18:00,77,66,11
4/22/19 19:00,27,22,5
4/22/19 20:00,15,11,4
4/22/19 21:00,8,7,1
4/22/19 22:00,7,6,1
4/22/19 23:00,1,1,0
4/23/19 0:00,1,0,1
4/23/19 1:00,1,0,1
4/23/19 2:00,6,5,1
4/23/19 3:00,2,0,2
4/23/19 4:00,4,3,1
4/23/19 5:00,25,4,21
4/23/19 6:00,79,13,66
4/23/19 7:00,147,11,136
4/23/19 8:00,140,6,134
4/23/19 9:00,49,8,41
4/23/19 10:00,22,6,16
4/23/19 11:00,23,11,12
4/23/19 12:00,18,5,13
4/23/19 13:00,33,21,12
4/23/19 14:00,25,16,9
4/23/19 15:00,42,24,18
4/23/19 16:00,119,98,21
4/23/19 17:00,195,173,22
4/23/19 18:00,107,98,9
4/23/19 19:00,53,40,13
4/23/19 20:00,14,13,1
4/23/19 21:00,18,7,11
4/23/19 22:00,7,5,2
4/23/19 23:00,6,6,0
4/24/19 0:00,1,1,0
4/24/19 1:00,2,1,1
4/24/19 2:00,3,1,2
4/24/19 3:00,0,0,0
4/24/19 4:00,4,2,2
4/24/19 5:00,23,4,19
4/24/19 6:00,97,10,87
4/24/19 7:00,160,14,146
4/24/19 8:00,149,8,141
4/24/19 9:00,66,15,51
4/24/19 10:00,36,14,22
4/24/19 11:00,27,4,23
4/24/19 12:00,27,18,9
4/24/19 13:00,33,20,13
4/24/19 14:00,41,17,24
4/24/19 15:00,53,39,14
4/24/19 16:00,110,96,14
4/24/19 17:00,215,188,27
4/24/19 18:00,132,104,28
4/24/19 19:00,65,44,21
4/24/19 20:00,30,20,10
4/24/19 21:00,20,14,6
4/24/19 22:00,14,12,2
4/24/19 23:00,6,5,1
4/25/19 0:00,4,1,3
4/25/19 1:00,2,1,1
4/25/19 2:00,5,1,4
4/25/19 3:00,4,2,2
4/25/19 4:00,6,2,4
4/25/19 5:00,28,4,24
4/25/19 6:00,78,12,66
4/25/19 7:00,147,15,132
4/25/19 8:00,164,25,139
4/25/19 9:00,70,11,59
4/25/19 10:00,29,7,22
4/25/19 11:00,16,8,8
4/25/19 12:00,23,13,10
4/25/19 13:00,33,12,21
4/25/19 14:00,32,20,12
4/25/19 15:00,53,33,20
4/25/19 16:00,106,87,19
4/25/19 17:00,168,154,14
4/25/19 18:00,99,92,7
4/25/19 19:00,48,38,10
4/25/19 20:00,22,16,6
4/25/19 21:00,15,14,1
4/25/19 22:00,3,2,1
4/25/19 23:00,9,6,3
4/26/19 0:00,7,3,4
4/26/19 1:00,3,2,1
4/26/19 2:00,3,2,1
4/26/19 3:00,4,3,1
4/26/19 4:00,4,2,2
4/26/19 5:00,24,3,21
4/26/19 6:00,66,9,57
4/26/19 7:00,133,10,123
4/26/19 8:00,148,11,137
4/26/19 9:00,56,12,44
4/26/19 10:00,24,7,17
4/26/19 11:00,17,10,7
4/26/19 12:00,23,11,12
4/26/19 13:00,34,17,17
4/26/19 14:00,49,29,20
4/26/19 15:00,58,37,21
4/26/19 16:00,136,110,26
4/26/19 17:00,159,139,20
4/26/19 18:00,81,66,15
4/26/19 19:00,28,20,8
4/26/19 20:00,8,7,1
4/26/19 21:00,16,10,6
4/26/19 22:00,3,2,1
4/26/19 23:00,6,5,1
4/27/19 0:00,4,3,1
4/27/19 1:00,3,1,2
4/27/19 2:00,6,5,1
4/27/19 3:00,1,1,0
4/27/19 4:00,3,1,2
4/27/19 5:00,5,1,4
4/27/19 6:00,10,4,6
4/27/19 7:00,23,8,15
4/27/19 8:00,27,4,23
4/27/19 9:00,31,14,17
4/27/19 10:00,39,19,20
4/27/19 11:00,52,25,27
4/27/19 12:00,53,31,22
4/27/19 13:00,64,36,28
4/27/19 14:00,56,28,28
4/27/19 15:00,58,35,23
4/27/19 16:00,29,16,13
4/27/19 17:00,28,17,11
4/27/19 18:00,27,13,14
4/27/19 19:00,25,15,10
4/27/19 20:00,9,3,6
4/27/19 21:00,5,3,2
4/27/19 22:00,3,1,2
4/27/19 23:00,10,4,6
4/28/19 0:00,3,3,0
4/28/19 1:00,0,0,0
4/28/19 2:00,2,1,1
4/28/19 3:00,0,0,0
4/28/19 4:00,3,0,3
4/28/19 5:00,1,0,1
4/28/19 6:00,10,5,5
4/28/19 7:00,13,2,11
4/28/19 8:00,31,12,19
4/28/19 9:00,28,9,19
4/28/19 10:00,52,25,27
4/28/19 11:00,78,29,49
4/28/19 12:00,83,42,41
4/28/19 13:00,65,32,33
4/28/19 14:00,87,48,39
4/28/19 15:00,94,51,43
4/28/19 16:00,84,57,27
4/28/19 17:00,50,31,19
4/28/19 18:00,32,15,17
4/28/19 19:00,21,6,15
4/28/19 20:00,13,3,10
4/28/19 21:00,10,8,2
4/28/19 22:00,6,4,2
4/28/19 23:00,5,2,3
4/29/19 0:00,1,1,0
4/29/19 1:00,3,2,1
4/29/19 2:00,1,0,1
4/29/19 3:00,4,2,2
4/29/19 4:00,3,2,1
4/29/19 5:00,24,4,20
4/29/19 6:00,85,13,72
4/29/19 7:00,178,19,159
4/29/19 8:00,161,9,152
4/29/19 9:00,68,8,60
4/29/19 10:00,28,4,24
4/29/19 11:00,21,9,12
4/29/19 12:00,28,11,17
4/29/19 13:00,24,13,11
4/29/19 14:00,36,22,14
4/29/19 15:00,64,45,19
4/29/19 16:00,127,116,11
4/29/19 17:00,207,197,10
4/29/19 18:00,131,116,15
4/29/19 19:00,43,30,13
4/29/19 20:00,17,12,5
4/29/19 21:00,7,6,1
4/29/19 22:00,4,2,2
4/29/19 23:00,2,1,1
4/30/19 0:00,2,1,1
4/30/19 1:00,1,1,0
4/30/19 2:00,2,2,0
4/30/19 3:00,4,1,3
4/30/19 4:00,4,1,3
4/30/19 5:00,26,5,21
4/30/19 6:00,92,13,79
4/30/19 7:00,172,16,156
4/30/19 8:00,190,11,179
4/30/19 9:00,69,13,56
4/30/19 10:00,24,6,18
4/30/19 11:00,42,19,23
4/30/19 12:00,21,10,11
4/30/19 13:00,34,19,15
4/30/19 14:00,30,14,16
4/30/19 15:00,59,49,10
4/30/19 16:00,146,113,33
4/30/19 17:00,227,197,30
4/30/19 18:00,138,120,18
4/30/19 19:00,50,40,10
4/30/19 20:00,18,12,6
4/30/19 21:00,18,11,7
4/30/19 22:00,16,16,0
4/30/19 23:00,3,2,1
5/1/19 0:00,1,1,0
5/1/19 1:00,2,2,0
5/1/19 2:00,3,1,2
5/1/19 3:00,2,1,1
5/1/19 4:00,4,1,3
5/1/19 5:00,27,6,21
5/1/19 6:00,119,20,99
5/1/19 7:00,200,13,187
5/1/19 8:00,188,10,178
5/1/19 9:00,74,12,62
5/1/19 10:00,31,7,24
5/1/19 11:00,30,19,11
5/1/19 12:00,19,7,12
5/1/19 13:00,25,14,11
5/1/19 14:00,51,22,29
5/1/19 15:00,78,53,25
5/1/19 16:00,153,126,27
5/1/19 17:00,247,219,28
5/1/19 18:00,155,127,28
5/1/19 19:00,64,55,9
5/1/19 20:00,35,24,11
5/1/19 21:00,15,12,3
5/1/19 22:00,7,7,0
5/1/19 23:00,7,6,1
5/2/19 0:00,2,1,1
5/2/19 1:00,0,0,0
5/2/19 2:00,4,2,2
5/2/19 3:00,2,1,1
5/2/19 4:00,9,1,8
5/2/19 5:00,25,5,20
5/2/19 6:00,87,14,73
5/2/19 7:00,174,14,160
5/2/19 8:00,170,13,157
5/2/19 9:00,55,6,49
5/2/19 10:00,29,5,24
5/2/19 11:00,29,8,21
5/2/19 12:00,28,10,18
5/2/19 13:00,23,9,14
5/2/19 14:00,34,21,13
5/2/19 15:00,52,37,15
5/2/19 16:00,118,96,22
5/2/19 17:00,176,164,12
5/2/19 18:00,126,112,14
5/2/19 19:00,54,47,7
5/2/19 20:00,34,28,6
5/2/19 21:00,19,15,4
5/2/19 22:00,17,13,4
5/2/19 23:00,4,4,0
5/3/19 0:00,3,2,1
5/3/19 1:00,5,1,4
5/3/19 2:00,2,2,0
5/3/19 3:00,4,0,4
5/3/19 4:00,4,2,2
5/3/19 5:00,15,3,12
5/3/19 6:00,69,12,57
5/3/19 7:00,140,16,124
5/3/19 8:00,126,14,112
5/3/19 9:00,61,8,53
5/3/19 10:00,30,8,22
5/3/19 11:00,17,4,13
5/3/19 12:00,22,10,12
5/3/19 13:00,26,15,11
5/3/19 14:00,37,25,12
5/3/19 15:00,48,39,9
5/3/19 16:00,122,100,22
5/3/19 17:00,151,138,13
5/3/19 18:00,101,86,15
5/3/19 19:00,31,19,12
5/3/19 20:00,16,6,10
5/3/19 21:00,17,12,5
5/3/19 22:00,2,2,0
5/3/19 23:00,10,8,2
5/4/19 0:00,4,2,2
5/4/19 1:00,4,2,2
5/4/19 2:00,2,0,2
5/4/19 3:00,2,1,1
5/4/19 4:00,3,1,2
5/4/19 5:00,2,0,2
5/4/19 6:00,14,6,8
5/4/19 7:00,21,5,16
5/4/19 8:00,35,13,22
5/4/19 9:00,34,14,20
5/4/19 10:00,64,34,30
5/4/19 11:00,80,37,43
5/4/19 12:00,87,38,49
5/4/19 13:00,53,33,20
5/4/19 14:00,73,38,35
5/4/19 15:00,102,49,53
5/4/19 16:00,64,39,25
5/4/19 17:00,44,20,24
5/4/19 18:00,46,21,25
5/4/19 19:00,34,20,14
5/4/19 20:00,17,9,8
5/4/19 21:00,6,2,4
5/4/19 22:00,9,5,4
5/4/19 23:00,2,2,0
5/5/19 0:00,9,6,3
5/5/19 1:00,0,0,0
5/5/19 2:00,1,1,0
5/5/19 3:00,0,0,0
5/5/19 4:00,2,1,1
5/5/19 5:00,6,1,5
5/5/19 6:00,16,8,8
5/5/19 7:00,11,2,9
5/5/19 8:00,60,20,40
5/5/19 9:00,44,14,30
5/5/19 10:00,54,27,27
5/5/19 11:00,77,41,36
5/5/19 12:00,80,41,39
5/5/19 13:00,104,61,43
5/5/19 14:00,82,41,41
5/5/19 15:00,73,43,30
5/5/19 16:00,95,53,42
5/5/19 17:00,34,17,17
5/5/19 18:00,36,20,16
5/5/19 19:00,17,6,11
5/5/19 20:00,17,13,4
5/5/19 21:00,19,10,9
5/5/19 22:00,4,2,2
5/5/19 23:00,1,0,1
5/6/19 0:00,2,1,1
5/6/19 1:00,3,2,1
5/6/19 2:00,1,1,0
5/6/19 3:00,3,2,1
5/6/19 4:00,6,0,6
5/6/19 5:00,25,6,19
5/6/19 6:00,94,10,84
5/6/19 7:00,181,11,170
5/6/19 8:00,220,17,203
5/6/19 9:00,81,14,67
5/6/19 10:00,35,9,26
5/6/19 11:00,23,9,14
5/6/19 12:00,25,10,15
5/6/19 13:00,38,27,11
5/6/19 14:00,43,29,14
5/6/19 15:00,82,60,22
5/6/19 16:00,151,129,22
5/6/19 17:00,242,222,20
5/6/19 18:00,132,111,21
5/6/19 19:00,59,40,19
5/6/19 20:00,29,21,8
5/6/19 21:00,7,5,2
5/6/19 22:00,12,9,3
5/6/19 23:00,3,2,1
5/7/19 0:00,0,0,0
5/7/19 1:00,0,0,0
5/7/19 2:00,4,2,2
5/7/19 3:00,1,1,0
5/7/19 4:00,7,3,4
5/7/19 5:00,29,2,27
5/7/19 6:00,123,12,111
5/7/19 7:00,210,19,191
5/7/19 8:00,207,17,190
5/7/19 9:00,64,14,50
5/7/19 10:00,34,6,28
5/7/19 11:00,30,8,22
5/7/19 12:00,19,7,12
5/7/19 13:00,26,15,11
5/7/19 14:00,45,29,16
5/7/19 15:00,62,45,17
5/7/19 16:00,170,141,29
5/7/19 17:00,252,222,30
5/7/19 18:00,139,125,14
5/7/19 19:00,98,72,26
5/7/19 20:00,36,21,15
5/7/19 21:00,13,10,3
5/7/19 22:00,7,6,1
5/7/19 23:00,8,7,1
5/8/19 0:00,0,0,0
5/8/19 1:00,2,1,1
5/8/19 2:00,3,1,2
5/8/19 3:00,0,0,0
5/8/19 4:00,8,1,7
5/8/19 5:00,31,3,28
5/8/19 6:00,107,13,94
5/8/19 7:00,186,13,173
5/8/19 8:00,212,16,196
5/8/19 9:00,57,8,49
5/8/19 10:00,35,13,22
5/8/19 11:00,20,6,14
5/8/19 12:00,26,10,16
5/8/19 13:00,27,19,8
5/8/19 14:00,41,17,24
5/8/19 15:00,80,61,19
5/8/19 16:00,141,119,22
5/8/19 17:00,270,248,22
5/8/19 18:00,141,118,23
5/8/19 19:00,78,62,16
5/8/19 20:00,32,28,4
5/8/19 21:00,32,16,16
5/8/19 22:00,12,6,6
5/8/19 23:00,10,7,3
5/9/19 0:00,4,3,1
5/9/19 1:00,0,0,0
5/9/19 2:00,5,1,4
5/9/19 3:00,5,5,0
5/9/19 4:00,8,2,6
5/9/19 5:00,42,8,34
5/9/19 6:00,123,21,102
5/9/19 7:00,190,18,172
5/9/19 8:00,203,13,190
5/9/19 9:00,82,14,68
5/9/19 10:00,36,13,23
5/9/19 11:00,46,21,25
5/9/19 12:00,36,16,20
5/9/19 13:00,42,24,18
5/9/19 14:00,40,19,21
5/9/19 15:00,67,54,13
5/9/19 16:00,163,125,38
5/9/19 17:00,249,219,30
5/9/19 18:00,137,117,20
5/9/19 19:00,69,55,14
5/9/19 20:00,30,21,9
5/9/19 21:00,16,9,7
5/9/19 22:00,16,11,5
5/9/19 23:00,8,6,2
5/10/19 0:00,5,2,3
5/10/19 1:00,2,1,1
5/10/19 2:00,3,1,2
5/10/19 3:00,1,1,0
5/10/19 4:00,7,1,6
5/10/19 5:00,19,4,15
5/10/19 6:00,111,16,95
5/10/19 7:00,176,18,158
5/10/19 8:00,170,12,158
5/10/19 9:00,74,21,53
5/10/19 10:00,45,21,24
5/10/19 11:00,23,9,14
5/10/19 12:00,34,16,18
5/10/19 13:00,49,27,22
5/10/19 14:00,50,32,18
5/10/19 15:00,78,61,17
5/10/19 16:00,141,115,26
5/10/19 17:00,211,185,26
5/10/19 18:00,107,91,16
5/10/19 19:00,51,36,15
5/10/19 20:00,50,38,12
5/10/19 21:00,16,5,11
5/10/19 22:00,12,3,9
5/10/19 23:00,10,9,1
5/11/19 0:00,6,5,1
5/11/19 1:00,2,1,1
5/11/19 2:00,7,4,3
5/11/19 3:00,0,0,0
5/11/19 4:00,4,3,1
5/11/19 5:00,6,2,4
5/11/19 6:00,23,8,15
5/11/19 7:00,22,9,13
5/11/19 8:00,54,25,29
5/11/19 9:00,52,22,30
5/11/19 10:00,88,41,47
5/11/19 11:00,84,54,30
5/11/19 12:00,95,56,39
5/11/19 13:00,98,55,43
5/11/19 14:00,98,49,49
5/11/19 15:00,67,33,34
5/11/19 16:00,66,32,34
5/11/19 17:00,60,19,41
5/11/19 18:00,39,11,28
5/11/19 19:00,25,12,13
5/11/19 20:00,15,8,7
5/11/19 21:00,28,22,6
5/11/19 22:00,18,14,4
5/11/19 23:00,3,3,0
5/12/19 0:00,3,2,1
5/12/19 1:00,1,1,0
5/12/19 2:00,2,0,2
5/12/19 3:00,1,1,0
5/12/19 4:00,0,0,0
5/12/19 5:00,8,3,5
5/12/19 6:00,5,1,4
5/12/19 7:00,10,2,8
5/12/19 8:00,12,6,6
5/12/19 9:00,29,16,13
5/12/19 10:00,32,14,18
5/12/19 11:00,27,14,13
5/12/19 12:00,49,37,12
5/12/19 13:00,37,17,20
5/12/19 14:00,44,31,13
5/12/19 15:00,53,23,30
5/12/19 16:00,35,18,17
5/12/19 17:00,30,13,17
5/12/19 18:00,32,18,14
5/12/19 19:00,20,10,10
5/12/19 20:00,19,9,10
5/12/19 21:00,4,2,2
5/12/19 22:00,6,6,0
5/12/19 23:00,1,0,1
5/13/19 0:00,0,0,0
5/13/19 1:00,1,0,1
5/13/19 2:00,1,1,0
5/13/19 3:00,1,0,1
5/13/19 4:00,8,2,6
5/13/19 5:00,27,5,22
5/13/19 6:00,97,10,87
5/13/19 7:00,181,11,170
5/13/19 8:00,186,16,170
5/13/19 9:00,81,17,64
5/13/19 10:00,26,7,19
5/13/19 11:00,20,9,11
5/13/19 12:00,13,10,3
5/13/19 13:00,20,13,7
5/13/19 14:00,27,20,7
5/13/19 15:00,50,39,11
5/13/19 16:00,123,106,17
5/13/19 17:00,245,225,20
5/13/19 18:00,126,113,13
5/13/19 19:00,77,50,27
5/13/19 20:00,38,20,18
5/13/19 21:00,18,11,7
5/13/19 22:00,6,5,1
5/13/19 23:00,3,3,0
5/14/19 0:00,0,0,0
5/14/19 1:00,0,0,0
5/14/19 2:00,3,1,2
5/14/19 3:00,0,0,0
5/14/19 4:00,3,2,1
5/14/19 5:00,30,4,26
5/14/19 6:00,93,15,78
5/14/19 7:00,136,17,119
5/14/19 8:00,126,8,118
5/14/19 9:00,42,7,35
5/14/19 10:00,14,3,11
5/14/19 11:00,15,3,12
5/14/19 12:00,5,1,4
5/14/19 13:00,11,8,3
5/14/19 14:00,10,5,5
5/14/19 15:00,30,20,10
5/14/19 16:00,104,84,20
5/14/19 17:00,180,169,11
5/14/19 18:00,82,75,7
5/14/19 19:00,49,33,16
5/14/19 20:00,19,16,3
5/14/19 21:00,7,5,2
5/14/19 22:00,10,9,1
5/14/19 23:00,4,3,1
5/15/19 0:00,1,1,0
5/15/19 1:00,1,0,1
5/15/19 2:00,4,3,1
5/15/19 3:00,3,1,2
5/15/19 4:00,7,1,6
5/15/19 5:00,19,4,15
5/15/19 6:00,86,15,71
5/15/19 7:00,120,14,106
5/15/19 8:00,224,12,212
5/15/19 9:00,57,9,48
5/15/19 10:00,29,8,21
5/15/19 11:00,54,27,27
5/15/19 12:00,32,17,15
5/15/19 13:00,51,21,30
5/15/19 14:00,38,24,14
5/15/19 15:00,56,39,17
5/15/19 16:00,109,88,21
5/15/19 17:00,164,151,13
5/15/19 18:00,96,88,8
5/15/19 19:00,58,42,16
5/15/19 20:00,17,16,1
5/15/19 21:00,13,10,3
5/15/19 22:00,4,3,1
5/15/19 23:00,4,2,2
5/16/19 0:00,1,1,0
5/16/19 1:00,3,1,2
5/16/19 2:00,2,1,1
5/16/19 3:00,0,0,0
5/16/19 4:00,6,1,5
5/16/19 5:00,32,5,27
5/16/19 6:00,75,10,65
5/16/19 7:00,144,15,129
5/16/19 8:00,146,8,138
5/16/19 9:00,55,8,47
5/16/19 10:00,26,7,19
5/16/19 11:00,23,8,15
5/16/19 12:00,15,6,9
5/16/19 13:00,14,10,4
5/16/19 14:00,17,10,7
5/16/19 15:00,33,30,3
5/16/19 16:00,97,79,18
5/16/19 17:00,155,143,12
5/16/19 18:00,100,90,10
5/16/19 19:00,36,28,8
5/16/19 20:00,15,14,1
5/16/19 21:00,16,13,3
5/16/19 22:00,6,4,2
5/16/19 23:00,3,3,0
5/17/19 0:00,2,0,2
5/17/19 1:00,3,2,1
5/17/19 2:00,2,0,2
5/17/19 3:00,1,0,1
5/17/19 4:00,7,2,5
5/17/19 5:00,26,4,22
5/17/19 6:00,82,9,73
5/17/19 7:00,137,17,120
5/17/19 8:00,163,14,149
5/17/19 9:00,54,9,45
5/17/19 10:00,17,7,10
5/17/19 11:00,34,14,20
5/17/19 12:00,54,32,22
5/17/19 13:00,41,12,29
5/17/19 14:00,45,28,17
5/17/19 15:00,55,38,17
5/17/19 16:00,107,85,22
5/17/19 17:00,199,169,30
5/17/19 18:00,101,84,17
5/17/19 19:00,45,35,10
5/17/19 20:00,19,11,8
5/17/19 21:00,15,13,2
5/17/19 22:00,7,3,4
5/17/19 23:00,4,2,2
5/18/19 0:00,5,3,2
5/18/19 1:00,2,2,0
5/18/19 2:00,2,2,0
5/18/19 3:00,0,0,0
5/18/19 4:00,2,1,1
5/18/19 5:00,14,4,10
5/18/19 6:00,10,4,6
5/18/19 7:00,17,9,8
5/18/19 8:00,38,10,28
5/18/19 9:00,56,29,27
5/18/19 10:00,62,28,34
5/18/19 11:00,73,37,36
5/18/19 12:00,79,49,30
5/18/19 13:00,82,44,38
5/18/19 14:00,103,69,34
5/18/19 15:00,84,41,43
5/18/19 16:00,68,32,36
5/18/19 17:00,67,43,24
5/18/19 18:00,47,22,25
5/18/19 19:00,24,9,15
5/18/19 20:00,11,4,7
5/18/19 21:00,13,12,1
5/18/19 22:00,8,6,2
5/18/19 23:00,6,6,0
5/19/19 0:00,4,3,1
5/19/19 1:00,1,1,0
5/19/19 2:00,1,1,0
5/19/19 3:00,1,1,0
5/19/19 4:00,3,2,1
5/19/19 5:00,4,2,2
5/19/19 6:00,6,2,4
5/19/19 7:00,11,2,9
5/19/19 8:00,27,8,19
5/19/19 9:00,37,16,21
5/19/19 10:00,24,16,8
5/19/19 11:00,37,17,20
5/19/19 12:00,42,23,19
5/19/19 13:00,66,29,37
5/19/19 14:00,65,33,32
5/19/19 15:00,62,35,27
5/19/19 16:00,64,36,28
5/19/19 17:00,46,21,25
5/19/19 18:00,28,15,13
5/19/19 19:00,21,11,10
5/19/19 20:00,14,8,6
5/19/19 21:00,11,4,7
5/19/19 22:00,6,4,2
5/19/19 23:00,2,1,1
5/20/19 0:00,1,1,0
5/20/19 1:00,3,2,1
5/20/19 2:00,1,0,1
5/20/19 3:00,0,0,0
5/20/19 4:00,9,0,9
5/20/19 5:00,26,6,20
5/20/19 6:00,75,8,67
5/20/19 7:00,128,10,118
5/20/19 8:00,175,7,168
5/20/19 9:00,51,2,49
5/20/19 10:00,30,5,25
5/20/19 11:00,14,6,8
5/20/19 12:00,22,12,10
5/20/19 13:00,12,8,4
5/20/19 14:00,18,9,9
5/20/19 15:00,29,25,4
5/20/19 16:00,95,79,16
5/20/19 17:00,178,167,11
5/20/19 18:00,102,91,11
5/20/19 19:00,33,24,9
5/20/19 20:00,16,12,4
5/20/19 21:00,11,6,5
5/20/19 22:00,3,2,1
5/20/19 23:00,2,2,0
5/21/19 0:00,1,0,1
5/21/19 1:00,0,0,0
5/21/19 2:00,1,0,1
5/21/19 3:00,1,1,0
5/21/19 4:00,7,1,6
5/21/19 5:00,26,2,24
5/21/19 6:00,84,11,73
5/21/19 7:00,148,14,134
5/21/19 8:00,183,11,172
5/21/19 9:00,61,7,54
5/21/19 10:00,23,6,17
5/21/19 11:00,28,9,19
5/21/19 12:00,20,9,11
5/21/19 13:00,19,9,10
5/21/19 14:00,21,13,8
5/21/19 15:00,56,47,9
5/21/19 16:00,114,97,17
5/21/19 17:00,223,199,24
5/21/19 18:00,91,79,12
5/21/19 19:00,61,49,12
5/21/19 20:00,25,18,7
5/21/19 21:00,17,14,3
5/21/19 22:00,8,3,5
5/21/19 23:00,2,2,0
5/22/19 0:00,4,3,1
5/22/19 1:00,1,0,1
5/22/19 2:00,4,2,2
5/22/19 3:00,1,0,1
5/22/19 4:00,4,1,3
5/22/19 5:00,23,3,20
5/22/19 6:00,122,15,107
5/22/19 7:00,179,14,165
5/22/19 8:00,193,14,179
5/22/19 9:00,73,12,61
5/22/19 10:00,38,12,26
5/22/19 11:00,30,10,20
5/22/19 12:00,30,11,19
5/22/19 13:00,46,28,18
5/22/19 14:00,51,25,26
5/22/19 15:00,86,60,26
5/22/19 16:00,139,119,20
5/22/19 17:00,263,234,29
5/22/19 18:00,168,138,30
5/22/19 19:00,64,53,11
5/22/19 20:00,40,31,9
5/22/19 21:00,33,26,7
5/22/19 22:00,10,7,3
5/22/19 23:00,20,12,8
5/23/19 0:00,5,3,2
5/23/19 1:00,1,0,1
5/23/19 2:00,4,2,2
5/23/19 3:00,2,0,2
5/23/19 4:00,6,2,4
5/23/19 5:00,16,4,12
5/23/19 6:00,120,18,102
5/23/19 7:00,170,17,153
5/23/19 8:00,210,17,193
5/23/19 9:00,92,13,79
5/23/19 10:00,30,6,24
5/23/19 11:00,42,22,20
5/23/19 12:00,36,17,19
5/23/19 13:00,52,28,24
5/23/19 14:00,40,22,18
5/23/19 15:00,72,50,22
5/23/19 16:00,144,113,31
5/23/19 17:00,246,214,32
5/23/19 18:00,155,130,25
5/23/19 19:00,56,42,14
5/23/19 20:00,34,27,7
5/23/19 21:00,16,13,3
5/23/19 22:00,14,12,2
5/23/19 23:00,9,8,1
5/24/19 0:00,3,1,2
5/24/19 1:00,0,0,0
5/24/19 2:00,2,1,1
5/24/19 3:00,1,1,0
5/24/19 4:00,5,3,2
5/24/19 5:00,16,3,13
5/24/19 6:00,63,9,54
5/24/19 7:00,111,17,94
5/24/19 8:00,120,6,114
5/24/19 9:00,47,6,41
5/24/19 10:00,21,12,9
5/24/19 11:00,24,9,15
5/24/19 12:00,16,9,7
5/24/19 13:00,47,26,21
5/24/19 14:00,58,38,20
5/24/19 15:00,51,43,8
5/24/19 16:00,93,80,13
5/24/19 17:00,121,103,18
5/24/19 18:00,65,54,11
5/24/19 19:00,24,18,6
5/24/19 20:00,12,11,1
5/24/19 21:00,10,8,2
5/24/19 22:00,12,8,4
5/24/19 23:00,1,1,0
5/25/19 0:00,4,4,0
5/25/19 1:00,4,3,1
5/25/19 2:00,1,1,0
5/25/19 3:00,4,1,3
5/25/19 4:00,1,0,1
5/25/19 5:00,1,1,0
5/25/19 6:00,6,2,4
5/25/19 7:00,21,9,12
5/25/19 8:00,15,8,7
5/25/19 9:00,27,10,17
5/25/19 10:00,42,18,24
5/25/19 11:00,22,11,11
5/25/19 12:00,11,5,6
5/25/19 13:00,14,8,6
5/25/19 14:00,11,6,5
5/25/19 15:00,7,4,3
5/25/19 16:00,10,9,1
5/25/19 17:00,9,5,4
5/25/19 18:00,15,9,6
5/25/19 19:00,8,5,3
5/25/19 20:00,5,5,0
5/25/19 21:00,3,1,2
5/25/19 22:00,1,0,1
5/25/19 23:00,2,1,1
5/26/19 0:00,1,0,1
5/26/19 1:00,1,0,1
5/26/19 2:00,1,1,0
5/26/19 3:00,1,0,1
5/26/19 4:00,3,0,3
5/26/19 5:00,6,3,3
5/26/19 6:00,22,2,20
5/26/19 7:00,33,6,27
5/26/19 8:00,54,28,26
5/26/19 9:00,77,55,22
5/26/19 10:00,56,32,24
5/26/19 11:00,45,25,20
5/26/19 12:00,72,40,32
5/26/19 13:00,95,38,57
5/26/19 14:00,65,25,40
5/26/19 15:00,60,30,30
5/26/19 16:00,58,29,29
5/26/19 17:00,39,21,18
5/26/19 18:00,29,17,12
5/26/19 19:00,20,9,11
5/26/19 20:00,26,15,11
5/26/19 21:00,12,5,7
5/26/19 22:00,6,4,2
5/26/19 23:00,6,2,4
5/27/19 0:00,3,2,1
5/27/19 1:00,1,1,0
5/27/19 2:00,0,0,0
5/27/19 3:00,2,2,0
5/27/19 4:00,2,0,2
5/27/19 5:00,8,5,3
5/27/19 6:00,14,2,12
5/27/19 7:00,23,6,17
5/27/19 8:00,36,16,20
5/27/19 9:00,51,31,20
5/27/19 10:00,78,43,35
5/27/19 11:00,104,53,51
5/27/19 12:00,101,48,53
5/27/19 13:00,121,66,55
5/27/19 14:00,122,67,55
5/27/19 15:00,113,45,68
5/27/19 16:00,90,39,51
5/27/19 17:00,67,40,27
5/27/19 18:00,50,23,27
5/27/19 19:00,42,20,22
5/27/19 20:00,28,17,11
5/27/19 21:00,10,5,5
5/27/19 22:00,8,5,3
5/27/19 23:00,5,4,1
5/28/19 0:00,4,1,3
5/28/19 1:00,1,1,0
5/28/19 2:00,1,0,1
5/28/19 3:00,1,0,1
5/28/19 4:00,5,2,3
5/28/19 5:00,32,5,27
5/28/19 6:00,98,9,89
5/28/19 7:00,196,18,178
5/28/19 8:00,195,12,183
5/28/19 9:00,58,8,50
5/28/19 10:00,37,7,30
5/28/19 11:00,23,5,18
5/28/19 12:00,25,14,11
5/28/19 13:00,27,14,13
5/28/19 14:00,26,20,6
5/28/19 15:00,49,40,9
5/28/19 16:00,104,91,13
5/28/19 17:00,231,207,24
5/28/19 18:00,131,118,13
5/28/19 19:00,67,54,13
5/28/19 20:00,19,15,4
5/28/19 21:00,13,10,3
5/28/19 22:00,9,7,2
5/28/19 23:00,4,4,0
5/29/19 0:00,3,2,1
5/29/19 1:00,0,0,0
5/29/19 2:00,6,2,4
5/29/19 3:00,1,0,1
5/29/19 4:00,6,2,4
5/29/19 5:00,29,5,24
5/29/19 6:00,116,14,102
5/29/19 7:00,200,15,185
5/29/19 8:00,203,13,190
5/29/19 9:00,75,7,68
5/29/19 10:00,34,8,26
5/29/19 11:00,31,10,21
5/29/19 12:00,31,15,16
5/29/19 13:00,35,13,22
5/29/19 14:00,40,22,18
5/29/19 15:00,62,48,14
5/29/19 16:00,138,112,26
5/29/19 17:00,254,231,23
5/29/19 18:00,148,127,21
5/29/19 19:00,62,47,15
5/29/19 20:00,42,35,7
5/29/19 21:00,28,20,8
5/29/19 22:00,13,8,5
5/29/19 23:00,5,3,2
5/30/19 0:00,0,0,0
5/30/19 1:00,1,0,1
5/30/19 2:00,4,3,1
5/30/19 3:00,1,0,1
5/30/19 4:00,4,1,3
5/30/19 5:00,30,5,25
5/30/19 6:00,116,14,102
5/30/19 7:00,201,20,181
5/30/19 8:00,188,19,169
5/30/19 9:00,74,7,67
5/30/19 10:00,33,5,28
5/30/19 11:00,21,9,12
5/30/19 12:00,23,9,14
5/30/19 13:00,26,16,10
5/30/19 14:00,40,26,14
5/30/19 15:00,73,52,21
5/30/19 16:00,137,116,21
5/30/19 17:00,205,185,20
5/30/19 18:00,159,140,19
5/30/19 19:00,88,69,19
5/30/19 20:00,38,30,8
5/30/19 21:00,30,20,10
5/30/19 22:00,19,9,10
5/30/19 23:00,15,8,7
5/31/19 0:00,5,3,2
5/31/19 1:00,2,2,0
5/31/19 2:00,1,1,0
5/31/19 3:00,2,0,2
5/31/19 4:00,5,1,4
5/31/19 5:00,26,2,24
5/31/19 6:00,79,5,74
5/31/19 7:00,152,14,138
5/31/19 8:00,145,14,131
5/31/19 9:00,57,4,53
5/31/19 10:00,20,5,15
5/31/19 11:00,31,14,17
5/31/19 12:00,20,9,11
5/31/19 13:00,35,15,20
5/31/19 14:00,40,26,14
5/31/19 15:00,71,51,20
5/31/19 16:00,101,82,19
5/31/19 17:00,179,156,23
5/31/19 18:00,109,92,17
5/31/19 19:00,50,37,13
5/31/19 20:00,30,16,14
5/31/19 21:00,12,8,4
5/31/19 22:00,10,9,1
5/31/19 23:00,14,6,8
6/1/19 0:00,6,5,1
6/1/19 1:00,1,1,0
6/1/19 2:00,7,4,3
6/1/19 3:00,0,0,0
6/1/19 4:00,3,1,2
6/1/19 5:00,4,1,3
6/1/19 6:00,16,5,11
6/1/19 7:00,25,10,15
6/1/19 8:00,33,13,20
6/1/19 9:00,36,15,21
6/1/19 10:00,96,63,33
6/1/19 11:00,56,24,32
6/1/19 12:00,48,21,27
6/1/19 13:00,57,32,25
6/1/19 14:00,69,36,33
6/1/19 15:00,49,34,15
6/1/19 16:00,60,33,27
6/1/19 17:00,63,32,31
6/1/19 18:00,44,26,18
6/1/19 19:00,36,16,20
6/1/19 20:00,25,13,12
6/1/19 21:00,21,9,12
6/1/19 22:00,7,6,1
6/1/19 23:00,3,0,3
6/2/19 0:00,2,1,1
6/2/19 1:00,4,3,1
6/2/19 2:00,0,0,0
6/2/19 3:00,1,1,0
6/2/19 4:00,2,2,0
6/2/19 5:00,2,2,0
6/2/19 6:00,11,3,8
6/2/19 7:00,14,3,11
6/2/19 8:00,38,17,21
6/2/19 9:00,62,36,26
6/2/19 10:00,106,61,45
6/2/19 11:00,112,53,59
6/2/19 12:00,109,59,50
6/2/19 13:00,87,45,42
6/2/19 14:00,84,28,56
6/2/19 15:00,82,45,37
6/2/19 16:00,67,35,32
6/2/19 17:00,45,23,22
6/2/19 18:00,56,27,29
6/2/19 19:00,15,10,5
6/2/19 20:00,13,6,7
6/2/19 21:00,9,5,4
6/2/19 22:00,7,4,3
6/2/19 23:00,1,1,0
6/3/19 0:00,1,1,0
6/3/19 1:00,3,2,1
6/3/19 2:00,0,0,0
6/3/19 3:00,0,0,0
6/3/19 4:00,2,0,2
6/3/19 5:00,22,7,15
6/3/19 6:00,103,12,91
6/3/19 7:00,193,24,169
6/3/19 8:00,183,16,167
6/3/19 9:00,71,12,59
6/3/19 10:00,40,12,28
6/3/19 11:00,18,6,12
6/3/19 12:00,21,6,15
6/3/19 13:00,21,9,12
6/3/19 14:00,27,17,10
6/3/19 15:00,60,47,13
6/3/19 16:00,125,110,15
6/3/19 17:00,227,205,22
6/3/19 18:00,150,131,19
6/3/19 19:00,66,44,22
6/3/19 20:00,15,11,4
6/3/19 21:00,22,16,6
6/3/19 22:00,9,8,1
6/3/19 23:00,2,2,0
6/4/19 0:00,0,0,0
6/4/19 1:00,1,1,0
6/4/19 2:00,3,1,2
6/4/19 3:00,0,0,0
6/4/19 4:00,4,2,2
6/4/19 5:00,26,7,19
6/4/19 6:00,121,13,108
6/4/19 7:00,196,14,182
6/4/19 8:00,201,15,186
6/4/19 9:00,62,8,54
6/4/19 10:00,25,6,19
6/4/19 11:00,28,9,19
6/4/19 12:00,37,16,21
6/4/19 13:00,31,15,16
6/4/19 14:00,30,17,13
6/4/19 15:00,64,47,17
6/4/19 16:00,140,122,18
6/4/19 17:00,258,226,32
6/4/19 18:00,163,131,32
6/4/19 19:00,69,57,12
6/4/19 20:00,61,48,13
6/4/19 21:00,28,20,8
6/4/19 22:00,17,7,10
6/4/19 23:00,7,2,5
6/5/19 0:00,9,2,7
6/5/19 1:00,3,1,2
6/5/19 2:00,2,1,1
6/5/19 3:00,0,0,0
6/5/19 4:00,4,2,2
6/5/19 5:00,25,3,22
6/5/19 6:00,120,15,105
6/5/19 7:00,194,17,177
6/5/19 8:00,173,15,158
6/5/19 9:00,77,18,59
6/5/19 10:00,32,12,20
6/5/19 11:00,22,3,19
6/5/19 12:00,29,10,19
6/5/19 13:00,25,19,6
6/5/19 14:00,32,15,17
6/5/19 15:00,43,33,10
6/5/19 16:00,136,113,23
6/5/19 17:00,224,201,23
6/5/19 18:00,139,119,20
6/5/19 19:00,51,38,13
6/5/19 20:00,34,28,6
6/5/19 21:00,29,22,7
6/5/19 22:00,7,4,3
6/5/19 23:00,8,6,2
6/6/19 0:00,6,3,3
6/6/19 1:00,1,1,0
6/6/19 2:00,3,2,1
6/6/19 3:00,2,2,0
6/6/19 4:00,1,0,1
6/6/19 5:00,22,2,20
6/6/19 6:00,91,11,80
6/6/19 7:00,133,16,117
6/6/19 8:00,161,12,149
6/6/19 9:00,60,11,49
6/6/19 10:00,31,8,23
6/6/19 11:00,17,8,9
6/6/19 12:00,20,8,12
6/6/19 13:00,24,9,15
6/6/19 14:00,43,26,17
6/6/19 15:00,59,44,15
6/6/19 16:00,83,71,12
6/6/19 17:00,164,153,11
6/6/19 18:00,103,89,14
6/6/19 19:00,54,39,15
6/6/19 20:00,23,20,3
6/6/19 21:00,17,12,5
6/6/19 22:00,8,6,2
6/6/19 23:00,3,1,2
6/7/19 0:00,1,1,0
6/7/19 1:00,3,1,2
6/7/19 2:00,3,1,2
6/7/19 3:00,0,0,0
6/7/19 4:00,3,1,2
6/7/19 5:00,20,2,18
6/7/19 6:00,40,4,36
6/7/19 7:00,99,10,89
6/7/19 8:00,127,11,116
6/7/19 9:00,50,9,41
6/7/19 10:00,13,4,9
6/7/19 11:00,17,3,14
6/7/19 12:00,12,6,6
6/7/19 13:00,19,12,7
6/7/19 14:00,16,11,5
6/7/19 15:00,47,36,11
6/7/19 16:00,68,60,8
6/7/19 17:00,107,94,13
6/7/19 18:00,57,47,10
6/7/19 19:00,28,21,7
6/7/19 20:00,13,10,3
6/7/19 21:00,15,11,4
6/7/19 22:00,33,3,30
6/7/19 23:00,12,5,7
6/8/19 0:00,9,8,1
6/8/19 1:00,1,0,1
6/8/19 2:00,3,3,0
6/8/19 3:00,1,1,0
6/8/19 4:00,1,0,1
6/8/19 5:00,2,2,0
6/8/19 6:00,14,1,13
6/8/19 7:00,34,20,14
6/8/19 8:00,28,17,11
6/8/19 9:00,34,17,17
6/8/19 10:00,51,34,17
6/8/19 11:00,74,26,48
6/8/19 12:00,52,27,25
6/8/19 13:00,80,36,44
6/8/19 14:00,100,40,60
6/8/19 15:00,89,46,43
6/8/19 16:00,70,39,31
6/8/19 17:00,61,30,31
6/8/19 18:00,55,34,21
6/8/19 19:00,35,22,13
6/8/19 20:00,30,10,20
6/8/19 21:00,10,8,2
6/8/19 22:00,11,5,6
6/8/19 23:00,3,3,0
6/9/19 0:00,6,3,3
6/9/19 1:00,2,1,1
6/9/19 2:00,4,4,0
6/9/19 3:00,1,1,0
6/9/19 4:00,0,0,0
6/9/19 5:00,4,1,3
6/9/19 6:00,6,1,5
6/9/19 7:00,21,7,14
6/9/19 8:00,36,12,24
6/9/19 9:00,29,10,19
6/9/19 10:00,58,31,27
6/9/19 11:00,72,43,29
6/9/19 12:00,92,57,35
6/9/19 13:00,87,40,47
6/9/19 14:00,113,40,73
6/9/19 15:00,61,27,34
6/9/19 16:00,48,27,21
6/9/19 17:00,48,28,20
6/9/19 18:00,30,18,12
6/9/19 19:00,21,13,8
6/9/19 20:00,33,15,18
6/9/19 21:00,12,6,6
6/9/19 22:00,6,2,4
6/9/19 23:00,1,1,0
6/10/19 0:00,2,1,1
6/10/19 1:00,1,1,0
6/10/19 2:00,1,1,0
6/10/19 3:00,0,0,0
6/10/19 4:00,4,0,4
6/10/19 5:00,25,3,22
6/10/19 6:00,90,12,78
6/10/19 7:00,158,15,143
6/10/19 8:00,194,13,181
6/10/19 9:00,70,7,63
6/10/19 10:00,37,14,23
6/10/19 11:00,37,19,18
6/10/19 12:00,30,11,19
6/10/19 13:00,46,26,20
6/10/19 14:00,31,21,10
6/10/19 15:00,64,49,15
6/10/19 16:00,140,117,23
6/10/19 17:00,209,185,24
6/10/19 18:00,130,115,15
6/10/19 19:00,56,42,14
6/10/19 20:00,28,20,8
6/10/19 21:00,14,13,1
6/10/19 22:00,10,5,5
6/10/19 23:00,5,4,1
6/11/19 0:00,1,1,0
6/11/19 1:00,1,1,0
6/11/19 2:00,2,1,1
6/11/19 3:00,1,0,1
6/11/19 4:00,8,2,6
6/11/19 5:00,41,4,37
6/11/19 6:00,125,19,106
6/11/19 7:00,223,18,205
6/11/19 8:00,183,14,169
6/11/19 9:00,84,16,68
6/11/19 10:00,36,8,28
6/11/19 11:00,33,17,16
6/11/19 12:00,23,14,9
6/11/19 13:00,35,19,16
6/11/19 14:00,35,19,16
6/11/19 15:00,69,55,14
6/11/19 16:00,157,128,29
6/11/19 17:00,242,224,18
6/11/19 18:00,145,125,20
6/11/19 19:00,99,76,23
6/11/19 20:00,46,31,15
6/11/19 21:00,20,13,7
6/11/19 22:00,10,6,4
6/11/19 23:00,15,11,4
6/12/19 0:00,9,2,7
6/12/19 1:00,0,0,0
6/12/19 2:00,0,0,0
6/12/19 3:00,0,0,0
6/12/19 4:00,6,4,2
6/12/19 5:00,30,4,26
6/12/19 6:00,118,8,110
6/12/19 7:00,170,14,156
6/12/19 8:00,213,20,193
6/12/19 9:00,88,10,78
6/12/19 10:00,31,9,22
6/12/19 11:00,32,16,16
6/12/19 12:00,25,15,10
6/12/19 13:00,39,17,22
6/12/19 14:00,44,27,17
6/12/19 15:00,70,55,15
6/12/19 16:00,137,110,27
6/12/19 17:00,228,203,25
6/12/19 18:00,158,136,22
6/12/19 19:00,63,47,16
6/12/19 20:00,33,27,6
6/12/19 21:00,52,36,16
6/12/19 22:00,10,5,5
6/12/19 23:00,5,2,3
6/13/19 0:00,2,1,1
6/13/19 1:00,6,5,1
6/13/19 2:00,4,2,2
6/13/19 3:00,3,2,1
6/13/19 4:00,7,2,5
6/13/19 5:00,29,5,24
6/13/19 6:00,94,15,79
6/13/19 7:00,172,17,155
6/13/19 8:00,195,9,186
6/13/19 9:00,81,16,65
6/13/19 10:00,36,10,26
6/13/19 11:00,26,12,14
6/13/19 12:00,28,13,15
6/13/19 13:00,32,14,18
6/13/19 14:00,49,32,17
6/13/19 15:00,61,51,10
6/13/19 16:00,144,121,23
6/13/19 17:00,203,183,20
6/13/19 18:00,147,124,23
6/13/19 19:00,62,49,13
6/13/19 20:00,37,33,4
6/13/19 21:00,34,25,9
6/13/19 22:00,12,7,5
6/13/19 23:00,10,4,6
6/14/19 0:00,5,4,1
6/14/19 1:00,1,0,1
6/14/19 2:00,5,2,3
6/14/19 3:00,2,0,2
6/14/19 4:00,4,0,4
6/14/19 5:00,27,4,23
6/14/19 6:00,73,6,67
6/14/19 7:00,138,9,129
6/14/19 8:00,147,8,139
6/14/19 9:00,53,10,43
6/14/19 10:00,24,5,19
6/14/19 11:00,24,7,17
6/14/19 12:00,20,8,12
6/14/19 13:00,35,21,14
6/14/19 14:00,47,36,11
6/14/19 15:00,66,54,12
6/14/19 16:00,125,105,20
6/14/19 17:00,151,131,20
6/14/19 18:00,113,91,22
6/14/19 19:00,50,32,18
6/14/19 20:00,34,21,13
6/14/19 21:00,19,10,9
6/14/19 22:00,19,16,3
6/14/19 23:00,11,9,2
6/15/19 0:00,7,5,2
6/15/19 1:00,4,1,3
6/15/19 2:00,1,1,0
6/15/19 3:00,1,0,1
6/15/19 4:00,5,3,2
6/15/19 5:00,3,0,3
6/15/19 6:00,10,4,6
6/15/19 7:00,19,6,13
6/15/19 8:00,56,21,35
6/15/19 9:00,34,16,18
6/15/19 10:00,72,38,34
6/15/19 11:00,56,20,36
6/15/19 12:00,73,49,24
6/15/19 13:00,57,33,24
6/15/19 14:00,68,30,38
6/15/19 15:00,68,32,36
6/15/19 16:00,81,46,35
6/15/19 17:00,34,18,16
6/15/19 18:00,44,27,17
6/15/19 19:00,31,12,19
6/15/19 20:00,20,12,8
6/15/19 21:00,23,9,14
6/15/19 22:00,4,2,2
6/15/19 23:00,5,4,1
6/16/19 0:00,2,0,2
6/16/19 1:00,1,1,0
6/16/19 2:00,3,1,2
6/16/19 3:00,0,0,0
6/16/19 4:00,0,0,0
6/16/19 5:00,4,2,2
6/16/19 6:00,12,3,9
6/16/19 7:00,15,9,6
6/16/19 8:00,38,16,22
6/16/19 9:00,42,21,21
6/16/19 10:00,63,40,23
6/16/19 11:00,76,38,38
6/16/19 12:00,132,48,84
6/16/19 13:00,91,43,48
6/16/19 14:00,91,50,41
6/16/19 15:00,98,55,43
6/16/19 16:00,78,52,26
6/16/19 17:00,33,22,11
6/16/19 18:00,45,15,30
6/16/19 19:00,24,18,6
6/16/19 20:00,21,11,10
6/16/19 21:00,13,3,10
6/16/19 22:00,7,4,3
6/16/19 23:00,2,1,1
6/17/19 0:00,1,1,0
6/17/19 1:00,0,0,0
6/17/19 2:00,2,1,1
6/17/19 3:00,0,0,0
6/17/19 4:00,4,0,4
6/17/19 5:00,20,1,19
6/17/19 6:00,101,13,88
6/17/19 7:00,125,8,117
6/17/19 8:00,220,13,207
6/17/19 9:00,73,10,63
6/17/19 10:00,27,4,23
6/17/19 11:00,24,11,13
6/17/19 12:00,22,10,12
6/17/19 13:00,23,11,12
6/17/19 14:00,27,17,10
6/17/19 15:00,63,44,19
6/17/19 16:00,130,114,16
6/17/19 17:00,227,207,20
6/17/19 18:00,155,132,23
6/17/19 19:00,65,51,14
6/17/19 20:00,25,16,9
6/17/19 21:00,22,14,8
6/17/19 22:00,9,9,0
6/17/19 23:00,9,6,3
6/18/19 0:00,3,1,2
6/18/19 1:00,2,1,1
6/18/19 2:00,3,1,2
6/18/19 3:00,3,2,1
6/18/19 4:00,4,0,4
6/18/19 5:00,31,2,29
6/18/19 6:00,68,9,59
6/18/19 7:00,133,10,123
6/18/19 8:00,134,10,124
6/18/19 9:00,54,7,47
6/18/19 10:00,25,6,19
6/18/19 11:00,22,7,15
6/18/19 12:00,15,8,7
6/18/19 13:00,21,10,11
6/18/19 14:00,15,8,7
6/18/19 15:00,44,39,5
6/18/19 16:00,97,84,13
6/18/19 17:00,170,151,19
6/18/19 18:00,105,90,15
6/18/19 19:00,44,32,12
6/18/19 20:00,27,18,9
6/18/19 21:00,18,14,4
6/18/19 22:00,11,7,4
6/18/19 23:00,2,2,0
6/19/19 0:00,4,2,2
6/19/19 1:00,1,1,0
6/19/19 2:00,2,0,2
6/19/19 3:00,0,0,0
6/19/19 4:00,3,1,2
6/19/19 5:00,30,4,26
6/19/19 6:00,97,9,88
6/19/19 7:00,154,9,145
6/19/19 8:00,175,17,158
6/19/19 9:00,59,4,55
6/19/19 10:00,25,4,21
6/19/19 11:00,26,9,17
6/19/19 12:00,21,7,14
6/19/19 13:00,33,15,18
6/19/19 14:00,27,15,12
6/19/19 15:00,60,40,20
6/19/19 16:00,123,107,16
6/19/19 17:00,195,175,20
6/19/19 18:00,133,115,18
6/19/19 19:00,67,54,13
6/19/19 20:00,44,21,23
6/19/19 21:00,14,12,2
6/19/19 22:00,5,5,0
6/19/19 23:00,4,3,1
6/20/19 0:00,6,5,1
6/20/19 1:00,3,2,1
6/20/19 2:00,2,1,1
6/20/19 3:00,1,1,0
6/20/19 4:00,3,1,2
6/20/19 5:00,19,3,16
6/20/19 6:00,88,9,79
6/20/19 7:00,131,11,120
6/20/19 8:00,156,9,147
6/20/19 9:00,67,10,57
6/20/19 10:00,25,6,19
6/20/19 11:00,14,6,8
6/20/19 12:00,21,6,15
6/20/19 13:00,20,12,8
6/20/19 14:00,27,20,7
6/20/19 15:00,68,54,14
6/20/19 16:00,92,71,21
6/20/19 17:00,172,149,23
6/20/19 18:00,124,99,25
6/20/19 19:00,63,49,14
6/20/19 20:00,47,22,25
6/20/19 21:00,25,14,11
6/20/19 22:00,13,10,3
6/20/19 23:00,8,2,6
6/21/19 0:00,5,4,1
6/21/19 1:00,1,1,0
6/21/19 2:00,0,0,0
6/21/19 3:00,1,1,0
6/21/19 4:00,4,0,4
6/21/19 5:00,29,3,26
6/21/19 6:00,63,8,55
6/21/19 7:00,132,15,117
6/21/19 8:00,149,17,132
6/21/19 9:00,53,8,45
6/21/19 10:00,33,14,19
6/21/19 11:00,24,12,12
6/21/19 12:00,22,10,12
6/21/19 13:00,49,29,20
6/21/19 14:00,45,33,12
6/21/19 15:00,72,43,29
6/21/19 16:00,103,72,31
6/21/19 17:00,143,124,19
6/21/19 18:00,116,95,21
6/21/19 19:00,42,30,12
6/21/19 20:00,24,14,10
6/21/19 21:00,20,11,9
6/21/19 22:00,16,13,3
6/21/19 23:00,19,10,9
6/22/19 0:00,5,4,1
6/22/19 1:00,2,1,1
6/22/19 2:00,2,2,0
6/22/19 3:00,2,1,1
6/22/19 4:00,1,1,0
6/22/19 5:00,3,1,2
6/22/19 6:00,15,3,12
6/22/19 7:00,15,3,12
6/22/19 8:00,45,21,24
6/22/19 9:00,38,9,29
6/22/19 10:00,72,32,40
6/22/19 11:00,83,39,44
6/22/19 12:00,78,24,54
6/22/19 13:00,56,29,27
6/22/19 14:00,46,19,27
6/22/19 15:00,34,17,17
6/22/19 16:00,45,22,23
6/22/19 17:00,63,45,18
6/22/19 18:00,45,34,11
6/22/19 19:00,14,9,5
6/22/19 20:00,23,19,4
6/22/19 21:00,12,7,5
6/22/19 22:00,13,7,6
6/22/19 23:00,4,4,0
6/23/19 0:00,4,3,1
6/23/19 1:00,5,5,0
6/23/19 2:00,0,0,0
6/23/19 3:00,2,1,1
6/23/19 4:00,1,1,0
6/23/19 5:00,5,1,4
6/23/19 6:00,3,0,3
6/23/19 7:00,6,2,4
6/23/19 8:00,16,6,10
6/23/19 9:00,27,12,15
6/23/19 10:00,41,28,13
6/23/19 11:00,34,12,22
6/23/19 12:00,51,21,30
6/23/19 13:00,43,27,16
6/23/19 14:00,54,24,30
6/23/19 15:00,45,20,25
6/23/19 16:00,29,17,12
6/23/19 17:00,25,16,9
6/23/19 18:00,24,12,12
6/23/19 19:00,15,13,2
6/23/19 20:00,13,8,5
6/23/19 21:00,11,8,3
6/23/19 22:00,8,5,3
6/23/19 23:00,8,4,4
6/24/19 0:00,0,0,0
6/24/19 1:00,2,1,1
6/24/19 2:00,0,0,0
6/24/19 3:00,1,0,1
6/24/19 4:00,5,2,3
6/24/19 5:00,27,9,18
6/24/19 6:00,70,8,62
6/24/19 7:00,160,15,145
6/24/19 8:00,152,7,145
6/24/19 9:00,65,10,55
6/24/19 10:00,28,6,22
6/24/19 11:00,20,9,11
6/24/19 12:00,27,7,20
6/24/19 13:00,25,13,12
6/24/19 14:00,31,18,13
6/24/19 15:00,52,33,19
6/24/19 16:00,124,104,20
6/24/19 17:00,211,189,22
6/24/19 18:00,135,110,25
6/24/19 19:00,60,44,16
6/24/19 20:00,39,21,18
6/24/19 21:00,30,16,14
6/24/19 22:00,12,9,3
6/24/19 23:00,4,4,0
6/25/19 0:00,6,4,2
6/25/19 1:00,0,0,0
6/25/19 2:00,2,0,2
6/25/19 3:00,0,0,0
6/25/19 4:00,7,4,3
6/25/19 5:00,35,8,27
6/25/19 6:00,101,9,92
6/25/19 7:00,197,18,179
6/25/19 8:00,194,12,182
6/25/19 9:00,76,11,65
6/25/19 10:00,36,4,32
6/25/19 11:00,26,12,14
6/25/19 12:00,41,16,25
6/25/19 13:00,33,16,17
6/25/19 14:00,53,29,24
6/25/19 15:00,73,54,19
6/25/19 16:00,159,133,26
6/25/19 17:00,234,204,30
6/25/19 18:00,165,142,23
6/25/19 19:00,65,53,12
6/25/19 20:00,40,33,7
6/25/19 21:00,15,12,3
6/25/19 22:00,13,7,6
6/25/19 23:00,7,6,1
6/26/19 0:00,2,2,0
6/26/19 1:00,2,1,1
6/26/19 2:00,1,0,1
6/26/19 3:00,1,0,1
6/26/19 4:00,5,2,3
6/26/19 5:00,32,5,27
6/26/19 6:00,82,7,75
6/26/19 7:00,158,11,147
6/26/19 8:00,182,12,170
6/26/19 9:00,61,11,50
6/26/19 10:00,26,5,21
6/26/19 11:00,28,6,22
6/26/19 12:00,28,14,14
6/26/19 13:00,37,20,17
6/26/19 14:00,35,22,13
6/26/19 15:00,51,37,14
6/26/19 16:00,106,90,16
6/26/19 17:00,169,152,17
6/26/19 18:00,115,100,15
6/26/19 19:00,34,29,5
6/26/19 20:00,28,20,8
6/26/19 21:00,21,15,6
6/26/19 22:00,8,5,3
6/26/19 23:00,8,6,2
6/27/19 0:00,3,2,1
6/27/19 1:00,0,0,0
6/27/19 2:00,1,0,1
6/27/19 3:00,3,1,2
6/27/19 4:00,4,1,3
6/27/19 5:00,23,6,17
6/27/19 6:00,65,6,59
6/27/19 7:00,124,11,113
6/27/19 8:00,113,9,104
6/27/19 9:00,61,15,46
6/27/19 10:00,21,7,14
6/27/19 11:00,28,12,16
6/27/19 12:00,20,8,12
6/27/19 13:00,14,2,12
6/27/19 14:00,23,13,10
6/27/19 15:00,40,34,6
6/27/19 16:00,91,76,15
6/27/19 17:00,157,138,19
6/27/19 18:00,108,94,14
6/27/19 19:00,47,38,9
6/27/19 20:00,37,23,14
6/27/19 21:00,11,7,4
6/27/19 22:00,11,5,6
6/27/19 23:00,3,2,1
6/28/19 0:00,3,2,1
6/28/19 1:00,4,4,0
6/28/19 2:00,4,2,2
6/28/19 3:00,2,0,2
6/28/19 4:00,7,3,4
6/28/19 5:00,22,5,17
6/28/19 6:00,71,6,65
6/28/19 7:00,125,10,115
6/28/19 8:00,125,9,116
6/28/19 9:00,58,6,52
6/28/19 10:00,32,10,22
6/28/19 11:00,31,12,19
6/28/19 12:00,46,22,24
6/28/19 13:00,39,22,17
6/28/19 14:00,47,30,17
6/28/19 15:00,59,41,18
6/28/19 16:00,113,96,17
6/28/19 17:00,153,134,19
6/28/19 18:00,96,83,13
6/28/19 19:00,55,40,15
6/28/19 20:00,33,18,15
6/28/19 21:00,13,9,4
6/28/19 22:00,15,8,7
6/28/19 23:00,8,5,3
6/29/19 0:00,2,2,0
6/29/19 1:00,3,1,2
6/29/19 2:00,2,0,2
6/29/19 3:00,1,1,0
6/29/19 4:00,3,2,1
6/29/19 5:00,4,3,1
6/29/19 6:00,8,0,8
6/29/19 7:00,21,10,11
6/29/19 8:00,50,19,31
6/29/19 9:00,53,28,25
6/29/19 10:00,61,37,24
6/29/19 11:00,59,31,28
6/29/19 12:00,80,31,49
6/29/19 13:00,81,39,42
6/29/19 14:00,79,47,32
6/29/19 15:00,70,37,33
6/29/19 16:00,67,37,30
6/29/19 17:00,52,28,24
6/29/19 18:00,58,29,29
6/29/19 19:00,51,25,26
6/29/19 20:00,16,6,10
6/29/19 21:00,18,9,9
6/29/19 22:00,19,12,7
6/29/19 23:00,5,5,0
6/30/19 0:00,6,3,3
6/30/19 1:00,3,2,1
6/30/19 2:00,1,1,0
6/30/19 3:00,1,1,0
6/30/19 4:00,3,1,2
6/30/19 5:00,3,1,2
6/30/19 6:00,5,3,2
6/30/19 7:00,22,5,17
6/30/19 8:00,29,15,14
6/30/19 9:00,65,39,26
6/30/19 10:00,74,32,42
6/30/19 11:00,113,41,72
6/30/19 12:00,80,33,47
6/30/19 13:00,133,72,61
6/30/19 14:00,82,37,45
6/30/19 15:00,77,53,24
6/30/19 16:00,78,49,29
6/30/19 17:00,71,39,32
6/30/19 18:00,37,25,12
6/30/19 19:00,31,18,13
6/30/19 20:00,20,16,4
6/30/19 21:00,13,6,7
6/30/19 22:00,9,5,4
6/30/19 23:00,3,3,0
7/1/19 0:00,2,1,1
7/1/19 1:00,2,1,1
7/1/19 2:00,0,0,0
7/1/19 3:00,0,0,0
7/1/19 4:00,5,0,5
7/1/19 5:00,34,8,26
7/1/19 6:00,108,13,95
7/1/19 7:00,175,13,162
7/1/19 8:00,192,16,176
7/1/19 9:00,78,18,60
7/1/19 10:00,41,10,31
7/1/19 11:00,23,11,12
7/1/19 12:00,36,20,16
7/1/19 13:00,32,11,21
7/1/19 14:00,43,31,12
7/1/19 15:00,64,49,15
7/1/19 16:00,149,123,26
7/1/19 17:00,228,207,21
7/1/19 18:00,134,115,19
7/1/19 19:00,64,54,10
7/1/19 20:00,35,17,18
7/1/19 21:00,19,14,5
7/1/19 22:00,13,11,2
7/1/19 23:00,5,3,2
7/2/19 0:00,3,2,1
7/2/19 1:00,2,0,2
7/2/19 2:00,4,0,4
7/2/19 3:00,1,0,1
7/2/19 4:00,7,2,5
7/2/19 5:00,23,6,17
7/2/19 6:00,74,9,65
7/2/19 7:00,128,7,121
7/2/19 8:00,158,17,141
7/2/19 9:00,65,6,59
7/2/19 10:00,17,4,13
7/2/19 11:00,18,6,12
7/2/19 12:00,19,5,14
7/2/19 13:00,22,10,12
7/2/19 14:00,33,17,16
7/2/19 15:00,29,14,15
7/2/19 16:00,73,65,8
7/2/19 17:00,162,151,11
7/2/19 18:00,82,72,10
7/2/19 19:00,37,32,5
7/2/19 20:00,13,11,2
7/2/19 21:00,5,3,2
7/2/19 22:00,8,7,1
7/2/19 23:00,6,5,1
7/3/19 0:00,2,2,0
7/3/19 1:00,1,1,0
7/3/19 2:00,3,1,2
7/3/19 3:00,2,0,2
7/3/19 4:00,8,5,3
7/3/19 5:00,25,5,20
7/3/19 6:00,77,7,70
7/3/19 7:00,126,7,119
7/3/19 8:00,130,9,121
7/3/19 9:00,64,8,56
7/3/19 10:00,20,7,13
7/3/19 11:00,20,8,12
7/3/19 12:00,21,5,16
7/3/19 13:00,25,16,9
7/3/19 14:00,46,32,14
7/3/19 15:00,73,59,14
7/3/19 16:00,112,90,22
7/3/19 17:00,161,138,23
7/3/19 18:00,109,85,24
7/3/19 19:00,52,44,8
7/3/19 20:00,25,17,8
7/3/19 21:00,22,14,8
7/3/19 22:00,12,10,2
7/3/19 23:00,18,13,5
7/4/19 0:00,10,6,4
7/4/19 1:00,2,1,1
7/4/19 2:00,2,2,0
7/4/19 3:00,3,1,2
7/4/19 4:00,4,2,2
7/4/19 5:00,7,2,5
7/4/19 6:00,12,6,6
7/4/19 7:00,14,3,11
7/4/19 8:00,35,17,18
7/4/19 9:00,59,30,29
7/4/19 10:00,62,33,29
7/4/19 11:00,91,54,37
7/4/19 12:00,85,39,46
7/4/19 13:00,98,45,53
7/4/19 14:00,84,32,52
7/4/19 15:00,104,57,47
7/4/19 16:00,90,56,34
7/4/19 17:00,62,29,33
7/4/19 18:00,47,23,24
7/4/19 19:00,36,17,19
7/4/19 20:00,23,5,18
7/4/19 21:00,17,6,11
7/4/19 22:00,10,7,3
7/4/19 23:00,13,6,7
7/5/19 0:00,7,2,5
7/5/19 1:00,6,5,1
7/5/19 2:00,4,4,0
7/5/19 3:00,3,2,1
7/5/19 4:00,6,2,4
7/5/19 5:00,8,1,7
7/5/19 6:00,33,5,28
7/5/19 7:00,54,8,46
7/5/19 8:00,50,7,43
7/5/19 9:00,64,6,58
7/5/19 10:00,41,11,30
7/5/19 11:00,43,22,21
7/5/19 12:00,44,23,21
7/5/19 13:00,38,22,16
7/5/19 14:00,51,27,24
7/5/19 15:00,62,45,17
7/5/19 16:00,59,46,13
7/5/19 17:00,64,46,18
7/5/19 18:00,50,34,16
7/5/19 19:00,20,13,7
7/5/19 20:00,21,17,4
7/5/19 21:00,11,10,1
7/5/19 22:00,9,8,1
7/5/19 23:00,3,1,2
7/6/19 0:00,0,0,0
7/6/19 1:00,1,1,0
7/6/19 2:00,0,0,0
7/6/19 3:00,0,0,0
7/6/19 4:00,4,3,1
7/6/19 5:00,9,2,7
7/6/19 6:00,10,0,10
7/6/19 7:00,25,11,14
7/6/19 8:00,33,11,22
7/6/19 9:00,35,13,22
7/6/19 10:00,66,33,33
7/6/19 11:00,105,47,58
7/6/19 12:00,81,45,36
7/6/19 13:00,75,39,36
7/6/19 14:00,70,34,36
7/6/19 15:00,69,33,36
7/6/19 16:00,64,28,36
7/6/19 17:00,50,23,27
7/6/19 18:00,39,18,21
7/6/19 19:00,20,8,12
7/6/19 20:00,14,7,7
7/6/19 21:00,3,1,2
7/6/19 22:00,14,12,2
7/6/19 23:00,5,2,3
7/7/19 0:00,5,3,2
7/7/19 1:00,2,2,0
7/7/19 2:00,1,1,0
7/7/19 3:00,0,0,0
7/7/19 4:00,2,1,1
7/7/19 5:00,4,2,2
7/7/19 6:00,17,9,8
7/7/19 7:00,11,2,9
7/7/19 8:00,45,20,25
7/7/19 9:00,41,14,27
7/7/19 10:00,51,24,27
7/7/19 11:00,73,40,33
7/7/19 12:00,62,24,38
7/7/19 13:00,69,32,37
7/7/19 14:00,75,41,34
7/7/19 15:00,50,23,27
7/7/19 16:00,33,19,14
7/7/19 17:00,32,23,9
7/7/19 18:00,15,10,5
7/7/19 19:00,9,5,4
7/7/19 20:00,8,6,2
7/7/19 21:00,4,2,2
7/7/19 22:00,4,2,2
7/7/19 23:00,3,2,1
7/8/19 0:00,0,0,0
7/8/19 1:00,2,2,0
7/8/19 2:00,0,0,0
7/8/19 3:00,3,1,2
7/8/19 4:00,2,1,1
7/8/19 5:00,22,4,18
7/8/19 6:00,88,11,77
7/8/19 7:00,155,13,142
7/8/19 8:00,141,13,128
7/8/19 9:00,62,8,54
7/8/19 10:00,21,4,17
7/8/19 11:00,12,5,7
7/8/19 12:00,15,7,8
7/8/19 13:00,19,11,8
7/8/19 14:00,31,19,12
7/8/19 15:00,45,35,10
7/8/19 16:00,127,101,26
7/8/19 17:00,188,172,16
7/8/19 18:00,127,113,14
7/8/19 19:00,66,48,18
7/8/19 20:00,35,14,21
7/8/19 21:00,16,9,7
7/8/19 22:00,13,9,4
7/8/19 23:00,12,7,5
7/9/19 0:00,3,0,3
7/9/19 1:00,3,1,2
7/9/19 2:00,4,3,1
7/9/19 3:00,3,2,1
7/9/19 4:00,6,1,5
7/9/19 5:00,33,8,25
7/9/19 6:00,100,10,90
7/9/19 7:00,181,11,170
7/9/19 8:00,183,11,172
7/9/19 9:00,68,10,58
7/9/19 10:00,42,8,34
7/9/19 11:00,27,7,20
7/9/19 12:00,28,13,15
7/9/19 13:00,29,14,15
7/9/19 14:00,44,23,21
7/9/19 15:00,63,38,25
7/9/19 16:00,142,120,22
7/9/19 17:00,237,217,20
7/9/19 18:00,110,100,10
7/9/19 19:00,56,42,14
7/9/19 20:00,15,13,2
7/9/19 21:00,7,4,3
7/9/19 22:00,6,4,2
7/9/19 23:00,4,3,1
7/10/19 0:00,2,1,1
7/10/19 1:00,1,1,0
7/10/19 2:00,1,0,1
7/10/19 3:00,4,3,1
7/10/19 4:00,3,0,3
7/10/19 5:00,18,4,14
7/10/19 6:00,48,4,44
7/10/19 7:00,91,6,85
7/10/19 8:00,99,4,95
7/10/19 9:00,30,1,29
7/10/19 10:00,20,2,18
7/10/19 11:00,11,1,10
7/10/19 12:00,11,4,7
7/10/19 13:00,12,10,2
7/10/19 14:00,17,7,10
7/10/19 15:00,25,22,3
7/10/19 16:00,67,56,11
7/10/19 17:00,121,104,17
7/10/19 18:00,85,72,13
7/10/19 19:00,50,39,11
7/10/19 20:00,23,15,8
7/10/19 21:00,9,6,3
7/10/19 22:00,10,9,1
7/10/19 23:00,10,6,4
7/11/19 0:00,5,3,2
7/11/19 1:00,2,1,1
7/11/19 2:00,1,0,1
7/11/19 3:00,4,3,1
7/11/19 4:00,7,1,6
7/11/19 5:00,34,4,30
7/11/19 6:00,82,9,73
7/11/19 7:00,152,15,137
7/11/19 8:00,175,7,168
7/11/19 9:00,80,16,64
7/11/19 10:00,34,16,18
7/11/19 11:00,47,22,25
7/11/19 12:00,33,12,21
7/11/19 13:00,34,13,21
7/11/19 14:00,41,28,13
7/11/19 15:00,62,46,16
7/11/19 16:00,135,111,24
7/11/19 17:00,196,173,23
7/11/19 18:00,110,96,14
7/11/19 19:00,63,53,10
7/11/19 20:00,45,35,10
7/11/19 21:00,19,11,8
7/11/19 22:00,15,11,4
7/11/19 23:00,3,2,1
7/12/19 0:00,7,3,4
7/12/19 1:00,3,1,2
7/12/19 2:00,4,2,2
7/12/19 3:00,1,1,0
7/12/19 4:00,3,1,2
7/12/19 5:00,26,7,19
7/12/19 6:00,71,5,66
7/12/19 7:00,129,10,119
7/12/19 8:00,138,12,126
7/12/19 9:00,50,7,43
7/12/19 10:00,31,8,23
7/12/19 11:00,40,11,29
7/12/19 12:00,27,14,13
7/12/19 13:00,37,18,19
7/12/19 14:00,52,29,23
7/12/19 15:00,66,53,13
7/12/19 16:00,129,106,23
7/12/19 17:00,155,136,19
7/12/19 18:00,97,82,15
7/12/19 19:00,56,40,16
7/12/19 20:00,32,22,10
7/12/19 21:00,19,12,7
7/12/19 22:00,13,8,5
7/12/19 23:00,5,5,0
7/13/19 0:00,5,4,1
7/13/19 1:00,2,1,1
7/13/19 2:00,3,2,1
7/13/19 3:00,2,0,2
7/13/19 4:00,7,2,5
7/13/19 5:00,6,2,4
7/13/19 6:00,15,5,10
7/13/19 7:00,27,14,13
7/13/19 8:00,30,9,21
7/13/19 9:00,52,22,30
7/13/19 10:00,77,45,32
7/13/19 11:00,77,30,47
7/13/19 12:00,87,53,34
7/13/19 13:00,84,34,50
7/13/19 14:00,57,35,22
7/13/19 15:00,79,37,42
7/13/19 16:00,57,41,16
7/13/19 17:00,55,33,22
7/13/19 18:00,56,32,24
7/13/19 19:00,50,23,27
7/13/19 20:00,26,11,15
7/13/19 21:00,19,7,12
7/13/19 22:00,7,3,4
7/13/19 23:00,8,4,4
7/14/19 0:00,2,0,2
7/14/19 1:00,0,0,0
7/14/19 2:00,2,1,1
7/14/19 3:00,0,0,0
7/14/19 4:00,2,2,0
7/14/19 5:00,3,1,2
7/14/19 6:00,11,5,6
7/14/19 7:00,16,5,11
7/14/19 8:00,23,6,17
7/14/19 9:00,47,19,28
7/14/19 10:00,67,31,36
7/14/19 11:00,92,34,58
7/14/19 12:00,75,21,54
7/14/19 13:00,89,53,36
7/14/19 14:00,74,41,33
7/14/19 15:00,104,65,39
7/14/19 16:00,92,53,39
7/14/19 17:00,51,32,19
7/14/19 18:00,49,27,22
7/14/19 19:00,32,14,18
7/14/19 20:00,14,7,7
7/14/19 21:00,10,6,4
7/14/19 22:00,5,1,4
7/14/19 23:00,7,0,7
7/15/19 0:00,7,1,6
7/15/19 1:00,4,3,1
7/15/19 2:00,1,1,0
7/15/19 3:00,0,0,0
7/15/19 4:00,2,0,2
7/15/19 5:00,31,6,25
7/15/19 6:00,85,10,75
7/15/19 7:00,171,17,154
7/15/19 8:00,160,11,149
7/15/19 9:00,54,4,50
7/15/19 10:00,30,15,15
7/15/19 11:00,20,8,12
7/15/19 12:00,10,4,6
7/15/19 13:00,17,8,9
7/15/19 14:00,23,14,9
7/15/19 15:00,56,45,11
7/15/19 16:00,119,98,21
7/15/19 17:00,200,178,22
7/15/19 18:00,111,92,19
7/15/19 19:00,62,49,13
7/15/19 20:00,21,16,5
7/15/19 21:00,22,12,10
7/15/19 22:00,10,6,4
7/15/19 23:00,5,1,4
7/16/19 0:00,0,0,0
7/16/19 1:00,3,2,1
7/16/19 2:00,5,3,2
7/16/19 3:00,2,0,2
7/16/19 4:00,4,1,3
7/16/19 5:00,30,6,24
7/16/19 6:00,90,5,85
7/16/19 7:00,174,8,166
7/16/19 8:00,177,13,164
7/16/19 9:00,74,11,63
7/16/19 10:00,31,7,24
7/16/19 11:00,28,11,17
7/16/19 12:00,34,19,15
7/16/19 13:00,31,14,17
7/16/19 14:00,36,17,19
7/16/19 15:00,58,42,16
7/16/19 16:00,160,134,26
7/16/19 17:00,243,213,30
7/16/19 18:00,146,124,22
7/16/19 19:00,75,59,16
7/16/19 20:00,46,28,18
7/16/19 21:00,21,15,6
7/16/19 22:00,10,4,6
7/16/19 23:00,3,1,2
7/17/19 0:00,2,2,0
7/17/19 1:00,3,2,1
7/17/19 2:00,2,0,2
7/17/19 3:00,2,1,1
7/17/19 4:00,3,0,3
7/17/19 5:00,24,5,19
7/17/19 6:00,64,3,61
7/17/19 7:00,122,10,112
7/17/19 8:00,118,7,111
7/17/19 9:00,69,14,55
7/17/19 10:00,25,4,21
7/17/19 11:00,12,4,8
7/17/19 12:00,17,9,8
7/17/19 13:00,15,5,10
7/17/19 14:00,12,4,8
7/17/19 15:00,40,35,5
7/17/19 16:00,73,61,12
7/17/19 17:00,139,119,20
7/17/19 18:00,104,92,12
7/17/19 19:00,45,34,11
7/17/19 20:00,26,19,7
7/17/19 21:00,16,13,3
7/17/19 22:00,6,6,0
7/17/19 23:00,11,8,3
7/18/19 0:00,2,1,1
7/18/19 1:00,0,0,0
7/18/19 2:00,2,1,1
7/18/19 3:00,0,0,0
7/18/19 4:00,3,1,2
7/18/19 5:00,22,5,17
7/18/19 6:00,76,6,70
7/18/19 7:00,148,13,135
7/18/19 8:00,150,14,136
7/18/19 9:00,66,7,59
7/18/19 10:00,30,8,22
7/18/19 11:00,25,7,18
7/18/19 12:00,35,15,20
7/18/19 13:00,27,13,14
7/18/19 14:00,44,24,20
7/18/19 15:00,78,53,25
7/18/19 16:00,115,96,19
7/18/19 17:00,200,169,31
7/18/19 18:00,107,93,14
7/18/19 19:00,47,38,9
7/18/19 20:00,21,14,7
7/18/19 21:00,12,9,3
7/18/19 22:00,6,5,1
7/18/19 23:00,1,0,1
7/19/19 0:00,2,2,0
7/19/19 1:00,2,2,0
7/19/19 2:00,1,0,1
7/19/19 3:00,0,0,0
7/19/19 4:00,4,1,3
7/19/19 5:00,18,3,15
7/19/19 6:00,71,11,60
7/19/19 7:00,125,10,115
7/19/19 8:00,120,10,110
7/19/19 9:00,46,9,37
7/19/19 10:00,29,5,24
7/19/19 11:00,19,5,14
7/19/19 12:00,41,17,24
7/19/19 13:00,37,21,16
7/19/19 14:00,51,30,21
7/19/19 15:00,73,54,19
7/19/19 16:00,131,101,30
7/19/19 17:00,176,146,30
7/19/19 18:00,98,80,18
7/19/19 19:00,53,38,15
7/19/19 20:00,28,18,10
7/19/19 21:00,17,13,4
7/19/19 22:00,21,17,4
7/19/19 23:00,3,3,0
7/20/19 0:00,7,5,2
7/20/19 1:00,5,3,2
7/20/19 2:00,5,3,2
7/20/19 3:00,5,2,3
7/20/19 4:00,1,0,1
7/20/19 5:00,6,4,2
7/20/19 6:00,16,3,13
7/20/19 7:00,20,12,8
7/20/19 8:00,38,9,29
7/20/19 9:00,46,19,27
7/20/19 10:00,81,45,36
7/20/19 11:00,91,46,45
7/20/19 12:00,91,56,35
7/20/19 13:00,82,45,37
7/20/19 14:00,88,48,40
7/20/19 15:00,86,42,44
7/20/19 16:00,70,43,27
7/20/19 17:00,61,27,34
7/20/19 18:00,47,28,19
7/20/19 19:00,33,13,20
7/20/19 20:00,33,23,10
7/20/19 21:00,25,12,13
7/20/19 22:00,9,8,1
7/20/19 23:00,11,9,2
7/21/19 0:00,1,0,1
7/21/19 1:00,3,2,1
7/21/19 2:00,0,0,0
7/21/19 3:00,0,0,0
7/21/19 4:00,1,0,1
7/21/19 5:00,7,3,4
7/21/19 6:00,10,6,4
7/21/19 7:00,13,5,8
7/21/19 8:00,42,13,29
7/21/19 9:00,46,16,30
7/21/19 10:00,78,44,34
7/21/19 11:00,63,40,23
7/21/19 12:00,95,38,57
7/21/19 13:00,79,38,41
7/21/19 14:00,87,44,43
7/21/19 15:00,65,38,27
7/21/19 16:00,90,45,45
7/21/19 17:00,58,27,31
7/21/19 18:00,29,21,8
7/21/19 19:00,20,6,14
7/21/19 20:00,14,8,6
7/21/19 21:00,40,31,9
7/21/19 22:00,5,1,4
7/21/19 23:00,9,5,4
7/22/19 0:00,3,2,1
7/22/19 1:00,0,0,0
7/22/19 2:00,3,1,2
7/22/19 3:00,1,1,0
7/22/19 4:00,5,0,5
7/22/19 5:00,31,5,26
7/22/19 6:00,100,10,90
7/22/19 7:00,175,17,158
7/22/19 8:00,183,12,171
7/22/19 9:00,81,8,73
7/22/19 10:00,31,9,22
7/22/19 11:00,30,15,15
7/22/19 12:00,39,14,25
7/22/19 13:00,33,20,13
7/22/19 14:00,40,23,17
7/22/19 15:00,61,46,15
7/22/19 16:00,151,131,20
7/22/19 17:00,237,211,26
7/22/19 18:00,151,127,24
7/22/19 19:00,64,44,20
7/22/19 20:00,39,23,16
7/22/19 21:00,34,17,17
7/22/19 22:00,11,7,4
7/22/19 23:00,7,7,0
7/23/19 0:00,5,3,2
7/23/19 1:00,1,1,0
7/23/19 2:00,1,0,1
7/23/19 3:00,1,1,0
7/23/19 4:00,5,2,3
7/23/19 5:00,43,8,35
7/23/19 6:00,104,18,86
7/23/19 7:00,200,21,179
7/23/19 8:00,204,15,189
7/23/19 9:00,70,11,59
7/23/19 10:00,30,11,19
7/23/19 11:00,32,13,19
7/23/19 12:00,20,9,11
7/23/19 13:00,19,7,12
7/23/19 14:00,41,23,18
7/23/19 15:00,54,41,13
7/23/19 16:00,146,127,19
7/23/19 17:00,234,204,30
7/23/19 18:00,151,128,23
7/23/19 19:00,78,61,17
7/23/19 20:00,30,24,6
7/23/19 21:00,24,20,4
7/23/19 22:00,15,11,4
7/23/19 23:00,3,3,0
7/24/19 0:00,8,3,5
7/24/19 1:00,0,0,0
7/24/19 2:00,5,3,2
7/24/19 3:00,2,0,2
7/24/19 4:00,4,2,2
7/24/19 5:00,29,5,24
7/24/19 6:00,86,9,77
7/24/19 7:00,176,14,162
7/24/19 8:00,173,11,162
7/24/19 9:00,82,9,73
7/24/19 10:00,38,11,27
7/24/19 11:00,39,14,25
7/24/19 12:00,44,17,27
7/24/19 13:00,39,21,18
7/24/19 14:00,46,26,20
7/24/19 15:00,79,60,19
7/24/19 16:00,147,118,29
7/24/19 17:00,247,219,28
7/24/19 18:00,146,125,21
7/24/19 19:00,63,46,17
7/24/19 20:00,35,21,14
7/24/19 21:00,26,18,8
7/24/19 22:00,6,4,2
7/24/19 23:00,13,11,2
7/25/19 0:00,4,3,1
7/25/19 1:00,4,1,3
7/25/19 2:00,5,3,2
7/25/19 3:00,0,0,0
7/25/19 4:00,2,1,1
7/25/19 5:00,23,4,19
7/25/19 6:00,90,7,83
7/25/19 7:00,162,20,142
7/25/19 8:00,187,16,171
7/25/19 9:00,80,9,71
7/25/19 10:00,44,13,31
7/25/19 11:00,38,17,21
7/25/19 12:00,38,17,21
7/25/19 13:00,30,21,9
7/25/19 14:00,50,26,24
7/25/19 15:00,74,55,19
7/25/19 16:00,123,103,20
7/25/19 17:00,198,169,29
7/25/19 18:00,131,116,15
7/25/19 19:00,62,43,19
7/25/19 20:00,29,18,11
7/25/19 21:00,25,17,8
7/25/19 22:00,14,12,2
7/25/19 23:00,7,7,0
7/26/19 0:00,4,3,1
7/26/19 1:00,5,3,2
7/26/19 2:00,6,2,4
7/26/19 3:00,0,0,0
7/26/19 4:00,8,1,7
7/26/19 5:00,27,6,21
7/26/19 6:00,78,12,66
7/26/19 7:00,121,8,113
7/26/19 8:00,143,8,135
7/26/19 9:00,59,9,50
7/26/19 10:00,31,7,24
7/26/19 11:00,37,19,18
7/26/19 12:00,36,23,13
7/26/19 13:00,50,29,21
7/26/19 14:00,47,35,12
7/26/19 15:00,75,54,21
7/26/19 16:00,123,99,24
7/26/19 17:00,157,133,24
7/26/19 18:00,85,68,17
7/26/19 19:00,39,27,12
7/26/19 20:00,33,21,12
7/26/19 21:00,27,20,7
7/26/19 22:00,20,12,8
7/26/19 23:00,14,13,1
7/27/19 0:00,9,7,2
7/27/19 1:00,7,6,1
7/27/19 2:00,3,2,1
7/27/19 3:00,6,6,0
7/27/19 4:00,3,0,3
7/27/19 5:00,3,1,2
7/27/19 6:00,13,3,10
7/27/19 7:00,12,4,8
7/27/19 8:00,27,11,16
7/27/19 9:00,22,8,14
7/27/19 10:00,58,34,24
7/27/19 11:00,42,20,22
7/27/19 12:00,66,37,29
7/27/19 13:00,74,38,36
7/27/19 14:00,51,30,21
7/27/19 15:00,61,29,32
7/27/19 16:00,72,39,33
7/27/19 17:00,53,21,32
7/27/19 18:00,25,18,7
7/27/19 19:00,30,17,13
7/27/19 20:00,17,7,10
7/27/19 21:00,7,5,2
7/27/19 22:00,17,9,8
7/27/19 23:00,12,9,3
7/28/19 0:00,12,8,4
7/28/19 1:00,4,3,1
7/28/19 2:00,3,2,1
7/28/19 3:00,2,1,1
7/28/19 4:00,0,0,0
7/28/19 5:00,5,2,3
7/28/19 6:00,9,2,7
7/28/19 7:00,17,7,10
7/28/19 8:00,36,19,17
7/28/19 9:00,46,19,27
7/28/19 10:00,57,28,29
7/28/19 11:00,76,32,44
7/28/19 12:00,97,50,47
7/28/19 13:00,90,47,43
7/28/19 14:00,84,43,41
7/28/19 15:00,87,40,47
7/28/19 16:00,83,32,51
7/28/19 17:00,64,31,33
7/28/19 18:00,53,26,27
7/28/19 19:00,35,13,22
7/28/19 20:00,19,10,9
7/28/19 21:00,14,3,11
7/28/19 22:00,7,6,1
7/28/19 23:00,9,7,2
7/29/19 0:00,6,5,1
7/29/19 1:00,0,0,0
7/29/19 2:00,0,0,0
7/29/19 3:00,1,0,1
7/29/19 4:00,6,2,4
7/29/19 5:00,31,5,26
7/29/19 6:00,101,10,91
7/29/19 7:00,179,14,165
7/29/19 8:00,201,14,187
7/29/19 9:00,65,2,63
7/29/19 10:00,34,9,25
7/29/19 11:00,31,13,18
7/29/19 12:00,31,13,18
7/29/19 13:00,41,18,23
7/29/19 14:00,42,26,16
7/29/19 15:00,67,48,19
7/29/19 16:00,128,113,15
7/29/19 17:00,269,246,23
7/29/19 18:00,160,140,20
7/29/19 19:00,66,49,17
7/29/19 20:00,40,18,22
7/29/19 21:00,18,13,5
7/29/19 22:00,11,4,7
7/29/19 23:00,1,1,0
7/30/19 0:00,4,2,2
7/30/19 1:00,3,2,1
7/30/19 2:00,1,0,1
7/30/19 3:00,3,3,0
7/30/19 4:00,4,0,4
7/30/19 5:00,37,4,33
7/30/19 6:00,104,11,93
7/30/19 7:00,193,19,174
7/30/19 8:00,188,16,172
7/30/19 9:00,91,9,82
7/30/19 10:00,40,13,27
7/30/19 11:00,28,9,19
7/30/19 12:00,28,16,12
7/30/19 13:00,36,20,16
7/30/19 14:00,43,28,15
7/30/19 15:00,79,53,26
7/30/19 16:00,167,135,32
7/30/19 17:00,261,233,28
7/30/19 18:00,143,125,18
7/30/19 19:00,67,52,15
7/30/19 20:00,33,18,15
7/30/19 21:00,45,23,22
7/30/19 22:00,8,2,6
7/30/19 23:00,8,6,2
7/31/19 0:00,0,0,0
7/31/19 1:00,7,5,2
7/31/19 2:00,6,3,3
7/31/19 3:00,6,2,4
7/31/19 4:00,5,1,4
7/31/19 5:00,39,9,30
7/31/19 6:00,111,11,100
7/31/19 7:00,178,13,165
7/31/19 8:00,171,15,156
7/31/19 9:00,85,10,75
7/31/19 10:00,57,13,44
7/31/19 11:00,27,12,15
7/31/19 12:00,33,12,21
7/31/19 13:00,40,25,15
7/31/19 14:00,46,26,20
7/31/19 15:00,76,54,22
7/31/19 16:00,159,138,21
7/31/19 17:00,254,219,35
7/31/19 18:00,175,142,33
7/31/19 19:00,63,48,15
7/31/19 20:00,41,34,7
7/31/19 21:00,38,20,18
7/31/19 22:00,11,2,9
7/31/19 23:00,9,7,2
8/1/19 0:00,4,3,1
8/1/19 1:00,4,4,0
8/1/19 2:00,5,4,1
8/1/19 3:00,0,0,0
8/1/19 4:00,10,3,7
8/1/19 5:00,34,3,31
8/1/19 6:00,105,9,96
8/1/19 7:00,165,15,150
8/1/19 8:00,192,11,181
8/1/19 9:00,71,10,61
8/1/19 10:00,50,15,35
8/1/19 11:00,29,15,14
8/1/19 12:00,32,12,20
8/1/19 13:00,25,15,10
8/1/19 14:00,41,22,19
8/1/19 15:00,72,49,23
8/1/19 16:00,152,122,30
8/1/19 17:00,216,188,28
8/1/19 18:00,153,122,31
8/1/19 19:00,63,56,7
8/1/19 20:00,39,23,16
8/1/19 21:00,19,13,6
8/1/19 22:00,9,8,1
8/1/19 23:00,8,7,1
8/2/19 0:00,5,2,3
8/2/19 1:00,3,2,1
8/2/19 2:00,7,3,4
8/2/19 3:00,3,2,1
8/2/19 4:00,5,2,3
8/2/19 5:00,17,4,13
8/2/19 6:00,49,5,44
8/2/19 7:00,109,8,101
8/2/19 8:00,113,8,105
8/2/19 9:00,58,11,47
8/2/19 10:00,33,16,17
8/2/19 11:00,36,17,19
8/2/19 12:00,33,13,20
8/2/19 13:00,31,14,17
8/2/19 14:00,42,28,14
8/2/19 15:00,61,42,19
8/2/19 16:00,109,86,23
8/2/19 17:00,145,127,18
8/2/19 18:00,104,85,19
8/2/19 19:00,43,32,11
8/2/19 20:00,18,12,6
8/2/19 21:00,15,11,4
8/2/19 22:00,7,4,3
8/2/19 23:00,4,4,0
8/3/19 0:00,9,6,3
8/3/19 1:00,3,2,1
8/3/19 2:00,2,1,1
8/3/19 3:00,5,3,2
8/3/19 4:00,2,1,1
8/3/19 5:00,4,1,3
8/3/19 6:00,18,6,12
8/3/19 7:00,25,7,18
8/3/19 8:00,45,17,28
8/3/19 9:00,35,11,24
8/3/19 10:00,73,38,35
8/3/19 11:00,80,34,46
8/3/19 12:00,81,33,48
8/3/19 13:00,54,22,32
8/3/19 14:00,67,32,35
8/3/19 15:00,71,43,28
8/3/19 16:00,89,37,52
8/3/19 17:00,90,47,43
8/3/19 18:00,33,16,17
8/3/19 19:00,36,16,20
8/3/19 20:00,15,9,6
8/3/19 21:00,12,8,4
8/3/19 22:00,23,19,4
8/3/19 23:00,11,7,4
8/4/19 0:00,9,7,2
8/4/19 1:00,9,5,4
8/4/19 2:00,0,0,0
8/4/19 3:00,0,0,0
8/4/19 4:00,4,2,2
8/4/19 5:00,3,2,1
8/4/19 6:00,8,3,5
8/4/19 7:00,27,9,18
8/4/19 8:00,39,13,26
8/4/19 9:00,62,28,34
8/4/19 10:00,62,34,28
8/4/19 11:00,71,40,31
8/4/19 12:00,60,29,31
8/4/19 13:00,83,34,49
8/4/19 14:00,76,31,45
8/4/19 15:00,54,29,25
8/4/19 16:00,77,36,41
8/4/19 17:00,53,31,22
8/4/19 18:00,35,18,17
8/4/19 19:00,22,6,16
8/4/19 20:00,27,13,14
8/4/19 21:00,21,13,8
8/4/19 22:00,14,6,8
8/4/19 23:00,8,3,5
8/5/19 0:00,9,7,2
8/5/19 1:00,5,2,3
8/5/19 2:00,4,3,1
8/5/19 3:00,1,0,1
8/5/19 4:00,5,2,3
8/5/19 5:00,30,5,25
8/5/19 6:00,77,9,68
8/5/19 7:00,209,9,200
8/5/19 8:00,183,14,169
8/5/19 9:00,86,15,71
8/5/19 10:00,42,15,27
8/5/19 11:00,30,16,14
8/5/19 12:00,35,13,22
8/5/19 13:00,30,16,14
8/5/19 14:00,55,30,25
8/5/19 15:00,57,43,14
8/5/19 16:00,139,118,21
8/5/19 17:00,252,218,34
8/5/19 18:00,153,130,23
8/5/19 19:00,74,51,23
8/5/19 20:00,38,24,14
8/5/19 21:00,26,12,14
8/5/19 22:00,14,9,5
8/5/19 23:00,2,0,2
8/6/19 0:00,4,1,3
8/6/19 1:00,1,0,1
8/6/19 2:00,3,2,1
8/6/19 3:00,3,2,1
8/6/19 4:00,5,1,4
8/6/19 5:00,37,4,33
8/6/19 6:00,101,10,91
8/6/19 7:00,238,18,220
8/6/19 8:00,180,23,157
8/6/19 9:00,75,9,66
8/6/19 10:00,31,11,20
8/6/19 11:00,24,9,15
8/6/19 12:00,31,16,15
8/6/19 13:00,29,10,19
8/6/19 14:00,38,21,17
8/6/19 15:00,59,47,12
8/6/19 16:00,176,153,23
8/6/19 17:00,240,219,21
8/6/19 18:00,158,132,26
8/6/19 19:00,74,52,22
8/6/19 20:00,24,19,5
8/6/19 21:00,22,14,8
8/6/19 22:00,19,15,4
8/6/19 23:00,5,4,1
8/7/19 0:00,5,2,3
8/7/19 1:00,3,2,1
8/7/19 2:00,3,1,2
8/7/19 3:00,1,1,0
8/7/19 4:00,5,1,4
8/7/19 5:00,29,5,24
8/7/19 6:00,102,12,90
8/7/19 7:00,187,13,174
8/7/19 8:00,181,8,173
8/7/19 9:00,76,14,62
8/7/19 10:00,33,4,29
8/7/19 11:00,29,11,18
8/7/19 12:00,43,17,26
8/7/19 13:00,20,8,12
8/7/19 14:00,57,29,28
8/7/19 15:00,64,40,24
8/7/19 16:00,136,114,22
8/7/19 17:00,244,227,17
8/7/19 18:00,134,123,11
8/7/19 19:00,99,75,24
8/7/19 20:00,45,27,18
8/7/19 21:00,22,9,13
8/7/19 22:00,11,6,5
8/7/19 23:00,5,4,1
8/8/19 0:00,3,3,0
8/8/19 1:00,6,6,0
8/8/19 2:00,3,1,2
8/8/19 3:00,1,1,0
8/8/19 4:00,6,1,5
8/8/19 5:00,36,5,31
8/8/19 6:00,100,5,95
8/8/19 7:00,170,16,154
8/8/19 8:00,185,16,169
8/8/19 9:00,76,10,66
8/8/19 10:00,34,8,26
8/8/19 11:00,57,13,44
8/8/19 12:00,32,11,21
8/8/19 13:00,22,13,9
8/8/19 14:00,38,21,17
8/8/19 15:00,62,47,15
8/8/19 16:00,146,121,25
8/8/19 17:00,242,211,31
8/8/19 18:00,150,128,22
8/8/19 19:00,74,66,8
8/8/19 20:00,23,18,5
8/8/19 21:00,20,16,4
8/8/19 22:00,21,15,6
8/8/19 23:00,6,5,1
8/9/19 0:00,8,5,3
8/9/19 1:00,3,0,3
8/9/19 2:00,2,0,2
8/9/19 3:00,3,2,1
8/9/19 4:00,5,0,5
8/9/19 5:00,27,3,24
8/9/19 6:00,69,11,58
8/9/19 7:00,133,12,121
8/9/19 8:00,143,12,131
8/9/19 9:00,58,7,51
8/9/19 10:00,41,14,27
8/9/19 11:00,37,18,19
8/9/19 12:00,29,19,10
8/9/19 13:00,36,21,15
8/9/19 14:00,53,24,29
8/9/19 15:00,61,44,17
8/9/19 16:00,125,102,23
8/9/19 17:00,176,156,20
8/9/19 18:00,98,73,25
8/9/19 19:00,53,46,7
8/9/19 20:00,21,14,7
8/9/19 21:00,18,10,8
8/9/19 22:00,6,5,1
8/9/19 23:00,12,10,2
8/10/19 0:00,12,11,1
8/10/19 1:00,1,0,1
8/10/19 2:00,0,0,0
8/10/19 3:00,1,0,1
8/10/19 4:00,2,0,2
8/10/19 5:00,4,0,4
8/10/19 6:00,3,1,2
8/10/19 7:00,5,2,3
8/10/19 8:00,6,1,5
8/10/19 9:00,4,0,4
8/10/19 10:00,26,12,14
8/10/19 11:00,21,5,16
8/10/19 12:00,58,21,37
8/10/19 13:00,41,15,26
8/10/19 14:00,45,29,16
8/10/19 15:00,77,46,31
8/10/19 16:00,49,31,18
8/10/19 17:00,46,25,21
8/10/19 18:00,36,25,11
8/10/19 19:00,22,9,13
8/10/19 20:00,16,11,5
8/10/19 21:00,8,4,4
8/10/19 22:00,11,7,4
8/10/19 23:00,9,4,5
8/11/19 0:00,4,2,2
8/11/19 1:00,2,1,1
8/11/19 2:00,3,1,2
8/11/19 3:00,0,0,0
8/11/19 4:00,1,0,1
8/11/19 5:00,5,2,3
8/11/19 6:00,7,2,5
8/11/19 7:00,16,8,8
8/11/19 8:00,30,14,16
8/11/19 9:00,43,18,25
8/11/19 10:00,52,26,26
8/11/19 11:00,61,30,31
8/11/19 12:00,55,34,21
8/11/19 13:00,49,16,33
8/11/19 14:00,41,19,22
8/11/19 15:00,45,24,21
8/11/19 16:00,51,25,26
8/11/19 17:00,36,25,11
8/11/19 18:00,11,8,3
8/11/19 19:00,18,10,8
8/11/19 20:00,7,2,5
8/11/19 21:00,4,3,1
8/11/19 22:00,5,3,2
8/11/19 23:00,6,5,1
8/12/19 0:00,1,1,0
8/12/19 1:00,0,0,0
8/12/19 2:00,1,0,1
8/12/19 3:00,2,1,1
8/12/19 4:00,4,0,4
8/12/19 5:00,29,8,21
8/12/19 6:00,95,7,88
8/12/19 7:00,174,15,159
8/12/19 8:00,181,15,166
8/12/19 9:00,63,11,52
8/12/19 10:00,32,5,27
8/12/19 11:00,32,13,19
8/12/19 12:00,40,15,25
8/12/19 13:00,19,8,11
8/12/19 14:00,29,16,13
8/12/19 15:00,73,53,20
8/12/19 16:00,118,100,18
8/12/19 17:00,237,222,15
8/12/19 18:00,156,132,24
8/12/19 19:00,71,47,24
8/12/19 20:00,28,23,5
8/12/19 21:00,13,6,7
8/12/19 22:00,3,1,2
8/12/19 23:00,7,5,2
8/13/19 0:00,0,0,0
8/13/19 1:00,1,1,0
8/13/19 2:00,7,5,2
8/13/19 3:00,2,1,1
8/13/19 4:00,7,1,6
8/13/19 5:00,32,6,26
8/13/19 6:00,114,10,104
8/13/19 7:00,170,11,159
8/13/19 8:00,216,14,202
8/13/19 9:00,84,17,67
8/13/19 10:00,45,16,29
8/13/19 11:00,26,8,18
8/13/19 12:00,29,13,16
8/13/19 13:00,39,18,21
8/13/19 14:00,38,19,19
8/13/19 15:00,69,47,22
8/13/19 16:00,146,120,26
8/13/19 17:00,240,219,21
8/13/19 18:00,158,129,29
8/13/19 19:00,68,48,20
8/13/19 20:00,60,37,23
8/13/19 21:00,13,10,3
8/13/19 22:00,12,9,3
8/13/19 23:00,10,5,5
8/14/19 0:00,2,1,1
8/14/19 1:00,1,0,1
8/14/19 2:00,11,5,6
8/14/19 3:00,2,0,2
8/14/19 4:00,9,2,7
8/14/19 5:00,28,4,24
8/14/19 6:00,108,13,95
8/14/19 7:00,190,9,181
8/14/19 8:00,179,13,166
8/14/19 9:00,69,13,56
8/14/19 10:00,34,13,21
8/14/19 11:00,48,26,22
8/14/19 12:00,43,14,29
8/14/19 13:00,39,19,20
8/14/19 14:00,49,31,18
8/14/19 15:00,58,43,15
8/14/19 16:00,146,118,28
8/14/19 17:00,235,206,29
8/14/19 18:00,152,124,28
8/14/19 19:00,69,54,15
8/14/19 20:00,34,26,8
8/14/19 21:00,25,18,7
8/14/19 22:00,27,13,14
8/14/19 23:00,21,17,4
8/15/19 0:00,13,11,2
8/15/19 1:00,5,4,1
8/15/19 2:00,6,2,4
8/15/19 3:00,5,5,0
8/15/19 4:00,10,3,7
8/15/19 5:00,39,8,31
8/15/19 6:00,95,9,86
8/15/19 7:00,163,16,147
8/15/19 8:00,168,11,157
8/15/19 9:00,81,18,63
8/15/19 10:00,46,12,34
8/15/19 11:00,16,7,9
8/15/19 12:00,36,20,16
8/15/19 13:00,38,15,23
8/15/19 14:00,46,22,24
8/15/19 15:00,67,45,22
8/15/19 16:00,147,115,32
8/15/19 17:00,223,203,20
8/15/19 18:00,129,115,14
8/15/19 19:00,76,61,15
8/15/19 20:00,36,29,7
8/15/19 21:00,27,17,10
8/15/19 22:00,18,7,11
8/15/19 23:00,5,5,0
8/16/19 0:00,10,10,0
8/16/19 1:00,6,1,5
8/16/19 2:00,5,3,2
8/16/19 3:00,0,0,0
8/16/19 4:00,5,1,4
8/16/19 5:00,26,6,20
8/16/19 6:00,78,10,68
8/16/19 7:00,130,13,117
8/16/19 8:00,125,15,110
8/16/19 9:00,63,10,53
8/16/19 10:00,36,9,27
8/16/19 11:00,41,15,26
8/16/19 12:00,29,10,19
8/16/19 13:00,33,24,9
8/16/19 14:00,41,27,14
8/16/19 15:00,57,39,18
8/16/19 16:00,105,88,17
8/16/19 17:00,150,120,30
8/16/19 18:00,80,64,16
8/16/19 19:00,47,33,14
8/16/19 20:00,25,17,8
8/16/19 21:00,12,12,0
8/16/19 22:00,13,10,3
8/16/19 23:00,5,4,1
8/17/19 0:00,5,4,1
8/17/19 1:00,6,4,2
8/17/19 2:00,2,2,0
8/17/19 3:00,1,0,1
8/17/19 4:00,1,0,1
8/17/19 5:00,4,2,2
8/17/19 6:00,13,2,11
8/17/19 7:00,29,10,19
8/17/19 8:00,50,24,26
8/17/19 9:00,47,23,24
8/17/19 10:00,72,42,30
8/17/19 11:00,74,32,42
8/17/19 12:00,56,32,24
8/17/19 13:00,69,33,36
8/17/19 14:00,64,31,33
8/17/19 15:00,61,33,28
8/17/19 16:00,39,24,15
8/17/19 17:00,47,21,26
8/17/19 18:00,36,21,15
8/17/19 19:00,28,21,7
8/17/19 20:00,13,7,6
8/17/19 21:00,15,8,7
8/17/19 22:00,8,3,5
8/17/19 23:00,17,8,9
8/18/19 0:00,7,7,0
8/18/19 1:00,6,2,4
8/18/19 2:00,3,2,1
8/18/19 3:00,2,2,0
8/18/19 4:00,0,0,0
8/18/19 5:00,5,2,3
8/18/19 6:00,5,3,2
8/18/19 7:00,14,4,10
8/18/19 8:00,22,6,16
8/18/19 9:00,33,14,19
8/18/19 10:00,48,24,24
8/18/19 11:00,77,34,43
8/18/19 12:00,60,27,33
8/18/19 13:00,54,20,34
8/18/19 14:00,47,21,26
8/18/19 15:00,58,30,28
8/18/19 16:00,50,36,14
8/18/19 17:00,50,32,18
8/18/19 18:00,25,14,11
8/18/19 19:00,27,6,21
8/18/19 20:00,25,12,13
8/18/19 21:00,5,3,2
8/18/19 22:00,13,10,3
8/18/19 23:00,1,1,0
8/19/19 0:00,3,2,1
8/19/19 1:00,6,2,4
8/19/19 2:00,2,0,2
8/19/19 3:00,2,0,2
8/19/19 4:00,6,0,6
8/19/19 5:00,26,6,20
8/19/19 6:00,105,11,94
8/19/19 7:00,149,14,135
8/19/19 8:00,179,11,168
8/19/19 9:00,71,6,65
8/19/19 10:00,41,11,30
8/19/19 11:00,17,10,7
8/19/19 12:00,38,16,22
8/19/19 13:00,27,12,15
8/19/19 14:00,43,23,20
8/19/19 15:00,63,49,14
8/19/19 16:00,142,120,22
8/19/19 17:00,205,181,24
8/19/19 18:00,143,124,19
8/19/19 19:00,54,39,15
8/19/19 20:00,35,26,9
8/19/19 21:00,14,10,4
8/19/19 22:00,12,7,5
8/19/19 23:00,3,2,1
8/20/19 0:00,2,0,2
8/20/19 1:00,6,5,1
8/20/19 2:00,2,2,0
8/20/19 3:00,4,0,4
8/20/19 4:00,6,2,4
8/20/19 5:00,34,4,30
8/20/19 6:00,104,6,98
8/20/19 7:00,192,16,176
8/20/19 8:00,197,9,188
8/20/19 9:00,81,9,72
8/20/19 10:00,38,8,30
8/20/19 11:00,31,19,12
8/20/19 12:00,47,21,26
8/20/19 13:00,29,18,11
8/20/19 14:00,52,29,23
8/20/19 15:00,53,35,18
8/20/19 16:00,145,126,19
8/20/19 17:00,268,232,36
8/20/19 18:00,137,109,28
8/20/19 19:00,64,51,13
8/20/19 20:00,38,28,10
8/20/19 21:00,11,9,2
8/20/19 22:00,25,17,8
8/20/19 23:00,7,6,1
8/21/19 0:00,6,4,2
8/21/19 1:00,2,2,0
8/21/19 2:00,4,2,2
8/21/19 3:00,1,0,1
8/21/19 4:00,8,3,5
8/21/19 5:00,21,4,17
8/21/19 6:00,57,1,56
8/21/19 7:00,89,5,84
8/21/19 8:00,75,1,74
8/21/19 9:00,36,3,33
8/21/19 10:00,12,3,9
8/21/19 11:00,14,7,7
8/21/19 12:00,21,8,13
8/21/19 13:00,4,1,3
8/21/19 14:00,24,13,11
8/21/19 15:00,38,29,9
8/21/19 16:00,66,54,12
8/21/19 17:00,112,97,15
8/21/19 18:00,74,67,7
8/21/19 19:00,26,22,4
8/21/19 20:00,22,16,6
8/21/19 21:00,10,8,2
8/21/19 22:00,10,7,3
8/21/19 23:00,2,1,1
8/22/19 0:00,2,2,0
8/22/19 1:00,1,1,0
8/22/19 2:00,1,0,1
8/22/19 3:00,2,2,0
8/22/19 4:00,9,2,7
8/22/19 5:00,32,4,28
8/22/19 6:00,86,14,72
8/22/19 7:00,120,13,107
8/22/19 8:00,176,9,167
8/22/19 9:00,66,11,55
8/22/19 10:00,37,13,24
8/22/19 11:00,26,7,19
8/22/19 12:00,36,12,24
8/22/19 13:00,37,18,19
8/22/19 14:00,36,18,18
8/22/19 15:00,71,52,19
8/22/19 16:00,119,102,17
8/22/19 17:00,202,172,30
8/22/19 18:00,131,108,23
8/22/19 19:00,55,36,19
8/22/19 20:00,40,30,10
8/22/19 21:00,22,16,6
8/22/19 22:00,7,6,1
8/22/19 23:00,3,3,0
8/23/19 0:00,7,7,0
8/23/19 1:00,0,0,0
8/23/19 2:00,4,1,3
8/23/19 3:00,2,1,1
8/23/19 4:00,8,2,6
8/23/19 5:00,36,6,30
8/23/19 6:00,70,5,65
8/23/19 7:00,118,8,110
8/23/19 8:00,129,10,119
8/23/19 9:00,63,10,53
8/23/19 10:00,21,7,14
8/23/19 11:00,30,14,16
8/23/19 12:00,23,8,15
8/23/19 13:00,42,23,19
8/23/19 14:00,52,32,20
8/23/19 15:00,71,51,20
8/23/19 16:00,139,113,26
8/23/19 17:00,151,120,31
8/23/19 18:00,106,87,19
8/23/19 19:00,46,33,13
8/23/19 20:00,19,7,12
8/23/19 21:00,19,16,3
8/23/19 22:00,11,9,2
8/23/19 23:00,10,6,4
8/24/19 0:00,7,6,1
8/24/19 1:00,3,1,2
8/24/19 2:00,4,2,2
8/24/19 3:00,4,4,0
8/24/19 4:00,2,0,2
8/24/19 5:00,3,1,2
8/24/19 6:00,10,5,5
8/24/19 7:00,17,5,12
8/24/19 8:00,35,12,23
8/24/19 9:00,45,23,22
8/24/19 10:00,70,38,32
8/24/19 11:00,112,43,69
8/24/19 12:00,58,28,30
8/24/19 13:00,65,37,28
8/24/19 14:00,64,23,41
8/24/19 15:00,48,20,28
8/24/19 16:00,70,37,33
8/24/19 17:00,60,31,29
8/24/19 18:00,32,21,11
8/24/19 19:00,30,18,12
8/24/19 20:00,30,15,15
8/24/19 21:00,5,3,2
8/24/19 22:00,26,11,15
8/24/19 23:00,6,4,2
8/25/19 0:00,4,3,1
8/25/19 1:00,3,2,1
8/25/19 2:00,2,2,0
8/25/19 3:00,1,1,0
8/25/19 4:00,1,0,1
8/25/19 5:00,6,2,4
8/25/19 6:00,6,1,5
8/25/19 7:00,15,11,4
8/25/19 8:00,22,5,17
8/25/19 9:00,33,16,17
8/25/19 10:00,48,29,19
8/25/19 11:00,48,19,29
8/25/19 12:00,44,15,29
8/25/19 13:00,59,22,37
8/25/19 14:00,62,28,34
8/25/19 15:00,69,38,31
8/25/19 16:00,59,42,17
8/25/19 17:00,47,33,14
8/25/19 18:00,30,15,15
8/25/19 19:00,28,12,16
8/25/19 20:00,24,12,12
8/25/19 21:00,9,4,5
8/25/19 22:00,2,2,0
8/25/19 23:00,5,3,2
8/26/19 0:00,7,3,4
8/26/19 1:00,3,3,0
8/26/19 2:00,6,3,3
8/26/19 3:00,2,1,1
8/26/19 4:00,5,0,5
8/26/19 5:00,27,4,23
8/26/19 6:00,98,9,89
8/26/19 7:00,169,18,151
8/26/19 8:00,186,12,174
8/26/19 9:00,59,10,49
8/26/19 10:00,45,17,28
8/26/19 11:00,20,5,15
8/26/19 12:00,28,12,16
8/26/19 13:00,26,10,16
8/26/19 14:00,52,27,25
8/26/19 15:00,60,49,11
8/26/19 16:00,126,96,30
8/26/19 17:00,244,214,30
8/26/19 18:00,147,127,20
8/26/19 19:00,56,47,9
8/26/19 20:00,31,17,14
8/26/19 21:00,17,12,5
8/26/19 22:00,6,5,1
8/26/19 23:00,6,6,0
8/27/19 0:00,1,1,0
8/27/19 1:00,3,3,0
8/27/19 2:00,5,0,5
8/27/19 3:00,6,5,1
8/27/19 4:00,11,1,10
8/27/19 5:00,37,5,32
8/27/19 6:00,100,17,83
8/27/19 7:00,191,15,176
8/27/19 8:00,182,17,165
8/27/19 9:00,84,7,77
8/27/19 10:00,42,11,31
8/27/19 11:00,43,15,28
8/27/19 12:00,36,18,18
8/27/19 13:00,34,16,18
8/27/19 14:00,41,19,22
8/27/19 15:00,55,41,14
8/27/19 16:00,153,128,25
8/27/19 17:00,247,210,37
8/27/19 18:00,147,122,25
8/27/19 19:00,90,73,17
8/27/19 20:00,30,20,10
8/27/19 21:00,23,15,8
8/27/19 22:00,26,16,10
8/27/19 23:00,5,4,1
8/28/19 0:00,1,1,0
8/28/19 1:00,3,2,1
8/28/19 2:00,4,1,3
8/28/19 3:00,3,3,0
8/28/19 4:00,6,3,3
8/28/19 5:00,29,4,25
8/28/19 6:00,109,17,92
8/28/19 7:00,162,14,148
8/28/19 8:00,175,14,161
8/28/19 9:00,76,7,69
8/28/19 10:00,32,7,25
8/28/19 11:00,28,12,16
8/28/19 12:00,39,12,27
8/28/19 13:00,21,7,14
8/28/19 14:00,38,22,16
8/28/19 15:00,57,43,14
8/28/19 16:00,160,130,30
8/28/19 17:00,227,198,29
8/28/19 18:00,145,131,14
8/28/19 19:00,72,56,16
8/28/19 20:00,62,29,33
8/28/19 21:00,17,9,8
8/28/19 22:00,9,6,3
8/28/19 23:00,8,5,3
8/29/19 0:00,7,2,5
8/29/19 1:00,2,1,1
8/29/19 2:00,5,2,3
8/29/19 3:00,3,1,2
8/29/19 4:00,9,2,7
8/29/19 5:00,27,5,22
8/29/19 6:00,99,14,85
8/29/19 7:00,157,13,144
8/29/19 8:00,168,12,156
8/29/19 9:00,73,10,63
8/29/19 10:00,43,11,32
8/29/19 11:00,32,13,19
8/29/19 12:00,28,11,17
8/29/19 13:00,31,17,14
8/29/19 14:00,42,24,18
8/29/19 15:00,88,56,32
8/29/19 16:00,143,112,31
8/29/19 17:00,222,195,27
8/29/19 18:00,101,89,12
8/29/19 19:00,43,37,6
8/29/19 20:00,8,6,2
8/29/19 21:00,15,11,4
8/29/19 22:00,9,8,1
8/29/19 23:00,3,3,0
8/30/19 0:00,5,3,2
8/30/19 1:00,1,1,0
8/30/19 2:00,1,1,0
8/30/19 3:00,0,0,0
8/30/19 4:00,7,2,5
8/30/19 5:00,25,4,21
8/30/19 6:00,56,5,51
8/30/19 7:00,112,15,97
8/30/19 8:00,112,11,101
8/30/19 9:00,48,10,38
8/30/19 10:00,41,14,27
8/30/19 11:00,25,10,15
8/30/19 12:00,38,16,22
8/30/19 13:00,31,14,17
8/30/19 14:00,37,26,11
8/30/19 15:00,88,67,21
8/30/19 16:00,118,91,27
8/30/19 17:00,133,118,15
8/30/19 18:00,67,52,15
8/30/19 19:00,46,34,12
8/30/19 20:00,33,18,15
8/30/19 21:00,15,10,5
8/30/19 22:00,10,9,1
8/30/19 23:00,5,4,1
8/31/19 0:00,6,2,4
8/31/19 1:00,8,6,2
8/31/19 2:00,3,0,3
8/31/19 3:00,0,0,0
8/31/19 4:00,1,0,1
8/31/19 5:00,3,1,2
8/31/19 6:00,10,2,8
8/31/19 7:00,13,7,6
8/31/19 8:00,42,19,23
8/31/19 9:00,35,13,22
8/31/19 10:00,63,24,39
8/31/19 11:00,53,25,28
8/31/19 12:00,58,25,33
8/31/19 13:00,53,31,22
8/31/19 14:00,58,28,30
8/31/19 15:00,65,39,26
8/31/19 16:00,44,24,20
8/31/19 17:00,36,19,17
8/31/19 18:00,35,10,25
8/31/19 19:00,22,13,9
8/31/19 20:00,26,19,7
8/31/19 21:00,11,8,3
8/31/19 22:00,3,2,1
8/31/19 23:00,6,4,2
9/1/19 0:00,3,1,2
9/1/19 1:00,3,3,0
9/1/19 2:00,1,0,1
9/1/19 3:00,0,0,0
9/1/19 4:00,1,1,0
9/1/19 5:00,3,3,0
9/1/19 6:00,5,2,3
9/1/19 7:00,14,3,11
9/1/19 8:00,43,25,18
9/1/19 9:00,56,19,37
9/1/19 10:00,75,31,44
9/1/19 11:00,50,26,24
9/1/19 12:00,63,27,36
9/1/19 13:00,76,36,40
9/1/19 14:00,79,25,54
9/1/19 15:00,81,34,47
9/1/19 16:00,72,41,31
9/1/19 17:00,48,31,17
9/1/19 18:00,45,30,15
9/1/19 19:00,33,20,13
9/1/19 20:00,20,11,9
9/1/19 21:00,14,6,8
9/1/19 22:00,10,8,2
9/1/19 23:00,2,1,1
9/2/19 0:00,3,3,0
9/2/19 1:00,3,2,1
9/2/19 2:00,1,0,1
9/2/19 3:00,0,0,0
9/2/19 4:00,2,1,1
9/2/19 5:00,1,0,1
9/2/19 6:00,10,2,8
9/2/19 7:00,22,4,18
9/2/19 8:00,30,13,17
9/2/19 9:00,53,28,25
9/2/19 10:00,63,35,28
9/2/19 11:00,54,31,23
9/2/19 12:00,61,26,35
9/2/19 13:00,80,40,40
9/2/19 14:00,82,44,38
9/2/19 15:00,72,36,36
9/2/19 16:00,72,34,38
9/2/19 17:00,65,41,24
9/2/19 18:00,48,31,17
9/2/19 19:00,24,7,17
9/2/19 20:00,26,7,19
9/2/19 21:00,9,1,8
9/2/19 22:00,7,6,1
9/2/19 23:00,3,2,1
9/3/19 0:00,0,0,0
9/3/19 1:00,1,1,0
9/3/19 2:00,4,1,3
9/3/19 3:00,3,1,2
9/3/19 4:00,5,0,5
9/3/19 5:00,31,1,30
9/3/19 6:00,93,8,85
9/3/19 7:00,185,16,169
9/3/19 8:00,194,19,175
9/3/19 9:00,74,2,72
9/3/19 10:00,49,16,33
9/3/19 11:00,23,11,12
9/3/19 12:00,28,8,20
9/3/19 13:00,37,19,18
9/3/19 14:00,45,23,22
9/3/19 15:00,68,50,18
9/3/19 16:00,165,137,28
9/3/19 17:00,245,214,31
9/3/19 18:00,139,118,21
9/3/19 19:00,61,46,15
9/3/19 20:00,24,14,10
9/3/19 21:00,8,6,2
9/3/19 22:00,11,10,1
9/3/19 23:00,4,3,1
9/4/19 0:00,4,4,0
9/4/19 1:00,2,1,1
9/4/19 2:00,4,0,4
9/4/19 3:00,0,0,0
9/4/19 4:00,3,0,3
9/4/19 5:00,45,8,37
9/4/19 6:00,106,7,99
9/4/19 7:00,175,16,159
9/4/19 8:00,205,11,194
9/4/19 9:00,91,9,82
9/4/19 10:00,34,9,25
9/4/19 11:00,28,11,17
9/4/19 12:00,27,16,11
9/4/19 13:00,41,20,21
9/4/19 14:00,44,24,20
9/4/19 15:00,65,49,16
9/4/19 16:00,131,114,17
9/4/19 17:00,275,242,33
9/4/19 18:00,161,134,27
9/4/19 19:00,72,50,22
9/4/19 20:00,26,19,7
9/4/19 21:00,16,11,5
9/4/19 22:00,9,6,3
9/4/19 23:00,7,6,1
9/5/19 0:00,4,2,2
9/5/19 1:00,2,0,2
9/5/19 2:00,4,2,2
9/5/19 3:00,1,0,1
9/5/19 4:00,9,2,7
9/5/19 5:00,27,3,24
9/5/19 6:00,101,12,89
9/5/19 7:00,161,22,139
9/5/19 8:00,178,12,166
9/5/19 9:00,84,10,74
9/5/19 10:00,37,14,23
9/5/19 11:00,17,4,13
9/5/19 12:00,33,22,11
9/5/19 13:00,28,13,15
9/5/19 14:00,41,20,21
9/5/19 15:00,64,37,27
9/5/19 16:00,139,121,18
9/5/19 17:00,212,187,25
9/5/19 18:00,122,106,16
9/5/19 19:00,59,49,10
9/5/19 20:00,20,13,7
9/5/19 21:00,15,12,3
9/5/19 22:00,3,3,0
9/5/19 23:00,6,3,3
9/6/19 0:00,3,3,0
9/6/19 1:00,3,1,2
9/6/19 2:00,2,1,1
9/6/19 3:00,0,0,0
9/6/19 4:00,8,2,6
9/6/19 5:00,33,5,28
9/6/19 6:00,77,14,63
9/6/19 7:00,141,9,132
9/6/19 8:00,157,8,149
9/6/19 9:00,58,10,48
9/6/19 10:00,39,9,30
9/6/19 11:00,29,10,19
9/6/19 12:00,33,19,14
9/6/19 13:00,54,26,28
9/6/19 14:00,54,34,20
9/6/19 15:00,85,59,26
9/6/19 16:00,147,131,16
9/6/19 17:00,189,161,28
9/6/19 18:00,108,80,28
9/6/19 19:00,58,43,15
9/6/19 20:00,31,20,11
9/6/19 21:00,10,7,3
9/6/19 22:00,13,9,4
9/6/19 23:00,6,4,2
9/7/19 0:00,2,2,0
9/7/19 1:00,6,4,2
9/7/19 2:00,5,4,1
9/7/19 3:00,7,4,3
9/7/19 4:00,3,2,1
9/7/19 5:00,3,2,1
9/7/19 6:00,11,3,8
9/7/19 7:00,15,7,8
9/7/19 8:00,57,20,37
9/7/19 9:00,44,18,26
9/7/19 10:00,73,40,33
9/7/19 11:00,53,21,32
9/7/19 12:00,54,23,31
9/7/19 13:00,58,27,31
9/7/19 14:00,50,24,26
9/7/19 15:00,50,24,26
9/7/19 16:00,38,22,16
9/7/19 17:00,51,28,23
9/7/19 18:00,31,15,16
9/7/19 19:00,19,12,7
9/7/19 20:00,3,2,1
9/7/19 21:00,8,7,1
9/7/19 22:00,4,4,0
9/7/19 23:00,5,4,1
9/8/19 0:00,1,1,0
9/8/19 1:00,1,1,0
9/8/19 2:00,1,1,0
9/8/19 3:00,0,0,0
9/8/19 4:00,4,2,2
9/8/19 5:00,2,0,2
9/8/19 6:00,4,0,4
9/8/19 7:00,3,2,1
9/8/19 8:00,11,4,7
9/8/19 9:00,33,12,21
9/8/19 10:00,18,9,9
9/8/19 11:00,21,11,10
9/8/19 12:00,23,9,14
9/8/19 13:00,20,5,15
9/8/19 14:00,31,20,11
9/8/19 15:00,24,8,16
9/8/19 16:00,33,25,8
9/8/19 17:00,34,24,10
9/8/19 18:00,14,10,4
9/8/19 19:00,17,6,11
9/8/19 20:00,5,3,2
9/8/19 21:00,6,4,2
9/8/19 22:00,4,3,1
9/8/19 23:00,2,1,1
9/9/19 0:00,1,0,1
9/9/19 1:00,1,1,0
9/9/19 2:00,1,0,1
9/9/19 3:00,2,1,1
9/9/19 4:00,9,2,7
9/9/19 5:00,15,2,13
9/9/19 6:00,65,9,56
9/9/19 7:00,137,13,124
9/9/19 8:00,109,10,99
9/9/19 9:00,50,5,45
9/9/19 10:00,17,4,13
9/9/19 11:00,12,3,9
9/9/19 12:00,15,5,10
9/9/19 13:00,14,7,7
9/9/19 14:00,10,3,7
9/9/19 15:00,37,31,6
9/9/19 16:00,82,71,11
9/9/19 17:00,156,143,13
9/9/19 18:00,73,65,8
9/9/19 19:00,32,29,3
9/9/19 20:00,9,8,1
9/9/19 21:00,12,8,4
9/9/19 22:00,4,2,2
9/9/19 23:00,5,3,2
9/10/19 0:00,0,0,0
9/10/19 1:00,2,2,0
9/10/19 2:00,4,1,3
9/10/19 3:00,2,1,1
9/10/19 4:00,8,1,7
9/10/19 5:00,21,3,18
9/10/19 6:00,71,9,62
9/10/19 7:00,119,14,105
9/10/19 8:00,150,12,138
9/10/19 9:00,53,9,44
9/10/19 10:00,20,2,18
9/10/19 11:00,24,8,16
9/10/19 12:00,21,12,9
9/10/19 13:00,34,17,17
9/10/19 14:00,40,19,21
9/10/19 15:00,51,34,17
9/10/19 16:00,106,89,17
9/10/19 17:00,195,170,25
9/10/19 18:00,108,86,22
9/10/19 19:00,38,35,3
9/10/19 20:00,21,12,9
9/10/19 21:00,19,14,5
9/10/19 22:00,7,7,0
9/10/19 23:00,9,5,4
9/11/19 0:00,7,5,2
9/11/19 1:00,2,1,1
9/11/19 2:00,4,2,2
9/11/19 3:00,4,2,2
9/11/19 4:00,8,4,4
9/11/19 5:00,29,3,26
9/11/19 6:00,83,9,74
9/11/19 7:00,161,14,147
9/11/19 8:00,199,13,186
9/11/19 9:00,79,18,61
9/11/19 10:00,34,6,28
9/11/19 11:00,24,9,15
9/11/19 12:00,23,13,10
9/11/19 13:00,32,14,18
9/11/19 14:00,40,19,21
9/11/19 15:00,75,52,23
9/11/19 16:00,150,121,29
9/11/19 17:00,227,194,33
9/11/19 18:00,137,109,28
9/11/19 19:00,58,44,14
9/11/19 20:00,20,16,4
9/11/19 21:00,15,10,5
9/11/19 22:00,15,10,5
9/11/19 23:00,3,3,0
9/12/19 0:00,5,5,0
9/12/19 1:00,0,0,0
9/12/19 2:00,5,3,2
9/12/19 3:00,2,0,2
9/12/19 4:00,5,1,4
9/12/19 5:00,26,5,21
9/12/19 6:00,90,11,79
9/12/19 7:00,160,18,142
9/12/19 8:00,195,15,180
9/12/19 9:00,75,9,66
9/12/19 10:00,48,12,36
9/12/19 11:00,40,24,16
9/12/19 12:00,46,17,29
9/12/19 13:00,41,18,23
9/12/19 14:00,33,20,13
9/12/19 15:00,80,50,30
9/12/19 16:00,144,113,31
9/12/19 17:00,232,211,21
9/12/19 18:00,138,118,20
9/12/19 19:00,49,37,12
9/12/19 20:00,27,20,7
9/12/19 21:00,11,10,1
9/12/19 22:00,7,7,0
9/12/19 23:00,6,2,4
9/13/19 0:00,1,1,0
9/13/19 1:00,0,0,0
9/13/19 2:00,5,5,0
9/13/19 3:00,4,0,4
9/13/19 4:00,7,2,5
9/13/19 5:00,19,4,15
9/13/19 6:00,45,5,40
9/13/19 7:00,117,18,99
9/13/19 8:00,135,14,121
9/13/19 9:00,61,6,55
9/13/19 10:00,27,8,19
9/13/19 11:00,29,6,23
9/13/19 12:00,35,26,9
9/13/19 13:00,23,12,11
9/13/19 14:00,47,22,25
9/13/19 15:00,58,40,18
9/13/19 16:00,111,91,20
9/13/19 17:00,165,147,18
9/13/19 18:00,86,66,20
9/13/19 19:00,42,31,11
9/13/19 20:00,17,11,6
9/13/19 21:00,14,12,2
9/13/19 22:00,5,4,1
9/13/19 23:00,5,5,0
9/14/19 0:00,5,5,0
9/14/19 1:00,2,2,0
9/14/19 2:00,1,0,1
9/14/19 3:00,1,1,0
9/14/19 4:00,2,0,2
9/14/19 5:00,5,1,4
9/14/19 6:00,14,8,6
9/14/19 7:00,16,3,13
9/14/19 8:00,38,16,22
9/14/19 9:00,29,12,17
9/14/19 10:00,49,23,26
9/14/19 11:00,56,28,28
9/14/19 12:00,43,20,23
9/14/19 13:00,52,30,22
9/14/19 14:00,45,16,29
9/14/19 15:00,34,12,22
9/14/19 16:00,38,17,21
9/14/19 17:00,21,13,8
9/14/19 18:00,21,15,6
9/14/19 19:00,14,9,5
9/14/19 20:00,5,3,2
9/14/19 21:00,5,2,3
9/14/19 22:00,5,1,4
9/14/19 23:00,8,6,2
9/15/19 0:00,4,4,0
9/15/19 1:00,1,0,1
9/15/19 2:00,3,1,2
9/15/19 3:00,1,0,1
9/15/19 4:00,0,0,0
9/15/19 5:00,0,0,0
9/15/19 6:00,2,1,1
9/15/19 7:00,7,2,5
9/15/19 8:00,7,1,6
9/15/19 9:00,7,2,5
9/15/19 10:00,7,2,5
9/15/19 11:00,12,9,3
9/15/19 12:00,9,4,5
9/15/19 13:00,9,5,4
9/15/19 14:00,15,4,11
9/15/19 15:00,18,12,6
9/15/19 16:00,9,1,8
9/15/19 17:00,16,11,5
9/15/19 18:00,16,7,9
9/15/19 19:00,7,5,2
9/15/19 20:00,4,2,2
9/15/19 21:00,2,0,2
9/15/19 22:00,6,6,0
9/15/19 23:00,14,4,10
9/16/19 0:00,2,2,0
9/16/19 1:00,3,1,2
9/16/19 2:00,1,0,1
9/16/19 3:00,0,0,0
9/16/19 4:00,8,2,6
9/16/19 5:00,12,2,10
9/16/19 6:00,70,4,66
9/16/19 7:00,153,16,137
9/16/19 8:00,177,12,165
9/16/19 9:00,56,4,52
9/16/19 10:00,30,8,22
9/16/19 11:00,23,9,14
9/16/19 12:00,22,8,14
9/16/19 13:00,30,12,18
9/16/19 14:00,33,20,13
9/16/19 15:00,53,41,12
9/16/19 16:00,132,106,26
9/16/19 17:00,214,198,16
9/16/19 18:00,117,102,15
9/16/19 19:00,41,30,11
9/16/19 20:00,13,7,6
9/16/19 21:00,22,16,6
9/16/19 22:00,7,4,3
9/16/19 23:00,5,5,0
9/17/19 0:00,4,3,1
9/17/19 1:00,2,1,1
9/17/19 2:00,2,1,1
9/17/19 3:00,5,3,2
9/17/19 4:00,9,2,7
9/17/19 5:00,21,3,18
9/17/19 6:00,66,14,52
9/17/19 7:00,116,8,108
9/17/19 8:00,107,10,97
9/17/19 9:00,34,5,29
9/17/19 10:00,12,3,9
9/17/19 11:00,11,4,7
9/17/19 12:00,9,5,4
9/17/19 13:00,12,4,8
9/17/19 14:00,11,6,5
9/17/19 15:00,29,19,10
9/17/19 16:00,79,68,11
9/17/19 17:00,148,139,9
9/17/19 18:00,61,52,9
9/17/19 19:00,25,19,6
9/17/19 20:00,9,8,1
9/17/19 21:00,5,3,2
9/17/19 22:00,5,3,2
9/17/19 23:00,6,4,2
9/18/19 0:00,2,2,0
9/18/19 1:00,0,0,0
9/18/19 2:00,4,1,3
9/18/19 3:00,4,1,3
9/18/19 4:00,6,3,3
9/18/19 5:00,12,3,9
9/18/19 6:00,71,6,65
9/18/19 7:00,136,11,125
9/18/19 8:00,149,11,138
9/18/19 9:00,54,4,50
9/18/19 10:00,31,10,21
9/18/19 11:00,19,5,14
9/18/19 12:00,0,0,0
9/18/19 13:00,11,5,6
9/18/19 14:00,42,21,21
9/18/19 15:00,65,46,19
9/18/19 16:00,108,95,13
9/18/19 17:00,170,143,27
9/18/19 18:00,111,93,18
9/18/19 19:00,46,35,11
9/18/19 20:00,26,22,4
9/18/19 21:00,16,12,4
9/18/19 22:00,23,19,4
9/18/19 23:00,9,9,0
9/19/19 0:00,4,2,2
9/19/19 1:00,4,2,2
9/19/19 2:00,4,3,1
9/19/19 3:00,3,1,2
9/19/19 4:00,4,0,4
9/19/19 5:00,23,4,19
9/19/19 6:00,102,8,94
9/19/19 7:00,135,12,123
9/19/19 8:00,171,10,161
9/19/19 9:00,69,12,57
9/19/19 10:00,30,12,18
9/19/19 11:00,35,15,20
9/19/19 12:00,32,16,16
9/19/19 13:00,39,20,19
9/19/19 14:00,37,17,20
9/19/19 15:00,70,53,17
9/19/19 16:00,137,122,15
9/19/19 17:00,176,160,16
9/19/19 18:00,123,101,22
9/19/19 19:00,46,38,8
9/19/19 20:00,10,6,4
9/19/19 21:00,21,15,6
9/19/19 22:00,13,12,1
9/19/19 23:00,5,4,1
9/20/19 0:00,4,3,1
9/20/19 1:00,2,1,1
9/20/19 2:00,4,3,1
9/20/19 3:00,1,1,0
9/20/19 4:00,3,1,2
9/20/19 5:00,14,4,10
9/20/19 6:00,60,6,54
9/20/19 7:00,111,13,98
9/20/19 8:00,141,16,125
9/20/19 9:00,60,5,55
9/20/19 10:00,36,3,33
9/20/19 11:00,21,5,16
9/20/19 12:00,19,3,16
9/20/19 13:00,34,20,14
9/20/19 14:00,33,22,11
9/20/19 15:00,88,61,27
9/20/19 16:00,139,109,30
9/20/19 17:00,148,134,14
9/20/19 18:00,76,66,10
9/20/19 19:00,41,32,9
9/20/19 20:00,11,8,3
9/20/19 21:00,12,5,7
9/20/19 22:00,9,8,1
9/20/19 23:00,8,7,1
9/21/19 0:00,5,1,4
9/21/19 1:00,1,0,1
9/21/19 2:00,1,1,0
9/21/19 3:00,3,1,2
9/21/19 4:00,1,1,0
9/21/19 5:00,2,1,1
9/21/19 6:00,14,5,9
9/21/19 7:00,19,4,15
9/21/19 8:00,30,17,13
9/21/19 9:00,46,15,31
9/21/19 10:00,52,29,23
9/21/19 11:00,110,41,69
9/21/19 12:00,92,58,34
9/21/19 13:00,92,53,39
9/21/19 14:00,69,30,39
9/21/19 15:00,69,34,35
9/21/19 16:00,75,37,38
9/21/19 17:00,44,24,20
9/21/19 18:00,33,18,15
9/21/19 19:00,16,9,7
9/21/19 20:00,10,6,4
9/21/19 21:00,5,3,2
9/21/19 22:00,6,2,4
9/21/19 23:00,6,5,1
9/22/19 0:00,4,4,0
9/22/19 1:00,1,1,0
9/22/19 2:00,3,2,1
9/22/19 3:00,1,0,1
9/22/19 4:00,0,0,0
9/22/19 5:00,6,4,2
9/22/19 6:00,5,1,4
9/22/19 7:00,1,1,0
9/22/19 8:00,8,3,5
9/22/19 9:00,15,6,9
9/22/19 10:00,12,4,8
9/22/19 11:00,14,5,9
9/22/19 12:00,8,5,3
9/22/19 13:00,7,4,3
9/22/19 14:00,6,3,3
9/22/19 15:00,3,1,2
9/22/19 16:00,12,9,3
9/22/19 17:00,21,15,6
9/22/19 18:00,12,8,4
9/22/19 19:00,9,6,3
9/22/19 20:00,7,6,1
9/22/19 21:00,2,2,0
9/22/19 22:00,2,2,0
9/22/19 23:00,2,1,1
9/23/19 0:00,1,1,0
9/23/19 1:00,6,4,2
9/23/19 2:00,0,0,0
9/23/19 3:00,1,0,1
9/23/19 4:00,5,1,4
9/23/19 5:00,23,4,19
9/23/19 6:00,82,11,71
9/23/19 7:00,160,8,152
9/23/19 8:00,174,9,165
9/23/19 9:00,51,2,49
9/23/19 10:00,23,4,19
9/23/19 11:00,14,2,12
9/23/19 12:00,16,9,7
9/23/19 13:00,8,5,3
9/23/19 14:00,24,14,10
9/23/19 15:00,37,30,7
9/23/19 16:00,103,90,13
9/23/19 17:00,179,162,17
9/23/19 18:00,106,97,9
9/23/19 19:00,31,27,4
9/23/19 20:00,13,12,1
9/23/19 21:00,8,7,1
9/23/19 22:00,2,1,1
9/23/19 23:00,5,3,2
9/24/19 0:00,1,1,0
9/24/19 1:00,3,0,3
9/24/19 2:00,3,2,1
9/24/19 3:00,2,1,1
9/24/19 4:00,4,1,3
9/24/19 5:00,33,7,26
9/24/19 6:00,72,7,65
9/24/19 7:00,141,14,127
9/24/19 8:00,160,10,150
9/24/19 9:00,44,9,35
9/24/19 10:00,26,3,23
9/24/19 11:00,24,7,17
9/24/19 12:00,13,4,9
9/24/19 13:00,17,11,6
9/24/19 14:00,32,13,19
9/24/19 15:00,71,46,25
9/24/19 16:00,122,106,16
9/24/19 17:00,186,168,18
9/24/19 18:00,129,117,12
9/24/19 19:00,37,31,6
9/24/19 20:00,16,13,3
9/24/19 21:00,10,9,1
9/24/19 22:00,8,8,0
9/24/19 23:00,3,3,0
9/25/19 0:00,3,2,1
9/25/19 1:00,0,0,0
9/25/19 2:00,5,1,4
9/25/19 3:00,3,2,1
9/25/19 4:00,6,2,4
9/25/19 5:00,28,6,22
9/25/19 6:00,73,5,68
9/25/19 7:00,155,14,141
9/25/19 8:00,177,11,166
9/25/19 9:00,54,5,49
9/25/19 10:00,42,9,33
9/25/19 11:00,26,14,12
9/25/19 12:00,43,16,27
9/25/19 13:00,39,19,20
9/25/19 14:00,33,19,14
9/25/19 15:00,73,46,27
9/25/19 16:00,127,105,22
9/25/19 17:00,216,195,21
9/25/19 18:00,138,119,19
9/25/19 19:00,52,37,15
9/25/19 20:00,21,12,9
9/25/19 21:00,16,9,7
9/25/19 22:00,17,14,3
9/25/19 23:00,4,3,1
9/26/19 0:00,4,4,0
9/26/19 1:00,3,0,3
9/26/19 2:00,2,1,1
9/26/19 3:00,0,0,0
9/26/19 4:00,6,3,3
9/26/19 5:00,19,5,14
9/26/19 6:00,65,5,60
9/26/19 7:00,103,12,91
9/26/19 8:00,127,7,120
9/26/19 9:00,46,6,40
9/26/19 10:00,34,14,20
9/26/19 11:00,24,11,13
9/26/19 12:00,24,7,17
9/26/19 13:00,24,11,13
9/26/19 14:00,26,14,12
9/26/19 15:00,61,44,17
9/26/19 16:00,92,79,13
9/26/19 17:00,155,130,25
9/26/19 18:00,108,87,21
9/26/19 19:00,34,26,8
9/26/19 20:00,27,15,12
9/26/19 21:00,21,17,4
9/26/19 22:00,11,10,1
9/26/19 23:00,3,3,0
9/27/19 0:00,2,0,2
9/27/19 1:00,2,1,1
9/27/19 2:00,2,1,1
9/27/19 3:00,2,0,2
9/27/19 4:00,9,4,5
9/27/19 5:00,20,3,17
9/27/19 6:00,34,5,29
9/27/19 7:00,97,6,91
9/27/19 8:00,118,8,110
9/27/19 9:00,36,4,32
9/27/19 10:00,24,5,19
9/27/19 11:00,17,6,11
9/27/19 12:00,23,7,16
9/27/19 13:00,25,15,10
9/27/19 14:00,30,19,11
9/27/19 15:00,71,48,23
9/27/19 16:00,104,83,21
9/27/19 17:00,106,90,16
9/27/19 18:00,67,59,8
9/27/19 19:00,20,15,5
9/27/19 20:00,8,7,1
9/27/19 21:00,8,6,2
9/27/19 22:00,6,2,4
9/27/19 23:00,9,5,4
9/28/19 0:00,3,2,1
9/28/19 1:00,2,2,0
9/28/19 2:00,0,0,0
9/28/19 3:00,0,0,0
9/28/19 4:00,1,0,1
9/28/19 5:00,6,0,6
9/28/19 6:00,5,1,4
9/28/19 7:00,7,2,5
9/28/19 8:00,12,7,5
9/28/19 9:00,25,17,8
9/28/19 10:00,13,4,9
9/28/19 11:00,21,6,15
9/28/19 12:00,39,21,18
9/28/19 13:00,41,20,21
9/28/19 14:00,47,22,25
9/28/19 15:00,51,23,28
9/28/19 16:00,45,26,19
9/28/19 17:00,40,28,12
9/28/19 18:00,29,18,11
9/28/19 19:00,8,2,6
9/28/19 20:00,14,12,2
9/28/19 21:00,13,7,6
9/28/19 22:00,4,2,2
9/28/19 23:00,1,1,0
9/29/19 0:00,5,4,1
9/29/19 1:00,4,2,2
9/29/19 2:00,1,0,1
9/29/19 3:00,3,1,2
9/29/19 4:00,3,2,1
9/29/19 5:00,3,1,2
9/29/19 6:00,8,1,7
9/29/19 7:00,7,4,3
9/29/19 8:00,21,9,12
9/29/19 9:00,23,4,19
9/29/19 10:00,32,16,16
9/29/19 11:00,39,20,19
9/29/19 12:00,45,24,21
9/29/19 13:00,42,22,20
9/29/19 14:00,33,13,20
9/29/19 15:00,36,16,20
9/29/19 16:00,32,16,16
9/29/19 17:00,20,12,8
9/29/19 18:00,18,4,14
9/29/19 19:00,6,4,2
9/29/19 20:00,8,6,2
9/29/19 21:00,8,8,0
9/29/19 22:00,4,2,2
9/29/19 23:00,2,1,1
9/30/19 0:00,2,1,1
9/30/19 1:00,1,1,0
9/30/19 2:00,2,2,0
9/30/19 3:00,4,1,3
9/30/19 4:00,8,2,6
9/30/19 5:00,24,3,21
9/30/19 6:00,62,4,58
9/30/19 7:00,138,11,127
9/30/19 8:00,183,11,172
9/30/19 9:00,64,10,54
9/30/19 10:00,40,11,29
9/30/19 11:00,19,7,12
9/30/19 12:00,17,8,9
9/30/19 13:00,30,14,16
9/30/19 14:00,38,21,17
9/30/19 15:00,63,42,21
9/30/19 16:00,136,116,20
9/30/19 17:00,205,192,13
9/30/19 18:00,113,104,9
9/30/19 19:00,45,37,8
9/30/19 20:00,13,12,1
9/30/19 21:00,7,4,3
9/30/19 22:00,1,1,0
9/30/19 23:00,6,4,2
10/1/19 0:00,1,1,0
10/1/19 1:00,3,2,1
10/1/19 2:00,2,1,1
10/1/19 3:00,0,0,0
10/1/19 4:00,5,1,4
10/1/19 5:00,25,4,21
10/1/19 6:00,97,12,85
10/1/19 7:00,152,12,140
10/1/19 8:00,170,11,159
10/1/19 9:00,63,7,56
10/1/19 10:00,34,9,25
10/1/19 11:00,29,10,19
10/1/19 12:00,34,12,22
10/1/19 13:00,31,15,16
10/1/19 14:00,49,29,20
10/1/19 15:00,74,57,17
10/1/19 16:00,145,125,20
10/1/19 17:00,227,210,17
10/1/19 18:00,123,106,17
10/1/19 19:00,63,44,19
10/1/19 20:00,23,14,9
10/1/19 21:00,25,6,19
10/1/19 22:00,8,6,2
10/1/19 23:00,1,1,0
10/2/19 0:00,0,0,0
10/2/19 1:00,0,0,0
10/2/19 2:00,4,2,2
10/2/19 3:00,4,1,3
10/2/19 4:00,2,1,1
10/2/19 5:00,31,7,24
10/2/19 6:00,76,10,66
10/2/19 7:00,144,14,130
10/2/19 8:00,166,7,159
10/2/19 9:00,61,10,51
10/2/19 10:00,32,9,23
10/2/19 11:00,27,10,17
10/2/19 12:00,24,8,16
10/2/19 13:00,30,16,14
10/2/19 14:00,30,19,11
10/2/19 15:00,50,35,15
10/2/19 16:00,118,99,19
10/2/19 17:00,219,195,24
10/2/19 18:00,98,81,17
10/2/19 19:00,32,29,3
10/2/19 20:00,17,14,3
10/2/19 21:00,10,7,3
10/2/19 22:00,9,6,3
10/2/19 23:00,4,3,1
10/3/19 0:00,1,1,0
10/3/19 1:00,0,0,0
10/3/19 2:00,4,2,2
10/3/19 3:00,2,1,1
10/3/19 4:00,5,2,3
10/3/19 5:00,25,3,22
10/3/19 6:00,68,3,65
10/3/19 7:00,129,11,118
10/3/19 8:00,128,6,122
10/3/19 9:00,71,13,58
10/3/19 10:00,18,3,15
10/3/19 11:00,12,2,10
10/3/19 12:00,27,11,16
10/3/19 13:00,21,9,12
10/3/19 14:00,43,26,17
10/3/19 15:00,54,39,15
10/3/19 16:00,123,106,17
10/3/19 17:00,159,141,18
10/3/19 18:00,86,69,17
10/3/19 19:00,30,22,8
10/3/19 20:00,30,20,10
10/3/19 21:00,33,29,4
10/3/19 22:00,3,3,0
10/3/19 23:00,2,2,0
10/4/19 0:00,2,1,1
10/4/19 1:00,1,1,0
10/4/19 2:00,1,0,1
10/4/19 3:00,2,1,1
10/4/19 4:00,6,3,3
10/4/19 5:00,16,4,12
10/4/19 6:00,49,7,42
10/4/19 7:00,117,13,104
10/4/19 8:00,128,9,119
10/4/19 9:00,53,5,48
10/4/19 10:00,22,6,16
10/4/19 11:00,26,8,18
10/4/19 12:00,14,4,10
10/4/19 13:00,19,8,11
10/4/19 14:00,31,24,7
10/4/19 15:00,58,41,17
10/4/19 16:00,103,85,18
10/4/19 17:00,126,109,17
10/4/19 18:00,68,57,11
10/4/19 19:00,29,22,7
10/4/19 20:00,13,8,5
10/4/19 21:00,7,5,2
10/4/19 22:00,8,6,2
10/4/19 23:00,6,3,3
10/5/19 0:00,3,1,2
10/5/19 1:00,3,3,0
10/5/19 2:00,2,2,0
10/5/19 3:00,3,3,0
10/5/19 4:00,0,0,0
10/5/19 5:00,1,0,1
10/5/19 6:00,9,2,7
10/5/19 7:00,14,6,8
10/5/19 8:00,30,5,25
10/5/19 9:00,23,7,16
10/5/19 10:00,48,33,15
10/5/19 11:00,56,20,36
10/5/19 12:00,43,18,25
10/5/19 13:00,52,21,31
10/5/19 14:00,40,22,18
10/5/19 15:00,75,35,40
10/5/19 16:00,47,32,15
10/5/19 17:00,36,13,23
10/5/19 18:00,15,7,8
10/5/19 19:00,18,13,5
10/5/19 20:00,10,9,1
10/5/19 21:00,6,4,2
10/5/19 22:00,4,2,2
10/5/19 23:00,5,5,0
10/6/19 0:00,4,3,1
10/6/19 1:00,1,1,0
10/6/19 2:00,1,1,0
10/6/19 3:00,2,1,1
10/6/19 4:00,2,1,1
10/6/19 5:00,5,1,4
10/6/19 6:00,5,1,4
10/6/19 7:00,9,4,5
10/6/19 8:00,18,3,15
10/6/19 9:00,28,12,16
10/6/19 10:00,23,11,12
10/6/19 11:00,73,31,42
10/6/19 12:00,90,26,64
10/6/19 13:00,64,28,36
10/6/19 14:00,59,32,27
10/6/19 15:00,85,52,33
10/6/19 16:00,68,42,26
10/6/19 17:00,28,13,15
10/6/19 18:00,27,17,10
10/6/19 19:00,11,5,6
10/6/19 20:00,10,8,2
10/6/19 21:00,6,3,3
10/6/19 22:00,2,1,1
10/6/19 23:00,4,3,1
10/7/19 0:00,1,0,1
10/7/19 1:00,0,0,0
10/7/19 2:00,1,1,0
10/7/19 3:00,3,3,0
10/7/19 4:00,4,0,4
10/7/19 5:00,20,3,17
10/7/19 6:00,68,13,55
10/7/19 7:00,126,10,116
10/7/19 8:00,156,10,146
10/7/19 9:00,61,6,55
10/7/19 10:00,18,1,17
10/7/19 11:00,11,5,6
10/7/19 12:00,8,5,3
10/7/19 13:00,11,4,7
10/7/19 14:00,24,11,13
10/7/19 15:00,43,30,13
10/7/19 16:00,105,91,14
10/7/19 17:00,175,158,17
10/7/19 18:00,101,87,14
10/7/19 19:00,30,23,7
10/7/19 20:00,8,8,0
10/7/19 21:00,14,8,6
10/7/19 22:00,3,3,0
10/7/19 23:00,3,2,1
10/8/19 0:00,1,1,0
10/8/19 1:00,0,0,0
10/8/19 2:00,1,1,0
10/8/19 3:00,1,0,1
10/8/19 4:00,2,0,2
10/8/19 5:00,31,5,26
10/8/19 6:00,60,12,48
10/8/19 7:00,122,13,109
10/8/19 8:00,175,12,163
10/8/19 9:00,82,10,72
10/8/19 10:00,36,10,26
10/8/19 11:00,15,7,8
10/8/19 12:00,12,7,5
10/8/19 13:00,13,7,6
10/8/19 14:00,19,10,9
10/8/19 15:00,41,31,10
10/8/19 16:00,122,101,21
10/8/19 17:00,175,163,12
10/8/19 18:00,109,99,10
10/8/19 19:00,42,33,9
10/8/19 20:00,16,12,4
10/8/19 21:00,8,5,3
10/8/19 22:00,2,1,1
10/8/19 23:00,2,1,1
10/9/19 0:00,0,0,0
10/9/19 1:00,3,0,3
10/9/19 2:00,4,2,2
10/9/19 3:00,1,0,1
10/9/19 4:00,3,1,2
10/9/19 5:00,21,4,17
10/9/19 6:00,61,6,55
10/9/19 7:00,142,11,131
10/9/19 8:00,170,13,157
10/9/19 9:00,63,9,54
10/9/19 10:00,18,5,13
10/9/19 11:00,20,7,13
10/9/19 12:00,28,17,11
10/9/19 13:00,34,18,16
10/9/19 14:00,38,20,18
10/9/19 15:00,62,46,16
10/9/19 16:00,111,92,19
10/9/19 17:00,221,187,34
10/9/19 18:00,113,98,15
10/9/19 19:00,40,34,6
10/9/19 20:00,29,20,9
10/9/19 21:00,13,11,2
10/9/19 22:00,6,3,3
10/9/19 23:00,2,2,0
10/10/19 0:00,3,3,0
10/10/19 1:00,1,1,0
10/10/19 2:00,1,1,0
10/10/19 3:00,2,1,1
10/10/19 4:00,2,1,1
10/10/19 5:00,28,6,22
10/10/19 6:00,66,14,52
10/10/19 7:00,122,11,111
10/10/19 8:00,137,7,130
10/10/19 9:00,61,8,53
10/10/19 10:00,38,9,29
10/10/19 11:00,16,3,13
10/10/19 12:00,21,7,14
10/10/19 13:00,38,18,20
10/10/19 14:00,26,14,12
10/10/19 15:00,65,48,17
10/10/19 16:00,126,105,21
10/10/19 17:00,167,150,17
10/10/19 18:00,95,86,9
10/10/19 19:00,40,30,10
10/10/19 20:00,18,13,5
10/10/19 21:00,9,7,2
10/10/19 22:00,3,3,0
10/10/19 23:00,4,3,1
10/11/19 0:00,6,4,2
10/11/19 1:00,0,0,0
10/11/19 2:00,3,2,1
10/11/19 3:00,2,1,1
10/11/19 4:00,5,0,5
10/11/19 5:00,13,3,10
10/11/19 6:00,47,8,39
10/11/19 7:00,103,5,98
10/11/19 8:00,121,11,110
10/11/19 9:00,46,9,37
10/11/19 10:00,26,11,15
10/11/19 11:00,14,5,9
10/11/19 12:00,31,19,12
10/11/19 13:00,36,9,27
10/11/19 14:00,37,26,11
10/11/19 15:00,56,41,15
10/11/19 16:00,104,89,15
10/11/19 17:00,146,129,17
10/11/19 18:00,76,56,20
10/11/19 19:00,33,26,7
10/11/19 20:00,15,15,0
10/11/19 21:00,4,3,1
10/11/19 22:00,4,2,2
10/11/19 23:00,4,1,3
10/12/19 0:00,0,0,0
10/12/19 1:00,4,2,2
10/12/19 2:00,4,3,1
10/12/19 3:00,6,3,3
10/12/19 4:00,2,2,0
10/12/19 5:00,2,0,2
10/12/19 6:00,7,3,4
10/12/19 7:00,5,1,4
10/12/19 8:00,25,5,20
10/12/19 9:00,29,14,15
10/12/19 10:00,50,35,15
10/12/19 11:00,52,31,21
10/12/19 12:00,70,17,53
10/12/19 13:00,39,16,23
10/12/19 14:00,30,16,14
10/12/19 15:00,55,37,18
10/12/19 16:00,39,19,20
10/12/19 17:00,34,21,13
10/12/19 18:00,18,6,12
10/12/19 19:00,5,4,1
10/12/19 20:00,3,0,3
10/12/19 21:00,8,3,5
10/12/19 22:00,6,3,3
10/12/19 23:00,3,3,0
10/13/19 0:00,2,1,1
10/13/19 1:00,2,1,1
10/13/19 2:00,2,1,1
10/13/19 3:00,1,0,1
10/13/19 4:00,1,1,0
10/13/19 5:00,3,1,2
10/13/19 6:00,0,0,0
10/13/19 7:00,6,2,4
10/13/19 8:00,15,6,9
10/13/19 9:00,18,7,11
10/13/19 10:00,16,8,8
10/13/19 11:00,33,17,16
10/13/19 12:00,43,17,26
10/13/19 13:00,28,8,20
10/13/19 14:00,42,17,25
10/13/19 15:00,40,21,19
10/13/19 16:00,38,16,22
10/13/19 17:00,15,8,7
10/13/19 18:00,18,9,9
10/13/19 19:00,9,7,2
10/13/19 20:00,5,5,0
10/13/19 21:00,3,1,2
10/13/19 22:00,4,4,0
10/13/19 23:00,1,0,1
10/14/19 0:00,1,1,0
10/14/19 1:00,2,2,0
10/14/19 2:00,3,0,3
10/14/19 3:00,4,2,2
10/14/19 4:00,2,0,2
10/14/19 5:00,20,3,17
10/14/19 6:00,69,7,62
10/14/19 7:00,156,5,151
10/14/19 8:00,170,7,163
10/14/19 9:00,60,7,53
10/14/19 10:00,32,7,25
10/14/19 11:00,20,12,8
10/14/19 12:00,23,10,13
10/14/19 13:00,34,13,21
10/14/19 14:00,44,26,18
10/14/19 15:00,62,43,19
10/14/19 16:00,165,132,33
10/14/19 17:00,204,190,14
10/14/19 18:00,98,92,6
10/14/19 19:00,40,33,7
10/14/19 20:00,18,11,7
10/14/19 21:00,12,9,3
10/14/19 22:00,8,2,6
10/14/19 23:00,5,2,3
10/15/19 0:00,1,1,0
10/15/19 1:00,0,0,0
10/15/19 2:00,3,2,1
10/15/19 3:00,3,1,2
10/15/19 4:00,6,3,3
10/15/19 5:00,32,5,27
10/15/19 6:00,78,13,65
10/15/19 7:00,151,27,124
10/15/19 8:00,156,14,142
10/15/19 9:00,70,8,62
10/15/19 10:00,36,5,31
10/15/19 11:00,26,15,11
10/15/19 12:00,25,10,15
10/15/19 13:00,34,17,17
10/15/19 14:00,27,14,13
10/15/19 15:00,52,33,19
10/15/19 16:00,133,115,18
10/15/19 17:00,217,204,13
10/15/19 18:00,108,90,18
10/15/19 19:00,29,24,5
10/15/19 20:00,13,11,2
10/15/19 21:00,11,7,4
10/15/19 22:00,7,5,2
10/15/19 23:00,9,7,2
10/16/19 0:00,5,2,3
10/16/19 1:00,1,1,0
10/16/19 2:00,2,0,2
10/16/19 3:00,1,1,0
10/16/19 4:00,1,0,1
10/16/19 5:00,21,4,17
10/16/19 6:00,54,7,47
10/16/19 7:00,77,11,66
10/16/19 8:00,116,7,109
10/16/19 9:00,32,4,28
10/16/19 10:00,16,9,7
10/16/19 11:00,14,0,14
10/16/19 12:00,10,5,5
10/16/19 13:00,10,6,4
10/16/19 14:00,11,5,6
10/16/19 15:00,34,28,6
10/16/19 16:00,76,61,15
10/16/19 17:00,138,118,20
10/16/19 18:00,63,55,8
10/16/19 19:00,11,10,1
10/16/19 20:00,9,7,2
10/16/19 21:00,6,3,3
10/16/19 22:00,5,4,1
10/16/19 23:00,2,2,0
10/17/19 0:00,1,1,0
10/17/19 1:00,0,0,0
10/17/19 2:00,4,1,3
10/17/19 3:00,2,0,2
10/17/19 4:00,7,1,6
10/17/19 5:00,22,5,17
10/17/19 6:00,49,7,42
10/17/19 7:00,92,6,86
10/17/19 8:00,98,5,93
10/17/19 9:00,38,5,33
10/17/19 10:00,15,3,12
10/17/19 11:00,10,2,8
10/17/19 12:00,14,5,9
10/17/19 13:00,12,6,6
10/17/19 14:00,13,8,5
10/17/19 15:00,36,26,10
10/17/19 16:00,70,57,13
10/17/19 17:00,122,109,13
10/17/19 18:00,52,45,7
10/17/19 19:00,31,28,3
10/17/19 20:00,10,9,1
10/17/19 21:00,10,8,2
10/17/19 22:00,4,3,1
10/17/19 23:00,3,1,2
10/18/19 0:00,2,2,0
10/18/19 1:00,3,2,1
10/18/19 2:00,1,1,0
10/18/19 3:00,5,2,3
10/18/19 4:00,3,1,2
10/18/19 5:00,17,7,10
10/18/19 6:00,42,6,36
10/18/19 7:00,86,11,75
10/18/19 8:00,95,11,84
10/18/19 9:00,45,7,38
10/18/19 10:00,19,4,15
10/18/19 11:00,14,3,11
10/18/19 12:00,8,5,3
10/18/19 13:00,15,8,7
10/18/19 14:00,17,14,3
10/18/19 15:00,42,34,8
10/18/19 16:00,78,62,16
10/18/19 17:00,80,74,6
10/18/19 18:00,44,40,4
10/18/19 19:00,21,15,6
10/18/19 20:00,1,1,0
10/18/19 21:00,5,4,1
10/18/19 22:00,3,3,0
10/18/19 23:00,4,2,2
10/19/19 0:00,3,2,1
10/19/19 1:00,1,1,0
10/19/19 2:00,1,0,1
10/19/19 3:00,0,0,0
10/19/19 4:00,0,0,0
10/19/19 5:00,0,0,0
10/19/19 6:00,6,1,5
10/19/19 7:00,3,1,2
10/19/19 8:00,6,3,3
10/19/19 9:00,4,2,2
10/19/19 10:00,14,7,7
10/19/19 11:00,12,2,10
10/19/19 12:00,10,3,7
10/19/19 13:00,10,3,7
10/19/19 14:00,6,3,3
10/19/19 15:00,23,10,13
10/19/19 16:00,28,13,15
10/19/19 17:00,27,20,7
10/19/19 18:00,17,6,11
10/19/19 19:00,7,5,2
10/19/19 20:00,4,3,1
10/19/19 21:00,5,2,3
10/19/19 22:00,3,1,2
10/19/19 23:00,6,5,1
10/20/19 0:00,4,2,2
10/20/19 1:00,0,0,0
10/20/19 2:00,1,1,0
10/20/19 3:00,0,0,0
10/20/19 4:00,0,0,0
10/20/19 5:00,3,1,2
10/20/19 6:00,3,1,2
10/20/19 7:00,4,1,3
10/20/19 8:00,11,6,5
10/20/19 9:00,5,2,3
10/20/19 10:00,14,9,5
10/20/19 11:00,16,7,9
10/20/19 12:00,24,12,12
10/20/19 13:00,18,11,7
10/20/19 14:00,11,4,7
10/20/19 15:00,7,4,3
10/20/19 16:00,20,10,10
10/20/19 17:00,22,17,5
10/20/19 18:00,8,4,4
10/20/19 19:00,3,1,2
10/20/19 20:00,4,4,0
10/20/19 21:00,8,7,1
10/20/19 22:00,3,2,1
10/20/19 23:00,0,0,0
10/21/19 0:00,0,0,0
10/21/19 1:00,3,1,2
10/21/19 2:00,0,0,0
10/21/19 3:00,0,0,0
10/21/19 4:00,3,1,2
10/21/19 5:00,23,3,20
10/21/19 6:00,52,7,45
10/21/19 7:00,103,9,94
10/21/19 8:00,126,11,115
10/21/19 9:00,39,2,37
10/21/19 10:00,17,2,15
10/21/19 11:00,14,7,7
10/21/19 12:00,12,5,7
10/21/19 13:00,11,5,6
10/21/19 14:00,27,15,12
10/21/19 15:00,28,21,7
10/21/19 16:00,68,57,11
10/21/19 17:00,129,117,12
10/21/19 18:00,70,67,3
10/21/19 19:00,21,16,5
10/21/19 20:00,5,5,0
10/21/19 21:00,6,3,3
10/21/19 22:00,3,2,1
10/21/19 23:00,2,1,1
10/22/19 0:00,2,1,1
10/22/19 1:00,1,1,0
10/22/19 2:00,3,2,1
10/22/19 3:00,1,0,1
10/22/19 4:00,3,0,3
10/22/19 5:00,18,5,13
10/22/19 6:00,62,4,58
10/22/19 7:00,96,9,87
10/22/19 8:00,137,8,129
10/22/19 9:00,45,5,40
10/22/19 10:00,27,7,20
10/22/19 11:00,17,7,10
10/22/19 12:00,11,5,6
10/22/19 13:00,19,5,14
10/22/19 14:00,16,10,6
10/22/19 15:00,37,31,6
10/22/19 16:00,87,71,16
10/22/19 17:00,150,135,15
10/22/19 18:00,93,81,12
10/22/19 19:00,30,24,6
10/22/19 20:00,15,10,5
10/22/19 21:00,9,4,5
10/22/19 22:00,8,7,1
10/22/19 23:00,2,2,0
10/23/19 0:00,0,0,0
10/23/19 1:00,1,1,0
10/23/19 2:00,5,3,2
10/23/19 3:00,0,0,0
10/23/19 4:00,3,0,3
10/23/19 5:00,21,3,18
10/23/19 6:00,66,12,54
10/23/19 7:00,113,8,105
10/23/19 8:00,163,13,150
10/23/19 9:00,72,8,64
10/23/19 10:00,28,6,22
10/23/19 11:00,31,10,21
10/23/19 12:00,34,10,24
10/23/19 13:00,42,21,21
10/23/19 14:00,36,17,19
10/23/19 15:00,63,46,17
10/23/19 16:00,106,81,25
10/23/19 17:00,172,150,22
10/23/19 18:00,110,87,23
10/23/19 19:00,45,42,3
10/23/19 20:00,20,18,2
10/23/19 21:00,18,14,4
10/23/19 22:00,12,4,8
10/23/19 23:00,5,4,1
10/24/19 0:00,0,0,0
10/24/19 1:00,0,0,0
10/24/19 2:00,7,3,4
10/24/19 3:00,1,0,1
10/24/19 4:00,3,1,2
10/24/19 5:00,29,4,25
10/24/19 6:00,69,7,62
10/24/19 7:00,128,13,115
10/24/19 8:00,168,8,160
10/24/19 9:00,63,3,60
10/24/19 10:00,38,11,27
10/24/19 11:00,28,10,18
10/24/19 12:00,27,8,19
10/24/19 13:00,35,19,16
10/24/19 14:00,41,19,22
10/24/19 15:00,52,36,16
10/24/19 16:00,136,111,25
10/24/19 17:00,193,177,16
10/24/19 18:00,96,81,15
10/24/19 19:00,41,32,9
10/24/19 20:00,26,20,6
10/24/19 21:00,10,7,3
10/24/19 22:00,6,6,0
10/24/19 23:00,2,1,1
10/25/19 0:00,3,1,2
10/25/19 1:00,1,0,1
10/25/19 2:00,1,1,0
10/25/19 3:00,1,1,0
10/25/19 4:00,4,1,3
10/25/19 5:00,21,6,15
10/25/19 6:00,50,9,41
10/25/19 7:00,97,10,87
10/25/19 8:00,115,8,107
10/25/19 9:00,69,11,58
10/25/19 10:00,11,3,8
10/25/19 11:00,16,2,14
10/25/19 12:00,7,5,2
10/25/19 13:00,16,11,5
10/25/19 14:00,17,10,7
10/25/19 15:00,25,21,4
10/25/19 16:00,84,72,12
10/25/19 17:00,112,103,9
10/25/19 18:00,59,52,7
10/25/19 19:00,23,15,8
10/25/19 20:00,13,9,4
10/25/19 21:00,5,4,1
10/25/19 22:00,8,6,2
10/25/19 23:00,7,3,4
10/26/19 0:00,2,1,1
10/26/19 1:00,1,1,0
10/26/19 2:00,3,1,2
10/26/19 3:00,1,0,1
10/26/19 4:00,1,0,1
10/26/19 5:00,1,0,1
10/26/19 6:00,6,2,4
10/26/19 7:00,9,4,5
10/26/19 8:00,19,4,15
10/26/19 9:00,20,6,14
10/26/19 10:00,25,10,15
10/26/19 11:00,50,19,31
10/26/19 12:00,36,22,14
10/26/19 13:00,35,19,16
10/26/19 14:00,37,18,19
10/26/19 15:00,35,18,17
10/26/19 16:00,33,16,17
10/26/19 17:00,33,14,19
10/26/19 18:00,18,10,8
10/26/19 19:00,8,6,2
10/26/19 20:00,3,3,0
10/26/19 21:00,5,3,2
10/26/19 22:00,7,1,6
10/26/19 23:00,2,1,1
10/27/19 0:00,3,3,0
10/27/19 1:00,4,2,2
10/27/19 2:00,0,0,0
10/27/19 3:00,1,1,0
10/27/19 4:00,2,2,0
10/27/19 5:00,3,1,2
10/27/19 6:00,3,2,1
10/27/19 7:00,8,4,4
10/27/19 8:00,23,11,12
10/27/19 9:00,18,7,11
10/27/19 10:00,16,11,5
10/27/19 11:00,37,18,19
10/27/19 12:00,43,17,26
10/27/19 13:00,52,24,28
10/27/19 14:00,53,29,24
10/27/19 15:00,56,22,34
10/27/19 16:00,35,20,15
10/27/19 17:00,25,15,10
10/27/19 18:00,10,6,4
10/27/19 19:00,7,4,3
10/27/19 20:00,13,8,5
10/27/19 21:00,3,2,1
10/27/19 22:00,2,2,0
10/27/19 23:00,3,1,2
10/28/19 0:00,1,1,0
10/28/19 1:00,1,0,1
10/28/19 2:00,3,2,1
10/28/19 3:00,2,0,2
10/28/19 4:00,2,1,1
10/28/19 5:00,18,3,15
10/28/19 6:00,61,11,50
10/28/19 7:00,114,8,106
10/28/19 8:00,165,8,157
10/28/19 9:00,67,7,60
10/28/19 10:00,31,5,26
10/28/19 11:00,21,10,11
10/28/19 12:00,19,8,11
10/28/19 13:00,29,15,14
10/28/19 14:00,41,22,19
10/28/19 15:00,45,31,14
10/28/19 16:00,117,96,21
10/28/19 17:00,198,180,18
10/28/19 18:00,89,76,13
10/28/19 19:00,21,15,6
10/28/19 20:00,13,12,1
10/28/19 21:00,6,4,2
10/28/19 22:00,7,5,2
10/28/19 23:00,5,3,2
10/29/19 0:00,1,1,0
10/29/19 1:00,0,0,0
10/29/19 2:00,2,0,2
10/29/19 3:00,1,0,1
10/29/19 4:00,3,1,2
10/29/19 5:00,27,7,20
10/29/19 6:00,68,9,59
10/29/19 7:00,131,10,121
10/29/19 8:00,166,6,160
10/29/19 9:00,58,4,54
10/29/19 10:00,33,11,22
10/29/19 11:00,21,13,8
10/29/19 12:00,28,9,19
10/29/19 13:00,25,11,14
10/29/19 14:00,25,18,7
10/29/19 15:00,39,26,13
10/29/19 16:00,127,107,20
10/29/19 17:00,191,176,15
10/29/19 18:00,102,90,12
10/29/19 19:00,29,25,4
10/29/19 20:00,13,10,3
10/29/19 21:00,17,11,6
10/29/19 22:00,6,4,2
10/29/19 23:00,6,6,0
10/30/19 0:00,0,0,0
10/30/19 1:00,2,0,2
10/30/19 2:00,3,1,2
10/30/19 3:00,3,1,2
10/30/19 4:00,3,2,1
10/30/19 5:00,25,4,21
10/30/19 6:00,57,5,52
10/30/19 7:00,113,10,103
10/30/19 8:00,138,8,130
10/30/19 9:00,63,5,58
10/30/19 10:00,29,6,23
10/30/19 11:00,32,11,21
10/30/19 12:00,28,11,17
10/30/19 13:00,26,13,13
10/30/19 14:00,39,18,21
10/30/19 15:00,44,35,9
10/30/19 16:00,111,90,21
10/30/19 17:00,166,149,17
10/30/19 18:00,97,83,14
10/30/19 19:00,28,25,3
10/30/19 20:00,10,10,0
10/30/19 21:00,5,5,0
10/30/19 22:00,4,2,2
10/30/19 23:00,4,3,1
10/31/19 0:00,2,0,2
10/31/19 1:00,4,3,1
10/31/19 2:00,1,0,1
10/31/19 3:00,3,2,1
10/31/19 4:00,6,2,4
10/31/19 5:00,23,7,16
10/31/19 6:00,45,9,36
10/31/19 7:00,119,14,105
10/31/19 8:00,152,5,147
10/31/19 9:00,64,3,61
10/31/19 10:00,21,3,18
10/31/19 11:00,20,9,11
10/31/19 12:00,22,9,13
10/31/19 13:00,26,12,14
10/31/19 14:00,28,20,8
10/31/19 15:00,79,59,20
10/31/19 16:00,148,124,24
10/31/19 17:00,164,144,20
10/31/19 18:00,61,55,6
10/31/19 19:00,26,20,6
10/31/19 20:00,9,7,2
10/31/19 21:00,5,3,2
10/31/19 22:00,4,3,1
10/31/19 23:00,5,3,2
11/1/19 0:00,2,0,2
11/1/19 1:00,1,0,1
11/1/19 2:00,1,0,1
11/1/19 3:00,3,1,2
11/1/19 4:00,3,2,1
11/1/19 5:00,14,4,10
11/1/19 6:00,44,2,42
11/1/19 7:00,118,10,108
11/1/19 8:00,127,7,120
11/1/19 9:00,42,5,37
11/1/19 10:00,21,6,15
11/1/19 11:00,17,4,13
11/1/19 12:00,21,10,11
11/1/19 13:00,26,11,15
11/1/19 14:00,31,20,11
11/1/19 15:00,63,44,19
11/1/19 16:00,80,72,8
11/1/19 17:00,156,135,21
11/1/19 18:00,70,60,10
11/1/19 19:00,31,24,7
11/1/19 20:00,8,6,2
11/1/19 21:00,7,5,2
11/1/19 22:00,5,3,2
11/1/19 23:00,2,2,0
11/2/19 0:00,3,1,2
11/2/19 1:00,2,2,0
11/2/19 2:00,2,1,1
11/2/19 3:00,1,0,1
11/2/19 4:00,0,0,0
11/2/19 5:00,2,2,0
11/2/19 6:00,7,3,4
11/2/19 7:00,3,0,3
11/2/19 8:00,31,5,26
11/2/19 9:00,34,18,16
11/2/19 10:00,64,42,22
11/2/19 11:00,52,17,35
11/2/19 12:00,58,32,26
11/2/19 13:00,53,28,25
11/2/19 14:00,49,32,17
11/2/19 15:00,63,32,31
11/2/19 16:00,34,18,16
11/2/19 17:00,35,13,22
11/2/19 18:00,31,20,11
11/2/19 19:00,7,6,1
11/2/19 20:00,10,6,4
11/2/19 21:00,5,1,4
11/2/19 22:00,2,1,1
11/2/19 23:00,1,0,1
11/3/19 0:00,4,2,2
11/3/19 1:00,3,3,0
11/3/19 2:00,0,0,0
11/3/19 3:00,3,0,3
11/3/19 4:00,0,0,0
11/3/19 5:00,2,1,1
11/3/19 6:00,6,1,5
11/3/19 7:00,6,3,3
11/3/19 8:00,30,9,21
11/3/19 9:00,35,14,21
11/3/19 10:00,45,23,22
11/3/19 11:00,66,32,34
11/3/19 12:00,67,28,39
11/3/19 13:00,57,33,24
11/3/19 14:00,40,23,17
11/3/19 15:00,33,13,20
11/3/19 16:00,27,17,10
11/3/19 17:00,40,34,6
11/3/19 18:00,10,8,2
11/3/19 19:00,5,3,2
11/3/19 20:00,2,1,1
11/3/19 21:00,4,3,1
11/3/19 22:00,3,2,1
11/3/19 23:00,2,2,0
11/4/19 0:00,1,1,0
11/4/19 1:00,2,1,1
11/4/19 2:00,2,1,1
11/4/19 3:00,1,0,1
11/4/19 4:00,0,0,0
11/4/19 5:00,26,6,20
11/4/19 6:00,83,16,67
11/4/19 7:00,153,13,140
11/4/19 8:00,174,14,160
11/4/19 9:00,49,7,42
11/4/19 10:00,19,5,14
11/4/19 11:00,22,7,15
11/4/19 12:00,19,7,12
11/4/19 13:00,23,10,13
11/4/19 14:00,33,19,14
11/4/19 15:00,56,44,12
11/4/19 16:00,117,96,21
11/4/19 17:00,201,175,26
11/4/19 18:00,82,70,12
11/4/19 19:00,43,33,10
11/4/19 20:00,15,11,4
11/4/19 21:00,13,7,6
11/4/19 22:00,2,1,1
11/4/19 23:00,1,1,0
11/5/19 0:00,2,0,2
11/5/19 1:00,0,0,0
11/5/19 2:00,1,1,0
11/5/19 3:00,3,0,3
11/5/19 4:00,5,2,3
11/5/19 5:00,30,7,23
11/5/19 6:00,80,15,65
11/5/19 7:00,153,12,141
11/5/19 8:00,165,4,161
11/5/19 9:00,46,5,41
11/5/19 10:00,22,6,16
11/5/19 11:00,18,7,11
11/5/19 12:00,19,11,8
11/5/19 13:00,36,15,21
11/5/19 14:00,32,23,9
11/5/19 15:00,55,44,11
11/5/19 16:00,120,98,22
11/5/19 17:00,214,197,17
11/5/19 18:00,83,72,11
11/5/19 19:00,31,26,5
11/5/19 20:00,13,7,6
11/5/19 21:00,10,8,2
11/5/19 22:00,9,7,2
11/5/19 23:00,0,0,0
11/6/19 0:00,1,1,0
11/6/19 1:00,0,0,0
11/6/19 2:00,3,2,1
11/6/19 3:00,0,0,0
11/6/19 4:00,2,0,2
11/6/19 5:00,28,7,21
11/6/19 6:00,76,7,69
11/6/19 7:00,157,13,144
11/6/19 8:00,156,13,143
11/6/19 9:00,61,6,55
11/6/19 10:00,29,6,23
11/6/19 11:00,25,9,16
11/6/19 12:00,24,16,8
11/6/19 13:00,33,16,17
11/6/19 14:00,38,17,21
11/6/19 15:00,59,48,11
11/6/19 16:00,147,123,24
11/6/19 17:00,164,145,19
11/6/19 18:00,96,87,9
11/6/19 19:00,35,28,7
11/6/19 20:00,21,19,2
11/6/19 21:00,8,6,2
11/6/19 22:00,8,3,5
11/6/19 23:00,5,3,2
11/7/19 0:00,3,3,0
11/7/19 1:00,2,2,0
11/7/19 2:00,2,2,0
11/7/19 3:00,4,1,3
11/7/19 4:00,3,0,3
11/7/19 5:00,33,7,26
11/7/19 6:00,72,9,63
11/7/19 7:00,134,15,119
11/7/19 8:00,144,14,130
11/7/19 9:00,52,7,45
11/7/19 10:00,21,6,15
11/7/19 11:00,22,11,11
11/7/19 12:00,19,7,12
11/7/19 13:00,20,11,9
11/7/19 14:00,21,10,11
11/7/19 15:00,52,40,12
11/7/19 16:00,116,103,13
11/7/19 17:00,178,152,26
11/7/19 18:00,76,66,10
11/7/19 19:00,21,20,1
11/7/19 20:00,15,13,2
11/7/19 21:00,13,10,3
11/7/19 22:00,4,3,1
11/7/19 23:00,4,3,1
11/8/19 0:00,3,3,0
11/8/19 1:00,2,1,1
11/8/19 2:00,5,3,2
11/8/19 3:00,1,0,1
11/8/19 4:00,3,2,1
11/8/19 5:00,17,3,14
11/8/19 6:00,49,6,43
11/8/19 7:00,99,9,90
11/8/19 8:00,115,13,102
11/8/19 9:00,42,10,32
11/8/19 10:00,24,9,15
11/8/19 11:00,27,9,18
11/8/19 12:00,23,8,15
11/8/19 13:00,31,19,12
11/8/19 14:00,34,25,9
11/8/19 15:00,52,41,11
11/8/19 16:00,93,74,19
11/8/19 17:00,112,100,12
11/8/19 18:00,59,54,5
11/8/19 19:00,23,18,5
11/8/19 20:00,15,14,1
11/8/19 21:00,7,5,2
11/8/19 22:00,3,3,0
11/8/19 23:00,5,4,1
11/9/19 0:00,3,3,0
11/9/19 1:00,1,1,0
11/9/19 2:00,3,1,2
11/9/19 3:00,0,0,0
11/9/19 4:00,1,0,1
11/9/19 5:00,3,1,2
11/9/19 6:00,5,2,3
11/9/19 7:00,7,3,4
11/9/19 8:00,12,1,11
11/9/19 9:00,12,8,4
11/9/19 10:00,26,11,15
11/9/19 11:00,19,11,8
11/9/19 12:00,8,5,3
11/9/19 13:00,13,9,4
11/9/19 14:00,13,7,6
11/9/19 15:00,14,3,11
11/9/19 16:00,17,7,10
11/9/19 17:00,14,10,4
11/9/19 18:00,4,3,1
11/9/19 19:00,4,3,1
11/9/19 20:00,1,0,1
11/9/19 21:00,4,0,4
11/9/19 22:00,0,0,0
11/9/19 23:00,1,1,0
11/10/19 0:00,2,2,0
11/10/19 1:00,0,0,0
11/10/19 2:00,0,0,0
11/10/19 3:00,1,0,1
11/10/19 4:00,1,1,0
11/10/19 5:00,2,0,2
11/10/19 6:00,4,4,0
11/10/19 7:00,6,1,5
11/10/19 8:00,21,7,14
11/10/19 9:00,31,9,22
11/10/19 10:00,23,7,16
11/10/19 11:00,28,11,17
11/10/19 12:00,22,9,13
11/10/19 13:00,24,11,13
11/10/19 14:00,36,23,13
11/10/19 15:00,43,25,18
11/10/19 16:00,13,9,4
11/10/19 17:00,13,10,3
11/10/19 18:00,16,11,5
11/10/19 19:00,5,0,5
11/10/19 20:00,5,2,3
11/10/19 21:00,1,1,0
11/10/19 22:00,5,3,2
11/10/19 23:00,1,1,0
11/11/19 0:00,1,1,0
11/11/19 1:00,1,1,0
11/11/19 2:00,0,0,0
11/11/19 3:00,1,0,1
11/11/19 4:00,4,0,4
11/11/19 5:00,12,2,10
11/11/19 6:00,48,8,40
11/11/19 7:00,102,9,93
11/11/19 8:00,129,7,122
11/11/19 9:00,46,7,39
11/11/19 10:00,20,5,15
11/11/19 11:00,25,10,15
11/11/19 12:00,30,13,17
11/11/19 13:00,28,18,10
11/11/19 14:00,49,31,18
11/11/19 15:00,66,41,25
11/11/19 16:00,90,72,18
11/11/19 17:00,128,114,14
11/11/19 18:00,56,53,3
11/11/19 19:00,17,14,3
11/11/19 20:00,14,13,1
11/11/19 21:00,13,8,5
11/11/19 22:00,6,4,2
11/11/19 23:00,3,3,0
11/12/19 0:00,2,0,2
11/12/19 1:00,1,1,0
11/12/19 2:00,0,0,0
11/12/19 3:00,1,1,0
11/12/19 4:00,3,2,1
11/12/19 5:00,27,6,21
11/12/19 6:00,58,8,50
11/12/19 7:00,101,12,89
11/12/19 8:00,111,8,103
11/12/19 9:00,40,7,33
11/12/19 10:00,15,1,14
11/12/19 11:00,14,5,9
11/12/19 12:00,12,4,8
11/12/19 13:00,14,9,5
11/12/19 14:00,13,8,5
11/12/19 15:00,40,31,9
11/12/19 16:00,75,61,14
11/12/19 17:00,148,132,16
11/12/19 18:00,60,50,10
11/12/19 19:00,31,26,5
11/12/19 20:00,22,19,3
11/12/19 21:00,7,4,3
11/12/19 22:00,8,7,1
11/12/19 23:00,2,1,1
11/13/19 0:00,3,1,2
11/13/19 1:00,0,0,0
11/13/19 2:00,2,1,1
11/13/19 3:00,2,0,2
11/13/19 4:00,1,0,1
11/13/19 5:00,35,6,29
11/13/19 6:00,85,18,67
11/13/19 7:00,151,13,138
11/13/19 8:00,149,12,137
11/13/19 9:00,65,6,59
11/13/19 10:00,20,5,15
11/13/19 11:00,27,10,17
11/13/19 12:00,26,5,21
11/13/19 13:00,32,19,13
11/13/19 14:00,29,17,12
11/13/19 15:00,56,46,10
11/13/19 16:00,116,97,19
11/13/19 17:00,173,152,21
11/13/19 18:00,89,75,14
11/13/19 19:00,46,36,10
11/13/19 20:00,29,18,11
11/13/19 21:00,11,6,5
11/13/19 22:00,4,4,0
11/13/19 23:00,3,2,1
11/14/19 0:00,0,0,0
11/14/19 1:00,0,0,0
11/14/19 2:00,3,1,2
11/14/19 3:00,2,1,1
11/14/19 4:00,3,1,2
11/14/19 5:00,25,5,20
11/14/19 6:00,75,13,62
11/14/19 7:00,126,11,115
11/14/19 8:00,144,3,141
11/14/19 9:00,47,5,42
11/14/19 10:00,24,7,17
11/14/19 11:00,25,7,18
11/14/19 12:00,25,14,11
11/14/19 13:00,13,5,8
11/14/19 14:00,21,10,11
11/14/19 15:00,57,50,7
11/14/19 16:00,105,90,15
11/14/19 17:00,149,137,12
11/14/19 18:00,86,76,10
11/14/19 19:00,52,48,4
11/14/19 20:00,16,10,6
11/14/19 21:00,12,6,6
11/14/19 22:00,16,7,9
11/14/19 23:00,8,5,3
11/15/19 0:00,4,2,2
11/15/19 1:00,8,1,7
11/15/19 2:00,0,0,0
11/15/19 3:00,2,0,2
11/15/19 4:00,5,2,3
11/15/19 5:00,17,6,11
11/15/19 6:00,40,2,38
11/15/19 7:00,84,8,76
11/15/19 8:00,105,9,96
11/15/19 9:00,54,8,46
11/15/19 10:00,22,5,17
11/15/19 11:00,14,5,9
11/15/19 12:00,12,6,6
11/15/19 13:00,18,12,6
11/15/19 14:00,18,12,6
11/15/19 15:00,50,44,6
11/15/19 16:00,77,66,11
11/15/19 17:00,110,95,15
11/15/19 18:00,56,48,8
11/15/19 19:00,20,16,4
11/15/19 20:00,12,9,3
11/15/19 21:00,7,6,1
11/15/19 22:00,8,6,2
11/15/19 23:00,2,1,1
11/16/19 0:00,3,2,1
11/16/19 1:00,0,0,0
11/16/19 2:00,2,2,0
11/16/19 3:00,1,0,1
11/16/19 4:00,1,0,1
11/16/19 5:00,0,0,0
11/16/19 6:00,9,0,9
11/16/19 7:00,7,2,5
11/16/19 8:00,17,3,14
11/16/19 9:00,21,9,12
11/16/19 10:00,24,7,17
11/16/19 11:00,26,11,15
11/16/19 12:00,42,20,22
11/16/19 13:00,30,14,16
11/16/19 14:00,24,14,10
11/16/19 15:00,28,18,10
11/16/19 16:00,10,9,1
11/16/19 17:00,15,9,6
11/16/19 18:00,10,5,5
11/16/19 19:00,6,4,2
11/16/19 20:00,5,1,4
11/16/19 21:00,3,2,1
11/16/19 22:00,1,0,1
11/16/19 23:00,2,1,1
11/17/19 0:00,3,2,1
11/17/19 1:00,1,1,0
11/17/19 2:00,0,0,0
11/17/19 3:00,1,0,1
11/17/19 4:00,4,3,1
11/17/19 5:00,5,0,5
11/17/19 6:00,9,2,7
11/17/19 7:00,7,1,6
11/17/19 8:00,3,1,2
11/17/19 9:00,5,2,3
11/17/19 10:00,11,4,7
11/17/19 11:00,23,11,12
11/17/19 12:00,31,11,20
11/17/19 13:00,21,9,12
11/17/19 14:00,23,7,16
11/17/19 15:00,13,9,4
11/17/19 16:00,17,11,6
11/17/19 17:00,8,4,4
11/17/19 18:00,3,2,1
11/17/19 19:00,3,2,1
11/17/19 20:00,8,4,4
11/17/19 21:00,3,2,1
11/17/19 22:00,2,1,1
11/17/19 23:00,1,1,0
11/18/19 0:00,1,1,0
11/18/19 1:00,3,2,1
11/18/19 2:00,1,0,1
11/18/19 3:00,2,0,2
11/18/19 4:00,0,0,0
11/18/19 5:00,24,5,19
11/18/19 6:00,56,6,50
11/18/19 7:00,114,14,100
11/18/19 8:00,143,15,128
11/18/19 9:00,48,6,42
11/18/19 10:00,12,3,9
11/18/19 11:00,12,5,7
11/18/19 12:00,10,3,7
11/18/19 13:00,7,7,0
11/18/19 14:00,16,11,5
11/18/19 15:00,26,24,2
11/18/19 16:00,93,80,13
11/18/19 17:00,139,126,13
11/18/19 18:00,68,63,5
11/18/19 19:00,22,18,4
11/18/19 20:00,11,9,2
11/18/19 21:00,3,1,2
11/18/19 22:00,1,0,1
11/18/19 23:00,2,2,0
11/19/19 0:00,0,0,0
11/19/19 1:00,0,0,0
11/19/19 2:00,1,1,0
11/19/19 3:00,3,3,0
11/19/19 4:00,1,0,1
11/19/19 5:00,24,5,19
11/19/19 6:00,58,4,54
11/19/19 7:00,109,9,100
11/19/19 8:00,140,7,133
11/19/19 9:00,56,7,49
11/19/19 10:00,9,3,6
11/19/19 11:00,9,4,5
11/19/19 12:00,11,4,7
11/19/19 13:00,17,8,9
11/19/19 14:00,20,8,12
11/19/19 15:00,42,30,12
11/19/19 16:00,82,64,18
11/19/19 17:00,178,166,12
11/19/19 18:00,84,67,17
11/19/19 19:00,29,29,0
11/19/19 20:00,12,9,3
11/19/19 21:00,11,10,1
11/19/19 22:00,5,5,0
11/19/19 23:00,4,3,1
11/20/19 0:00,2,0,2
11/20/19 1:00,2,1,1
11/20/19 2:00,2,1,1
11/20/19 3:00,0,0,0
11/20/19 4:00,3,1,2
11/20/19 5:00,32,6,26
11/20/19 6:00,79,9,70
11/20/19 7:00,110,8,102
11/20/19 8:00,186,13,173
11/20/19 9:00,54,11,43
11/20/19 10:00,27,7,20
11/20/19 11:00,22,8,14
11/20/19 12:00,22,11,11
11/20/19 13:00,30,13,17
11/20/19 14:00,29,15,14
11/20/19 15:00,48,37,11
11/20/19 16:00,111,86,25
11/20/19 17:00,183,163,20
11/20/19 18:00,95,85,10
11/20/19 19:00,28,26,2
11/20/19 20:00,24,22,2
11/20/19 21:00,9,8,1
11/20/19 22:00,4,3,1
11/20/19 23:00,3,2,1
11/21/19 0:00,1,0,1
11/21/19 1:00,0,0,0
11/21/19 2:00,3,1,2
11/21/19 3:00,0,0,0
11/21/19 4:00,1,1,0
11/21/19 5:00,22,5,17
11/21/19 6:00,60,8,52
11/21/19 7:00,104,18,86
11/21/19 8:00,157,8,149
11/21/19 9:00,72,6,66
11/21/19 10:00,28,5,23
11/21/19 11:00,26,8,18
11/21/19 12:00,17,11,6
11/21/19 13:00,30,10,20
11/21/19 14:00,37,24,13
11/21/19 15:00,56,44,12
11/21/19 16:00,99,78,21
11/21/19 17:00,150,139,11
11/21/19 18:00,93,82,11
11/21/19 19:00,33,29,4
11/21/19 20:00,12,10,2
11/21/19 21:00,3,3,0
11/21/19 22:00,5,5,0
11/21/19 23:00,4,4,0
11/22/19 0:00,3,3,0
11/22/19 1:00,1,0,1
11/22/19 2:00,1,1,0
11/22/19 3:00,2,1,1
11/22/19 4:00,4,1,3
11/22/19 5:00,17,3,14
11/22/19 6:00,37,6,31
11/22/19 7:00,98,14,84
11/22/19 8:00,123,7,116
11/22/19 9:00,48,5,43
11/22/19 10:00,26,10,16
11/22/19 11:00,28,11,17
11/22/19 12:00,19,7,12
11/22/19 13:00,20,9,11
11/22/19 14:00,19,15,4
11/22/19 15:00,63,37,26
11/22/19 16:00,96,79,17
11/22/19 17:00,112,103,9
11/22/19 18:00,63,57,6
11/22/19 19:00,17,17,0
11/22/19 20:00,9,7,2
11/22/19 21:00,12,7,5
11/22/19 22:00,3,1,2
11/22/19 23:00,1,1,0
11/23/19 0:00,1,1,0
11/23/19 1:00,1,0,1
11/23/19 2:00,2,1,1
11/23/19 3:00,1,0,1
11/23/19 4:00,0,0,0
11/23/19 5:00,3,1,2
11/23/19 6:00,4,0,4
11/23/19 7:00,9,4,5
11/23/19 8:00,18,3,15
11/23/19 9:00,40,14,26
11/23/19 10:00,28,7,21
11/23/19 11:00,46,21,25
11/23/19 12:00,25,11,14
11/23/19 13:00,31,14,17
11/23/19 14:00,42,24,18
11/23/19 15:00,25,17,8
11/23/19 16:00,25,18,7
11/23/19 17:00,12,10,2
11/23/19 18:00,15,7,8
11/23/19 19:00,5,2,3
11/23/19 20:00,3,2,1
11/23/19 21:00,2,1,1
11/23/19 22:00,5,0,5
11/23/19 23:00,3,2,1
11/24/19 0:00,3,3,0
11/24/19 1:00,1,1,0
11/24/19 2:00,2,1,1
11/24/19 3:00,1,0,1
11/24/19 4:00,0,0,0
11/24/19 5:00,3,1,2
11/24/19 6:00,2,1,1
11/24/19 7:00,5,0,5
11/24/19 8:00,7,2,5
11/24/19 9:00,17,6,11
11/24/19 10:00,27,11,16
11/24/19 11:00,36,22,14
11/24/19 12:00,23,7,16
11/24/19 13:00,30,18,12
11/24/19 14:00,42,25,17
11/24/19 15:00,34,21,13
11/24/19 16:00,20,9,11
11/24/19 17:00,7,5,2
11/24/19 18:00,9,8,1
11/24/19 19:00,2,1,1
11/24/19 20:00,2,2,0
11/24/19 21:00,3,1,2
11/24/19 22:00,5,4,1
11/24/19 23:00,1,1,0
11/25/19 0:00,1,1,0
11/25/19 1:00,3,2,1
11/25/19 2:00,0,0,0
11/25/19 3:00,0,0,0
11/25/19 4:00,1,0,1
11/25/19 5:00,18,5,13
11/25/19 6:00,55,6,49
11/25/19 7:00,98,11,87
11/25/19 8:00,105,4,101
11/25/19 9:00,44,6,38
11/25/19 10:00,17,5,12
11/25/19 11:00,14,2,12
11/25/19 12:00,12,6,6
11/25/19 13:00,7,2,5
11/25/19 14:00,15,7,8
11/25/19 15:00,47,34,13
11/25/19 16:00,68,57,11
11/25/19 17:00,117,106,11
11/25/19 18:00,60,52,8
11/25/19 19:00,20,18,2
11/25/19 20:00,3,2,1
11/25/19 21:00,6,5,1
11/25/19 22:00,0,0,0
11/25/19 23:00,1,1,0
11/26/19 0:00,1,0,1
11/26/19 1:00,0,0,0
11/26/19 2:00,2,2,0
11/26/19 3:00,1,0,1
11/26/19 4:00,2,2,0
11/26/19 5:00,20,4,16
11/26/19 6:00,56,6,50
11/26/19 7:00,93,11,82
11/26/19 8:00,130,8,122
11/26/19 9:00,59,3,56
11/26/19 10:00,17,4,13
11/26/19 11:00,16,9,7
11/26/19 12:00,12,4,8
11/26/19 13:00,23,9,14
11/26/19 14:00,21,12,9
11/26/19 15:00,47,35,12
11/26/19 16:00,90,72,18
11/26/19 17:00,135,127,8
11/26/19 18:00,70,58,12
11/26/19 19:00,18,17,1
11/26/19 20:00,11,8,3
11/26/19 21:00,6,3,3
11/26/19 22:00,2,1,1
11/26/19 23:00,0,0,0
11/27/19 0:00,0,0,0
11/27/19 1:00,0,0,0
11/27/19 2:00,4,2,2
11/27/19 3:00,0,0,0
11/27/19 4:00,2,1,1
11/27/19 5:00,17,5,12
11/27/19 6:00,33,3,30
11/27/19 7:00,59,7,52
11/27/19 8:00,80,3,77
11/27/19 9:00,44,4,40
11/27/19 10:00,34,10,24
11/27/19 11:00,20,12,8
11/27/19 12:00,26,16,10
11/27/19 13:00,49,30,19
11/27/19 14:00,47,35,12
11/27/19 15:00,64,49,15
11/27/19 16:00,61,54,7
11/27/19 17:00,67,57,10
11/27/19 18:00,37,28,9
11/27/19 19:00,11,10,1
11/27/19 20:00,3,1,2
11/27/19 21:00,6,3,3
11/27/19 22:00,5,3,2
11/27/19 23:00,1,0,1
11/28/19 0:00,1,1,0
11/28/19 1:00,1,0,1
11/28/19 2:00,2,1,1
11/28/19 3:00,1,1,0
11/28/19 4:00,0,0,0
11/28/19 5:00,5,3,2
11/28/19 6:00,5,1,4
11/28/19 7:00,4,2,2
11/28/19 8:00,10,4,6
11/28/19 9:00,13,5,8
11/28/19 10:00,14,7,7
11/28/19 11:00,26,17,9
11/28/19 12:00,18,5,13
11/28/19 13:00,22,6,16
11/28/19 14:00,21,14,7
11/28/19 15:00,14,7,7
11/28/19 16:00,12,6,6
11/28/19 17:00,5,3,2
11/28/19 18:00,1,1,0
11/28/19 19:00,4,1,3
11/28/19 20:00,2,0,2
11/28/19 21:00,2,0,2
11/28/19 22:00,1,1,0
11/28/19 23:00,0,0,0
11/29/19 0:00,0,0,0
11/29/19 1:00,1,1,0
11/29/19 2:00,0,0,0
11/29/19 3:00,1,0,1
11/29/19 4:00,0,0,0
11/29/19 5:00,2,0,2
11/29/19 6:00,11,1,10
11/29/19 7:00,5,1,4
11/29/19 8:00,9,0,9
11/29/19 9:00,14,3,11
11/29/19 10:00,9,4,5
11/29/19 11:00,20,7,13
11/29/19 12:00,28,14,14
11/29/19 13:00,23,10,13
11/29/19 14:00,20,12,8
11/29/19 15:00,21,18,3
11/29/19 16:00,23,17,6
11/29/19 17:00,15,12,3
11/29/19 18:00,7,2,5
11/29/19 19:00,2,0,2
11/29/19 20:00,2,2,0
11/29/19 21:00,1,0,1
11/29/19 22:00,4,3,1
11/29/19 23:00,0,0,0
11/30/19 0:00,0,0,0
11/30/19 1:00,1,0,1
11/30/19 2:00,1,1,0
11/30/19 3:00,1,1,0
11/30/19 4:00,2,1,1
11/30/19 5:00,2,1,1
11/30/19 6:00,5,0,5
11/30/19 7:00,2,1,1
11/30/19 8:00,6,2,4
11/30/19 9:00,13,3,10
11/30/19 10:00,9,4,5
11/30/19 11:00,19,5,14
11/30/19 12:00,33,17,16
11/30/19 13:00,43,23,20
11/30/19 14:00,36,19,17
11/30/19 15:00,31,16,15
11/30/19 16:00,23,15,8
11/30/19 17:00,10,6,4
11/30/19 18:00,4,2,2
11/30/19 19:00,5,5,0
11/30/19 20:00,2,2,0
11/30/19 21:00,2,0,2
11/30/19 22:00,1,0,1
11/30/19 23:00,0,0,0
12/1/19 0:00,0,0,0
12/1/19 1:00,0,0,0
12/1/19 2:00,1,1,0
12/1/19 3:00,2,0,2
12/1/19 4:00,3,1,2
12/1/19 5:00,1,1,0
12/1/19 6:00,1,0,1
12/1/19 7:00,5,2,3
12/1/19 8:00,6,2,4
12/1/19 9:00,9,6,3
12/1/19 10:00,14,4,10
12/1/19 11:00,14,8,6
12/1/19 12:00,14,6,8
12/1/19 13:00,13,11,2
12/1/19 14:00,10,6,4
12/1/19 15:00,14,7,7
12/1/19 16:00,6,3,3
12/1/19 17:00,3,1,2
12/1/19 18:00,3,1,2
12/1/19 19:00,3,2,1
12/1/19 20:00,1,1,0
12/1/19 21:00,1,1,0
12/1/19 22:00,4,2,2
12/1/19 23:00,2,2,0
12/2/19 0:00,3,2,1
12/2/19 1:00,3,2,1
12/2/19 2:00,1,1,0
12/2/19 3:00,1,0,1
12/2/19 4:00,2,0,2
12/2/19 5:00,24,3,21
12/2/19 6:00,55,10,45
12/2/19 7:00,123,12,111
12/2/19 8:00,134,2,132
12/2/19 9:00,58,8,50
12/2/19 10:00,15,3,12
12/2/19 11:00,8,4,4
12/2/19 12:00,19,6,13
12/2/19 13:00,18,9,9
12/2/19 14:00,37,21,16
12/2/19 15:00,48,32,16
12/2/19 16:00,122,104,18
12/2/19 17:00,140,125,15
12/2/19 18:00,60,55,5
12/2/19 19:00,35,31,4
12/2/19 20:00,11,9,2
12/2/19 21:00,33,30,3
12/2/19 22:00,4,4,0
12/2/19 23:00,5,2,3
12/3/19 0:00,0,0,0
12/3/19 1:00,1,1,0
12/3/19 2:00,1,1,0
12/3/19 3:00,1,0,1
12/3/19 4:00,4,2,2
12/3/19 5:00,30,10,20
12/3/19 6:00,79,14,65
12/3/19 7:00,107,16,91
12/3/19 8:00,137,13,124
12/3/19 9:00,56,5,51
12/3/19 10:00,15,3,12
12/3/19 11:00,17,3,14
12/3/19 12:00,14,5,9
12/3/19 13:00,20,7,13
12/3/19 14:00,10,7,3
12/3/19 15:00,40,28,12
12/3/19 16:00,103,84,19
12/3/19 17:00,151,139,12
12/3/19 18:00,95,80,15
12/3/19 19:00,27,23,4
12/3/19 20:00,17,15,2
12/3/19 21:00,13,12,1
12/3/19 22:00,4,3,1
12/3/19 23:00,3,3,0
12/4/19 0:00,4,2,2
12/4/19 1:00,1,1,0
12/4/19 2:00,3,2,1
12/4/19 3:00,0,0,0
12/4/19 4:00,1,0,1
12/4/19 5:00,24,5,19
12/4/19 6:00,64,13,51
12/4/19 7:00,90,6,84
12/4/19 8:00,108,6,102
12/4/19 9:00,41,5,36
12/4/19 10:00,23,4,19
12/4/19 11:00,12,5,7
12/4/19 12:00,10,6,4
12/4/19 13:00,20,5,15
12/4/19 14:00,11,5,6
12/4/19 15:00,43,32,11
12/4/19 16:00,86,71,15
12/4/19 17:00,133,119,14
12/4/19 18:00,70,66,4
12/4/19 19:00,30,26,4
12/4/19 20:00,14,9,5
12/4/19 21:00,5,5,0
12/4/19 22:00,6,2,4
12/4/19 23:00,4,3,1
12/5/19 0:00,2,1,1
12/5/19 1:00,2,1,1
12/5/19 2:00,3,3,0
12/5/19 3:00,1,0,1
12/5/19 4:00,1,1,0
12/5/19 5:00,26,7,19
12/5/19 6:00,61,6,55
12/5/19 7:00,99,10,89
12/5/19 8:00,140,4,136
12/5/19 9:00,63,7,56
12/5/19 10:00,23,10,13
12/5/19 11:00,19,7,12
12/5/19 12:00,25,11,14
12/5/19 13:00,24,10,14
12/5/19 14:00,29,17,12
12/5/19 15:00,51,39,12
12/5/19 16:00,98,81,17
12/5/19 17:00,145,126,19
12/5/19 18:00,76,64,12
12/5/19 19:00,26,22,4
12/5/19 20:00,18,17,1
12/5/19 21:00,8,6,2
12/5/19 22:00,6,5,1
12/5/19 23:00,4,3,1
12/6/19 0:00,4,2,2
12/6/19 1:00,0,0,0
12/6/19 2:00,1,1,0
12/6/19 3:00,1,0,1
12/6/19 4:00,2,1,1
12/6/19 5:00,23,5,18
12/6/19 6:00,40,8,32
12/6/19 7:00,87,7,80
12/6/19 8:00,117,10,107
12/6/19 9:00,42,6,36
12/6/19 10:00,16,4,12
12/6/19 11:00,15,6,9
12/6/19 12:00,20,10,10
12/6/19 13:00,33,11,22
12/6/19 14:00,19,11,8
12/6/19 15:00,50,42,8
12/6/19 16:00,88,72,16
12/6/19 17:00,108,90,18
12/6/19 18:00,48,46,2
12/6/19 19:00,16,13,3
12/6/19 20:00,8,6,2
12/6/19 21:00,7,5,2
12/6/19 22:00,1,1,0
12/6/19 23:00,4,4,0
12/7/19 0:00,2,0,2
12/7/19 1:00,0,0,0
12/7/19 2:00,4,2,2
12/7/19 3:00,1,0,1
12/7/19 4:00,0,0,0
12/7/19 5:00,0,0,0
12/7/19 6:00,1,0,1
12/7/19 7:00,2,0,2
12/7/19 8:00,5,0,5
12/7/19 9:00,10,3,7
12/7/19 10:00,9,4,5
12/7/19 11:00,13,7,6
12/7/19 12:00,8,2,6
12/7/19 13:00,8,4,4
12/7/19 14:00,9,6,3
12/7/19 15:00,14,8,6
12/7/19 16:00,14,7,7
12/7/19 17:00,11,5,6
12/7/19 18:00,7,6,1
12/7/19 19:00,4,2,2
12/7/19 20:00,3,1,2
12/7/19 21:00,3,2,1
12/7/19 22:00,2,2,0
12/7/19 23:00,7,5,2
12/8/19 0:00,13,4,9
12/8/19 1:00,0,0,0
12/8/19 2:00,1,1,0
12/8/19 3:00,5,2,3
12/8/19 4:00,0,0,0
12/8/19 5:00,1,0,1
12/8/19 6:00,4,1,3
12/8/19 7:00,11,2,9
12/8/19 8:00,6,1,5
12/8/19 9:00,30,17,13
12/8/19 10:00,24,10,14
12/8/19 11:00,19,11,8
12/8/19 12:00,40,20,20
12/8/19 13:00,27,9,18
12/8/19 14:00,31,16,15
12/8/19 15:00,14,6,8
12/8/19 16:00,28,18,10
12/8/19 17:00,20,15,5
12/8/19 18:00,9,8,1
12/8/19 19:00,5,3,2
12/8/19 20:00,5,2,3
12/8/19 21:00,0,0,0
12/8/19 22:00,2,2,0
12/8/19 23:00,1,1,0
12/9/19 0:00,2,2,0
12/9/19 1:00,1,0,1
12/9/19 2:00,3,2,1
12/9/19 3:00,1,1,0
12/9/19 4:00,2,0,2
12/9/19 5:00,19,4,15
12/9/19 6:00,66,7,59
12/9/19 7:00,129,5,124
12/9/19 8:00,151,8,143
12/9/19 9:00,59,5,54
12/9/19 10:00,21,3,18
12/9/19 11:00,14,7,7
12/9/19 12:00,16,6,10
12/9/19 13:00,18,9,9
12/9/19 14:00,37,20,17
12/9/19 15:00,40,34,6
12/9/19 16:00,111,93,18
12/9/19 17:00,164,151,13
12/9/19 18:00,81,70,11
12/9/19 19:00,34,29,5
12/9/19 20:00,13,10,3
12/9/19 21:00,10,8,2
12/9/19 22:00,3,3,0
12/9/19 23:00,3,2,1
12/10/19 0:00,2,1,1
12/10/19 1:00,2,1,1
12/10/19 2:00,4,4,0
12/10/19 3:00,2,2,0
12/10/19 4:00,5,1,4
12/10/19 5:00,25,7,18
12/10/19 6:00,60,5,55
12/10/19 7:00,106,7,99
12/10/19 8:00,132,4,128
12/10/19 9:00,34,2,32
12/10/19 10:00,20,7,13
12/10/19 11:00,15,7,8
12/10/19 12:00,9,5,4
12/10/19 13:00,11,3,8
12/10/19 14:00,13,5,8
12/10/19 15:00,27,23,4
12/10/19 16:00,89,73,16
12/10/19 17:00,124,113,11
12/10/19 18:00,80,67,13
12/10/19 19:00,30,26,4
12/10/19 20:00,8,8,0
12/10/19 21:00,5,5,0
12/10/19 22:00,2,2,0
12/10/19 23:00,1,1,0
12/11/19 0:00,1,1,0
12/11/19 1:00,0,0,0
12/11/19 2:00,2,1,1
12/11/19 3:00,0,0,0
12/11/19 4:00,4,1,3
12/11/19 5:00,18,4,14
12/11/19 6:00,53,5,48
12/11/19 7:00,91,6,85
12/11/19 8:00,126,6,120
12/11/19 9:00,36,5,31
12/11/19 10:00,13,4,9
12/11/19 11:00,11,3,8
12/11/19 12:00,6,4,2
12/11/19 13:00,10,8,2
12/11/19 14:00,16,6,10
12/11/19 15:00,30,25,5
12/11/19 16:00,61,51,10
12/11/19 17:00,126,115,11
12/11/19 18:00,58,52,6
12/11/19 19:00,24,19,5
12/11/19 20:00,11,9,2
12/11/19 21:00,5,5,0
12/11/19 22:00,3,2,1
12/11/19 23:00,1,1,0
12/12/19 0:00,1,1,0
12/12/19 1:00,0,0,0
12/12/19 2:00,2,2,0
12/12/19 3:00,2,1,1
12/12/19 4:00,3,1,2
12/12/19 5:00,22,6,16
12/12/19 6:00,41,3,38
12/12/19 7:00,76,3,73
12/12/19 8:00,95,4,91
12/12/19 9:00,29,3,26
12/12/19 10:00,10,4,6
12/12/19 11:00,7,1,6
12/12/19 12:00,6,2,4
12/12/19 13:00,11,3,8
12/12/19 14:00,9,5,4
12/12/19 15:00,24,20,4
12/12/19 16:00,68,57,11
12/12/19 17:00,116,103,13
12/12/19 18:00,44,40,4
12/12/19 19:00,13,11,2
12/12/19 20:00,9,8,1
12/12/19 21:00,5,5,0
12/12/19 22:00,4,4,0
12/12/19 23:00,2,2,0
12/13/19 0:00,2,1,1
12/13/19 1:00,1,0,1
12/13/19 2:00,1,1,0
12/13/19 3:00,1,1,0
12/13/19 4:00,2,0,2
12/13/19 5:00,18,4,14
12/13/19 6:00,36,5,31
12/13/19 7:00,84,10,74
12/13/19 8:00,80,10,70
12/13/19 9:00,45,3,42
12/13/19 10:00,33,17,16
12/13/19 11:00,16,7,9
12/13/19 12:00,19,7,12
12/13/19 13:00,24,13,11
12/13/19 14:00,24,15,9
12/13/19 15:00,46,25,21
12/13/19 16:00,94,76,18
12/13/19 17:00,83,73,10
12/13/19 18:00,50,45,5
12/13/19 19:00,14,9,5
12/13/19 20:00,4,3,1
12/13/19 21:00,2,2,0
12/13/19 22:00,5,1,4
12/13/19 23:00,5,5,0
12/14/19 0:00,0,0,0
12/14/19 1:00,4,1,3
12/14/19 2:00,1,1,0
12/14/19 3:00,0,0,0
12/14/19 4:00,0,0,0
12/14/19 5:00,1,0,1
12/14/19 6:00,3,1,2
12/14/19 7:00,3,1,2
12/14/19 8:00,17,7,10
12/14/19 9:00,38,21,17
12/14/19 10:00,17,7,10
12/14/19 11:00,17,8,9
12/14/19 12:00,17,12,5
12/14/19 13:00,33,11,22
12/14/19 14:00,14,11,3
12/14/19 15:00,16,8,8
12/14/19 16:00,14,9,5
12/14/19 17:00,9,3,6
12/14/19 18:00,5,2,3
12/14/19 19:00,5,3,2
12/14/19 20:00,3,1,2
12/14/19 21:00,3,3,0
12/14/19 22:00,1,0,1
12/14/19 23:00,2,2,0
12/15/19 0:00,1,1,0
12/15/19 1:00,2,1,1
12/15/19 2:00,1,1,0
12/15/19 3:00,1,0,1
12/15/19 4:00,1,1,0
12/15/19 5:00,2,0,2
12/15/19 6:00,4,1,3
12/15/19 7:00,2,0,2
12/15/19 8:00,10,3,7
12/15/19 9:00,8,1,7
12/15/19 10:00,11,4,7
12/15/19 11:00,13,9,4
12/15/19 12:00,8,5,3
12/15/19 13:00,20,7,13
12/15/19 14:00,16,7,9
12/15/19 15:00,23,11,12
12/15/19 16:00,12,5,7
12/15/19 17:00,8,4,4
12/15/19 18:00,7,5,2
12/15/19 19:00,2,1,1
12/15/19 20:00,3,3,0
12/15/19 21:00,2,1,1
12/15/19 22:00,2,2,0
12/15/19 23:00,1,0,1
12/16/19 0:00,2,1,1
12/16/19 1:00,2,2,0
12/16/19 2:00,1,0,1
12/16/19 3:00,1,0,1
12/16/19 4:00,1,0,1
12/16/19 5:00,16,5,11
12/16/19 6:00,57,7,50
12/16/19 7:00,108,11,97
12/16/19 8:00,134,11,123
12/16/19 9:00,46,6,40
12/16/19 10:00,16,4,12
12/16/19 11:00,17,7,10
12/16/19 12:00,10,4,6
12/16/19 13:00,16,6,10
12/16/19 14:00,20,11,9
12/16/19 15:00,40,28,12
12/16/19 16:00,89,68,21
12/16/19 17:00,138,127,11
12/16/19 18:00,80,74,6
12/16/19 19:00,28,23,5
12/16/19 20:00,17,14,3
12/16/19 21:00,5,3,2
12/16/19 22:00,4,3,1
12/16/19 23:00,1,1,0
12/17/19 0:00,1,1,0
12/17/19 1:00,1,1,0
12/17/19 2:00,3,2,1
12/17/19 3:00,1,0,1
12/17/19 4:00,1,0,1
12/17/19 5:00,22,4,18
12/17/19 6:00,66,6,60
12/17/19 7:00,112,9,103
12/17/19 8:00,139,10,129
12/17/19 9:00,41,2,39
12/17/19 10:00,23,5,18
12/17/19 11:00,17,7,10
12/17/19 12:00,17,10,7
12/17/19 13:00,27,12,15
12/17/19 14:00,22,11,11
12/17/19 15:00,42,29,13
12/17/19 16:00,96,78,18
12/17/19 17:00,136,122,14
12/17/19 18:00,95,85,10
12/17/19 19:00,18,13,5
12/17/19 20:00,16,14,2
12/17/19 21:00,12,11,1
12/17/19 22:00,6,5,1
12/17/19 23:00,4,3,1
12/18/19 0:00,0,0,0
12/18/19 1:00,1,0,1
12/18/19 2:00,3,2,1
12/18/19 3:00,0,0,0
12/18/19 4:00,1,1,0
12/18/19 5:00,20,4,16
12/18/19 6:00,46,4,42
12/18/19 7:00,92,13,79
12/18/19 8:00,114,11,103
12/18/19 9:00,44,5,39
12/18/19 10:00,17,6,11
12/18/19 11:00,15,8,7
12/18/19 12:00,18,4,14
12/18/19 13:00,22,8,14
12/18/19 14:00,24,11,13
12/18/19 15:00,48,40,8
12/18/19 16:00,76,61,15
12/18/19 17:00,104,98,6
12/18/19 18:00,55,48,7
12/18/19 19:00,13,12,1
12/18/19 20:00,17,16,1
12/18/19 21:00,3,3,0
12/18/19 22:00,3,2,1
12/18/19 23:00,1,1,0
12/19/19 0:00,0,0,0
12/19/19 1:00,1,1,0
12/19/19 2:00,2,2,0
12/19/19 3:00,0,0,0
12/19/19 4:00,3,1,2
12/19/19 5:00,20,3,17
12/19/19 6:00,34,3,31
12/19/19 7:00,65,5,60
12/19/19 8:00,76,4,72
12/19/19 9:00,23,5,18
12/19/19 10:00,20,2,18
12/19/19 11:00,11,6,5
12/19/19 12:00,8,3,5
12/19/19 13:00,4,4,0
12/19/19 14:00,3,1,2
12/19/19 15:00,24,19,5
12/19/19 16:00,45,40,5
12/19/19 17:00,70,65,5
12/19/19 18:00,36,33,3
12/19/19 19:00,10,7,3
12/19/19 20:00,11,9,2
12/19/19 21:00,0,0,0
12/19/19 22:00,0,0,0
12/19/19 23:00,1,1,0
12/20/19 0:00,1,1,0
12/20/19 1:00,0,0,0
12/20/19 2:00,1,1,0
12/20/19 3:00,0,0,0
12/20/19 4:00,1,1,0
12/20/19 5:00,13,2,11
12/20/19 6:00,16,4,12
12/20/19 7:00,31,2,29
12/20/19 8:00,37,4,33
12/20/19 9:00,15,1,14
12/20/19 10:00,15,2,13
12/20/19 11:00,3,2,1
12/20/19 12:00,3,0,3
12/20/19 13:00,1,0,1
12/20/19 14:00,4,0,4
12/20/19 15:00,24,20,4
12/20/19 16:00,18,16,2
12/20/19 17:00,40,37,3
12/20/19 18:00,19,17,2
12/20/19 19:00,8,6,2
12/20/19 20:00,6,3,3
12/20/19 21:00,2,2,0
12/20/19 22:00,1,0,1
12/20/19 23:00,3,1,2
12/21/19 0:00,0,0,0
12/21/19 1:00,1,1,0
12/21/19 2:00,0,0,0
12/21/19 3:00,0,0,0
12/21/19 4:00,0,0,0
12/21/19 5:00,1,1,0
12/21/19 6:00,4,1,3
12/21/19 7:00,2,0,2
12/21/19 8:00,3,1,2
12/21/19 9:00,5,2,3
12/21/19 10:00,1,0,1
12/21/19 11:00,3,3,0
12/21/19 12:00,0,0,0
12/21/19 13:00,5,3,2
12/21/19 14:00,2,1,1
12/21/19 15:00,5,3,2
12/21/19 16:00,10,7,3
12/21/19 17:00,8,4,4
12/21/19 18:00,11,3,8
12/21/19 19:00,3,1,2
12/21/19 20:00,3,2,1
12/21/19 21:00,15,13,2
12/21/19 22:00,2,1,1
12/21/19 23:00,13,3,10
12/22/19 0:00,2,1,1
12/22/19 1:00,1,1,0
12/22/19 2:00,2,1,1
12/22/19 3:00,1,0,1
12/22/19 4:00,2,2,0
12/22/19 5:00,2,0,2
12/22/19 6:00,2,0,2
12/22/19 7:00,2,0,2
12/22/19 8:00,9,3,6
12/22/19 9:00,17,1,16
12/22/19 10:00,21,7,14
12/22/19 11:00,34,17,17
12/22/19 12:00,20,11,9
12/22/19 13:00,22,14,8
12/22/19 14:00,15,10,5
12/22/19 15:00,26,13,13
12/22/19 16:00,11,8,3
12/22/19 17:00,11,8,3
12/22/19 18:00,2,2,0
12/22/19 19:00,2,2,0
12/22/19 20:00,1,1,0
12/22/19 21:00,0,0,0
12/22/19 22:00,0,0,0
12/22/19 23:00,0,0,0
12/23/19 0:00,0,0,0
12/23/19 1:00,3,3,0
12/23/19 2:00,0,0,0
12/23/19 3:00,0,0,0
12/23/19 4:00,1,0,1
12/23/19 5:00,12,1,11
12/23/19 6:00,31,4,27
12/23/19 7:00,44,3,41
12/23/19 8:00,40,2,38
12/23/19 9:00,28,5,23
12/23/19 10:00,11,2,9
12/23/19 11:00,27,10,17
12/23/19 12:00,19,8,11
12/23/19 13:00,12,7,5
12/23/19 14:00,25,14,11
12/23/19 15:00,41,31,10
12/23/19 16:00,54,46,8
12/23/19 17:00,55,50,5
12/23/19 18:00,23,19,4
12/23/19 19:00,8,5,3
12/23/19 20:00,4,3,1
12/23/19 21:00,4,3,1
12/23/19 22:00,4,2,2
12/23/19 23:00,1,1,0
12/24/19 0:00,2,1,1
12/24/19 1:00,1,1,0
12/24/19 2:00,1,1,0
12/24/19 3:00,0,0,0
12/24/19 4:00,4,3,1
12/24/19 5:00,13,6,7
12/24/19 6:00,20,4,16
12/24/19 7:00,24,2,22
12/24/19 8:00,21,2,19
12/24/19 9:00,18,5,13
12/24/19 10:00,16,8,8
12/24/19 11:00,14,6,8
12/24/19 12:00,22,14,8
12/24/19 13:00,23,14,9
12/24/19 14:00,31,21,10
12/24/19 15:00,23,20,3
12/24/19 16:00,15,9,6
12/24/19 17:00,11,8,3
12/24/19 18:00,6,5,1
12/24/19 19:00,2,2,0
12/24/19 20:00,4,4,0
12/24/19 21:00,3,0,3
12/24/19 22:00,3,2,1
12/24/19 23:00,0,0,0
12/25/19 0:00,0,0,0
12/25/19 1:00,0,0,0
12/25/19 2:00,1,1,0
12/25/19 3:00,1,1,0
12/25/19 4:00,0,0,0
12/25/19 5:00,1,0,1
12/25/19 6:00,3,1,2
12/25/19 7:00,3,3,0
12/25/19 8:00,4,1,3
12/25/19 9:00,7,4,3
12/25/19 10:00,10,7,3
12/25/19 11:00,24,15,9
12/25/19 12:00,12,5,7
12/25/19 13:00,26,6,20
12/25/19 14:00,23,11,12
12/25/19 15:00,14,8,6
12/25/19 16:00,8,3,5
12/25/19 17:00,2,1,1
12/25/19 18:00,2,2,0
12/25/19 19:00,1,0,1
12/25/19 20:00,1,1,0
12/25/19 21:00,3,3,0
12/25/19 22:00,3,1,2
12/25/19 23:00,1,0,1
12/26/19 0:00,2,0,2
12/26/19 1:00,0,0,0
12/26/19 2:00,0,0,0
12/26/19 3:00,0,0,0
12/26/19 4:00,1,0,1
12/26/19 5:00,10,0,10
12/26/19 6:00,19,3,16
12/26/19 7:00,23,3,20
12/26/19 8:00,21,1,20
12/26/19 9:00,27,2,25
12/26/19 10:00,16,6,10
12/26/19 11:00,13,3,10
12/26/19 12:00,19,13,6
12/26/19 13:00,27,16,11
12/26/19 14:00,33,16,17
12/26/19 15:00,25,19,6
12/26/19 16:00,33,27,6
12/26/19 17:00,31,24,7
12/26/19 18:00,21,19,2
12/26/19 19:00,8,1,7
12/26/19 20:00,4,3,1
12/26/19 21:00,3,2,1
12/26/19 22:00,0,0,0
12/26/19 23:00,2,1,1
12/27/19 0:00,1,1,0
12/27/19 1:00,0,0,0
12/27/19 2:00,1,1,0
12/27/19 3:00,3,2,1
12/27/19 4:00,3,0,3
12/27/19 5:00,8,0,8
12/27/19 6:00,27,6,21
12/27/19 7:00,29,4,25
12/27/19 8:00,34,2,32
12/27/19 9:00,19,3,16
12/27/19 10:00,16,7,9
12/27/19 11:00,13,5,8
12/27/19 12:00,7,4,3
12/27/19 13:00,16,9,7
12/27/19 14:00,19,9,10
12/27/19 15:00,35,27,8
12/27/19 16:00,33,29,4
12/27/19 17:00,36,30,6
12/27/19 18:00,21,17,4
12/27/19 19:00,9,5,4
12/27/19 20:00,10,9,1
12/27/19 21:00,7,2,5
12/27/19 22:00,2,2,0
12/27/19 23:00,2,0,2
12/28/19 0:00,3,3,0
12/28/19 1:00,3,1,2
12/28/19 2:00,0,0,0
12/28/19 3:00,1,1,0
12/28/19 4:00,1,0,1
12/28/19 5:00,1,0,1
12/28/19 6:00,13,5,8
12/28/19 7:00,3,1,2
12/28/19 8:00,7,1,6
12/28/19 9:00,19,4,15
12/28/19 10:00,21,11,10
12/28/19 11:00,32,17,15
12/28/19 12:00,35,20,15
12/28/19 13:00,47,16,31
12/28/19 14:00,31,13,18
12/28/19 15:00,12,4,8
12/28/19 16:00,16,13,3
12/28/19 17:00,12,4,8
12/28/19 18:00,5,2,3
12/28/19 19:00,2,2,0
12/28/19 20:00,6,4,2
12/28/19 21:00,6,4,2
12/28/19 22:00,1,0,1
12/28/19 23:00,5,4,1
12/29/19 0:00,3,2,1
12/29/19 1:00,1,0,1
12/29/19 2:00,1,1,0
12/29/19 3:00,0,0,0
12/29/19 4:00,1,1,0
12/29/19 5:00,4,1,3
12/29/19 6:00,8,3,5
12/29/19 7:00,2,0,2
12/29/19 8:00,6,0,6
12/29/19 9:00,15,5,10
12/29/19 10:00,28,16,12
12/29/19 11:00,28,11,17
12/29/19 12:00,25,13,12
12/29/19 13:00,27,15,12
12/29/19 14:00,40,11,29
12/29/19 15:00,33,13,20
12/29/19 16:00,26,12,14
12/29/19 17:00,5,2,3
12/29/19 18:00,6,4,2
12/29/19 19:00,6,4,2
12/29/19 20:00,11,7,4
12/29/19 21:00,23,22,1
12/29/19 22:00,2,1,1
12/29/19 23:00,0,0,0
12/30/19 0:00,0,0,0
12/30/19 1:00,2,2,0
12/30/19 2:00,0,0,0
12/30/19 3:00,2,1,1
12/30/19 4:00,4,0,4
12/30/19 5:00,11,1,10
12/30/19 6:00,28,2,26
12/30/19 7:00,49,4,45
12/30/19 8:00,61,11,50
12/30/19 9:00,25,3,22
12/30/19 10:00,17,4,13
12/30/19 11:00,20,12,8
12/30/19 12:00,12,7,5
12/30/19 13:00,12,4,8
12/30/19 14:00,16,9,7
12/30/19 15:00,35,28,7
12/30/19 16:00,64,50,14
12/30/19 17:00,57,51,6
12/30/19 18:00,31,23,8
12/30/19 19:00,9,6,3
12/30/19 20:00,6,4,2
12/30/19 21:00,4,4,0
12/30/19 22:00,3,1,2
12/30/19 23:00,7,4,3
12/31/19 0:00,3,1,2
12/31/19 1:00,1,0,1
12/31/19 2:00,3,3,0
12/31/19 3:00,1,0,1
12/31/19 4:00,2,1,1
12/31/19 5:00,8,1,7
12/31/19 6:00,20,6,14
12/31/19 7:00,34,3,31
12/31/19 8:00,31,3,28
12/31/19 9:00,18,4,14
12/31/19 10:00,15,6,9
12/31/19 11:00,8,3,5
12/31/19 12:00,8,4,4
12/31/19 13:00,18,12,6
12/31/19 14:00,17,15,2
12/31/19 15:00,33,29,4
12/31/19 16:00,38,26,12
12/31/19 17:00,19,15,4
12/31/19 18:00,10,8,2
12/31/19 19:00,5,3,2
12/31/19 20:00,1,1,0
12/31/19 21:00,2,0,2
12/31/19 22:00,0,0,0
12/31/19 23:00,0,0,0
1/1/20 0:00,3,1,2
1/1/20 1:00,4,1,3
1/1/20 2:00,2,2,0
1/1/20 3:00,0,0,0
1/1/20 4:00,0,0,0
1/1/20 5:00,1,1,0
1/1/20 6:00,3,1,2
1/1/20 7:00,2,1,1
1/1/20 8:00,7,3,4
1/1/20 9:00,9,4,5
1/1/20 10:00,23,14,9
1/1/20 11:00,18,5,13
1/1/20 12:00,27,11,16
1/1/20 13:00,47,21,26
1/1/20 14:00,17,11,6
1/1/20 15:00,30,17,13
1/1/20 16:00,23,12,11
1/1/20 17:00,7,3,4
1/1/20 18:00,6,3,3
1/1/20 19:00,7,2,5
1/1/20 20:00,4,3,1
1/1/20 21:00,4,2,2
1/1/20 22:00,2,1,1
1/1/20 23:00,0,0,0
1/2/20 0:00,2,1,1
1/2/20 1:00,4,3,1
1/2/20 2:00,2,1,1
1/2/20 3:00,3,0,3
1/2/20 4:00,5,1,4
1/2/20 5:00,20,2,18
1/2/20 6:00,43,4,39
1/2/20 7:00,83,5,78
1/2/20 8:00,95,3,92
1/2/20 9:00,38,4,34
1/2/20 10:00,16,2,14
1/2/20 11:00,10,3,7
1/2/20 12:00,17,9,8
1/2/20 13:00,13,5,8
1/2/20 14:00,16,11,5
1/2/20 15:00,33,27,6
1/2/20 16:00,58,49,9
1/2/20 17:00,105,96,9
1/2/20 18:00,44,40,4
1/2/20 19:00,16,15,1
1/2/20 20:00,4,3,1
1/2/20 21:00,1,1,0
1/2/20 22:00,3,3,0
1/2/20 23:00,3,1,2
1/3/20 0:00,0,0,0
1/3/20 1:00,2,0,2
1/3/20 2:00,1,1,0
1/3/20 3:00,0,0,0
1/3/20 4:00,3,1,2
1/3/20 5:00,8,2,6
1/3/20 6:00,29,7,22
1/3/20 7:00,67,2,65
1/3/20 8:00,79,4,75
1/3/20 9:00,34,7,27
1/3/20 10:00,19,8,11
1/3/20 11:00,24,9,15
1/3/20 12:00,26,10,16
1/3/20 13:00,36,19,17
1/3/20 14:00,31,21,10
1/3/20 15:00,46,33,13
1/3/20 16:00,75,69,6
1/3/20 17:00,82,70,12
1/3/20 18:00,52,45,7
1/3/20 19:00,10,7,3
1/3/20 20:00,10,5,5
1/3/20 21:00,4,3,1
1/3/20 22:00,5,4,1
1/3/20 23:00,2,1,1
1/4/20 0:00,0,0,0
1/4/20 1:00,0,0,0
1/4/20 2:00,0,0,0
1/4/20 3:00,0,0,0
1/4/20 4:00,1,1,0
1/4/20 5:00,3,1,2
1/4/20 6:00,5,2,3
1/4/20 7:00,5,1,4
1/4/20 8:00,12,3,9
1/4/20 9:00,27,5,22
1/4/20 10:00,25,8,17
1/4/20 11:00,50,22,28
1/4/20 12:00,30,18,12
1/4/20 13:00,21,12,9
1/4/20 14:00,12,6,6
1/4/20 15:00,16,10,6
1/4/20 16:00,13,11,2
1/4/20 17:00,14,9,5
1/4/20 18:00,5,2,3
1/4/20 19:00,3,0,3
1/4/20 20:00,2,2,0
1/4/20 21:00,2,1,1
1/4/20 22:00,4,3,1
1/4/20 23:00,0,0,0
1/5/20 0:00,2,0,2
1/5/20 1:00,0,0,0
1/5/20 2:00,0,0,0
1/5/20 3:00,0,0,0
1/5/20 4:00,0,0,0
1/5/20 5:00,0,0,0
1/5/20 6:00,0,0,0
1/5/20 7:00,4,1,3
1/5/20 8:00,7,0,7
1/5/20 9:00,6,2,4
1/5/20 10:00,6,3,3
1/5/20 11:00,8,5,3
1/5/20 12:00,14,10,4
1/5/20 13:00,11,5,6
1/5/20 14:00,20,11,9
1/5/20 15:00,14,9,5
1/5/20 16:00,13,3,10
1/5/20 17:00,14,5,9
1/5/20 18:00,1,1,0
1/5/20 19:00,2,2,0
1/5/20 20:00,4,4,0
1/5/20 21:00,1,1,0
1/5/20 22:00,1,1,0
1/5/20 23:00,3,1,2
1/6/20 0:00,2,1,1
1/6/20 1:00,1,1,0
1/6/20 2:00,0,0,0
1/6/20 3:00,1,0,1
1/6/20 4:00,6,2,4
1/6/20 5:00,16,2,14
1/6/20 6:00,53,5,48
1/6/20 7:00,90,10,80
1/6/20 8:00,94,6,88
1/6/20 9:00,29,2,27
1/6/20 10:00,7,1,6
1/6/20 11:00,2,0,2
1/6/20 12:00,5,2,3
1/6/20 13:00,2,1,1
1/6/20 14:00,12,6,6
1/6/20 15:00,27,23,4
1/6/20 16:00,71,60,11
1/6/20 17:00,97,92,5
1/6/20 18:00,64,53,11
1/6/20 19:00,6,4,2
1/6/20 20:00,9,8,1
1/6/20 21:00,4,3,1
1/6/20 22:00,3,3,0
1/6/20 23:00,3,2,1
1/7/20 0:00,3,2,1
1/7/20 1:00,0,0,0
1/7/20 2:00,2,1,1
1/7/20 3:00,1,1,0
1/7/20 4:00,3,1,2
1/7/20 5:00,15,3,12
1/7/20 6:00,40,5,35
1/7/20 7:00,84,10,74
1/7/20 8:00,106,7,99
1/7/20 9:00,44,7,37
1/7/20 10:00,8,1,7
1/7/20 11:00,5,4,1
1/7/20 12:00,10,6,4
1/7/20 13:00,18,9,9
1/7/20 14:00,14,8,6
1/7/20 15:00,22,15,7
1/7/20 16:00,56,45,11
1/7/20 17:00,122,112,10
1/7/20 18:00,62,54,8
1/7/20 19:00,17,16,1
1/7/20 20:00,4,2,2
1/7/20 21:00,3,2,1
1/7/20 22:00,1,1,0
1/7/20 23:00,6,5,1
1/8/20 0:00,2,2,0
1/8/20 1:00,5,2,3
1/8/20 2:00,3,2,1
1/8/20 3:00,1,1,0
1/8/20 4:00,6,2,4
1/8/20 5:00,21,6,15
1/8/20 6:00,63,5,58
1/8/20 7:00,85,9,76
1/8/20 8:00,133,8,125
1/8/20 9:00,46,6,40
1/8/20 10:00,11,3,8
1/8/20 11:00,14,4,10
1/8/20 12:00,17,11,6
1/8/20 13:00,15,8,7
1/8/20 14:00,21,12,9
1/8/20 15:00,35,26,9
1/8/20 16:00,76,62,14
1/8/20 17:00,117,111,6
1/8/20 18:00,78,69,9
1/8/20 19:00,21,16,5
1/8/20 20:00,10,9,1
1/8/20 21:00,7,6,1
1/8/20 22:00,3,3,0
1/8/20 23:00,3,3,0
1/9/20 0:00,0,0,0
1/9/20 1:00,3,2,1
1/9/20 2:00,1,1,0
1/9/20 3:00,0,0,0
1/9/20 4:00,5,2,3
1/9/20 5:00,22,5,17
1/9/20 6:00,48,4,44
1/9/20 7:00,83,6,77
1/9/20 8:00,104,6,98
1/9/20 9:00,37,6,31
1/9/20 10:00,5,1,4
1/9/20 11:00,5,2,3
1/9/20 12:00,4,1,3
1/9/20 13:00,4,2,2
1/9/20 14:00,22,12,10
1/9/20 15:00,25,17,8
1/9/20 16:00,87,72,15
1/9/20 17:00,109,103,6
1/9/20 18:00,62,54,8
1/9/20 19:00,17,15,2
1/9/20 20:00,8,5,3
1/9/20 21:00,7,5,2
1/9/20 22:00,6,6,0
1/9/20 23:00,1,1,0
1/10/20 0:00,2,2,0
1/10/20 1:00,0,0,0
1/10/20 2:00,1,1,0
1/10/20 3:00,0,0,0
1/10/20 4:00,2,0,2
1/10/20 5:00,13,6,7
1/10/20 6:00,35,3,32
1/10/20 7:00,52,5,47
1/10/20 8:00,83,4,79
1/10/20 9:00,25,2,23
1/10/20 10:00,6,1,5
1/10/20 11:00,9,3,6
1/10/20 12:00,4,3,1
1/10/20 13:00,6,1,5
1/10/20 14:00,9,5,4
1/10/20 15:00,26,20,6
1/10/20 16:00,44,37,7
1/10/20 17:00,86,74,12
1/10/20 18:00,32,29,3
1/10/20 19:00,15,12,3
1/10/20 20:00,3,3,0
1/10/20 21:00,3,2,1
1/10/20 22:00,3,2,1
1/10/20 23:00,1,1,0
1/11/20 0:00,0,0,0
1/11/20 1:00,0,0,0
1/11/20 2:00,0,0,0
1/11/20 3:00,1,0,1
1/11/20 4:00,0,0,0
1/11/20 5:00,2,2,0
1/11/20 6:00,4,0,4
1/11/20 7:00,4,0,4
1/11/20 8:00,3,1,2
1/11/20 9:00,14,5,9
1/11/20 10:00,16,9,7
1/11/20 11:00,19,11,8
1/11/20 12:00,14,8,6
1/11/20 13:00,25,9,16
1/11/20 14:00,20,4,16
1/11/20 15:00,20,13,7
1/11/20 16:00,12,11,1
1/11/20 17:00,14,8,6
1/11/20 18:00,6,4,2
1/11/20 19:00,7,5,2
1/11/20 20:00,6,3,3
1/11/20 21:00,6,4,2
1/11/20 22:00,3,3,0
1/11/20 23:00,1,1,0
1/12/20 0:00,3,1,2
1/12/20 1:00,0,0,0
1/12/20 2:00,1,0,1
1/12/20 3:00,1,1,0
1/12/20 4:00,0,0,0
1/12/20 5:00,0,0,0
1/12/20 6:00,3,0,3
1/12/20 7:00,4,1,3
1/12/20 8:00,2,0,2
1/12/20 9:00,10,1,9
1/12/20 10:00,10,7,3
1/12/20 11:00,10,8,2
1/12/20 12:00,5,1,4
1/12/20 13:00,9,3,6
1/12/20 14:00,8,6,2
1/12/20 15:00,22,9,13
1/12/20 16:00,6,4,2
1/12/20 17:00,3,2,1
1/12/20 18:00,3,1,2
1/12/20 19:00,0,0,0
1/12/20 20:00,4,4,0
1/12/20 21:00,1,1,0
1/12/20 22:00,1,0,1
1/12/20 23:00,0,0,0
1/13/20 0:00,0,0,0
1/13/20 1:00,1,1,0
1/13/20 2:00,0,0,0
1/13/20 3:00,1,0,1
1/13/20 4:00,2,1,1
1/13/20 5:00,9,1,8
1/13/20 6:00,26,0,26
1/13/20 7:00,44,6,38
1/13/20 8:00,48,2,46
1/13/20 9:00,29,4,25
1/13/20 10:00,9,2,7
1/13/20 11:00,7,2,5
1/13/20 12:00,4,2,2
1/13/20 13:00,2,0,2
1/13/20 14:00,8,6,2
1/13/20 15:00,22,16,6
1/13/20 16:00,42,37,5
1/13/20 17:00,54,53,1
1/13/20 18:00,17,14,3
1/13/20 19:00,11,10,1
1/13/20 20:00,3,3,0
1/13/20 21:00,3,3,0
1/13/20 22:00,2,2,0
1/13/20 23:00,1,1,0
1/14/20 0:00,0,0,0
1/14/20 1:00,1,0,1
1/14/20 2:00,1,1,0
1/14/20 3:00,3,0,3
1/14/20 4:00,1,1,0
1/14/20 5:00,6,2,4
1/14/20 6:00,11,0,11
1/14/20 7:00,20,2,18
1/14/20 8:00,21,1,20
1/14/20 9:00,17,5,12
1/14/20 10:00,12,5,7
1/14/20 11:00,6,3,3
1/14/20 12:00,4,2,2
1/14/20 13:00,7,3,4
1/14/20 14:00,9,5,4
1/14/20 15:00,19,12,7
1/14/20 16:00,13,11,2
1/14/20 17:00,36,33,3
1/14/20 18:00,8,7,1
1/14/20 19:00,11,9,2
1/14/20 20:00,1,0,1
1/14/20 21:00,2,2,0
1/14/20 22:00,2,2,0
1/14/20 23:00,1,0,1
1/15/20 0:00,0,0,0
1/15/20 1:00,0,0,0
1/15/20 2:00,2,2,0
1/15/20 3:00,1,0,1
1/15/20 4:00,1,1,0
1/15/20 5:00,6,1,5
1/15/20 6:00,15,0,15
1/15/20 7:00,23,0,23
1/15/20 8:00,38,2,36
1/15/20 9:00,22,4,18
1/15/20 10:00,10,3,7
1/15/20 11:00,4,1,3
1/15/20 12:00,3,2,1
1/15/20 13:00,5,0,5
1/15/20 14:00,8,4,4
1/15/20 15:00,14,12,2
1/15/20 16:00,24,19,5
1/15/20 17:00,31,29,2
1/15/20 18:00,22,19,3
1/15/20 19:00,9,8,1
1/15/20 20:00,6,6,0
1/15/20 21:00,2,2,0
1/15/20 22:00,3,3,0
1/15/20 23:00,2,1,1
1/16/20 0:00,0,0,0
1/16/20 1:00,0,0,0
1/16/20 2:00,1,1,0
1/16/20 3:00,0,0,0
1/16/20 4:00,1,0,1
1/16/20 5:00,12,2,10
1/16/20 6:00,38,3,35
1/16/20 7:00,63,6,57
1/16/20 8:00,88,8,80
1/16/20 9:00,44,7,37
1/16/20 10:00,11,3,8
1/16/20 11:00,15,7,8
1/16/20 12:00,11,4,7
1/16/20 13:00,15,4,11
1/16/20 14:00,14,8,6
1/16/20 15:00,37,29,8
1/16/20 16:00,71,56,15
1/16/20 17:00,88,78,10
1/16/20 18:00,43,38,5
1/16/20 19:00,15,12,3
1/16/20 20:00,13,9,4
1/16/20 21:00,3,1,2
1/16/20 22:00,2,2,0
1/16/20 23:00,0,0,0
1/17/20 0:00,1,1,0
1/17/20 1:00,1,0,1
1/17/20 2:00,2,2,0
1/17/20 3:00,1,1,0
1/17/20 4:00,1,0,1
1/17/20 5:00,11,3,8
1/17/20 6:00,31,3,28
1/17/20 7:00,53,5,48
1/17/20 8:00,72,5,67
1/17/20 9:00,35,9,26
1/17/20 10:00,19,7,12
1/17/20 11:00,9,5,4
1/17/20 12:00,13,4,9
1/17/20 13:00,9,5,4
1/17/20 14:00,16,11,5
1/17/20 15:00,30,26,4
1/17/20 16:00,59,49,10
1/17/20 17:00,92,76,16
1/17/20 18:00,37,32,5
1/17/20 19:00,16,12,4
1/17/20 20:00,2,2,0
1/17/20 21:00,2,1,1
1/17/20 22:00,2,2,0
1/17/20 23:00,1,0,1
1/18/20 0:00,2,1,1
1/18/20 1:00,1,1,0
1/18/20 2:00,1,0,1
1/18/20 3:00,0,0,0
1/18/20 4:00,1,1,0
1/18/20 5:00,0,0,0
1/18/20 6:00,5,0,5
1/18/20 7:00,4,1,3
1/18/20 8:00,13,2,11
1/18/20 9:00,6,4,2
1/18/20 10:00,25,15,10
1/18/20 11:00,19,8,11
1/18/20 12:00,39,11,28
1/18/20 13:00,20,11,9
1/18/20 14:00,10,3,7
1/18/20 15:00,22,14,8
1/18/20 16:00,26,16,10
1/18/20 17:00,12,6,6
1/18/20 18:00,7,6,1
1/18/20 19:00,9,6,3
1/18/20 20:00,3,3,0
1/18/20 21:00,1,1,0
1/18/20 22:00,1,1,0
1/18/20 23:00,1,0,1
1/19/20 0:00,2,0,2
1/19/20 1:00,1,1,0
1/19/20 2:00,0,0,0
1/19/20 3:00,2,2,0
1/19/20 4:00,0,0,0
1/19/20 5:00,4,1,3
1/19/20 6:00,3,0,3
1/19/20 7:00,2,1,1
1/19/20 8:00,10,3,7
1/19/20 9:00,12,7,5
1/19/20 10:00,31,13,18
1/19/20 11:00,17,11,6
1/19/20 12:00,19,10,9
1/19/20 13:00,9,3,6
1/19/20 14:00,14,4,10
1/19/20 15:00,19,11,8
1/19/20 16:00,20,10,10
1/19/20 17:00,10,4,6
1/19/20 18:00,9,4,5
1/19/20 19:00,3,1,2
1/19/20 20:00,7,6,1
1/19/20 21:00,3,2,1
1/19/20 22:00,2,0,2
1/19/20 23:00,1,0,1
1/20/20 0:00,2,1,1
1/20/20 1:00,2,2,0
1/20/20 2:00,2,0,2
1/20/20 3:00,1,0,1
1/20/20 4:00,0,0,0
1/20/20 5:00,7,3,4
1/20/20 6:00,23,3,20
1/20/20 7:00,48,8,40
1/20/20 8:00,53,10,43
1/20/20 9:00,28,5,23
1/20/20 10:00,14,3,11
1/20/20 11:00,21,11,10
1/20/20 12:00,18,9,9
1/20/20 13:00,22,12,10
1/20/20 14:00,33,18,15
1/20/20 15:00,36,21,15
1/20/20 16:00,52,32,20
1/20/20 17:00,51,39,12
1/20/20 18:00,46,38,8
1/20/20 19:00,13,9,4
1/20/20 20:00,3,2,1
1/20/20 21:00,1,1,0
1/20/20 22:00,5,4,1
1/20/20 23:00,2,2,0
1/21/20 0:00,0,0,0
1/21/20 1:00,0,0,0
1/21/20 2:00,2,2,0
1/21/20 3:00,1,0,1
1/21/20 4:00,4,2,2
1/21/20 5:00,18,6,12
1/21/20 6:00,50,7,43
1/21/20 7:00,87,15,72
1/21/20 8:00,103,7,96
1/21/20 9:00,36,3,33
1/21/20 10:00,13,1,12
1/21/20 11:00,8,2,6
1/21/20 12:00,5,1,4
1/21/20 13:00,9,4,5
1/21/20 14:00,12,6,6
1/21/20 15:00,32,21,11
1/21/20 16:00,62,51,11
1/21/20 17:00,111,104,7
1/21/20 18:00,63,54,9
1/21/20 19:00,10,9,1
1/21/20 20:00,7,6,1
1/21/20 21:00,1,1,0
1/21/20 22:00,1,1,0
1/21/20 23:00,1,1,0
1/22/20 0:00,4,3,1
1/22/20 1:00,2,0,2
1/22/20 2:00,3,2,1
1/22/20 3:00,2,1,1
1/22/20 4:00,1,0,1
1/22/20 5:00,21,6,15
1/22/20 6:00,40,4,36
1/22/20 7:00,57,9,48
1/22/20 8:00,111,8,103
1/22/20 9:00,31,5,26
1/22/20 10:00,10,3,7
1/22/20 11:00,8,4,4
1/22/20 12:00,10,5,5
1/22/20 13:00,10,3,7
1/22/20 14:00,10,5,5
1/22/20 15:00,26,19,7
1/22/20 16:00,63,52,11
1/22/20 17:00,100,88,12
1/22/20 18:00,67,56,11
1/22/20 19:00,15,11,4
1/22/20 20:00,10,10,0
1/22/20 21:00,8,5,3
1/22/20 22:00,6,6,0
1/22/20 23:00,4,4,0
1/23/20 0:00,0,0,0
1/23/20 1:00,0,0,0
1/23/20 2:00,2,1,1
1/23/20 3:00,0,0,0
1/23/20 4:00,6,2,4
1/23/20 5:00,17,4,13
1/23/20 6:00,44,6,38
1/23/20 7:00,61,6,55
1/23/20 8:00,73,5,68
1/23/20 9:00,23,5,18
1/23/20 10:00,7,1,6
1/23/20 11:00,4,0,4
1/23/20 12:00,4,3,1
1/23/20 13:00,4,2,2
1/23/20 14:00,8,2,6
1/23/20 15:00,26,20,6
1/23/20 16:00,54,41,13
1/23/20 17:00,84,74,10
1/23/20 18:00,48,46,2
1/23/20 19:00,28,26,2
1/23/20 20:00,5,2,3
1/23/20 21:00,8,4,4
1/23/20 22:00,5,3,2
1/23/20 23:00,2,2,0
1/24/20 0:00,0,0,0
1/24/20 1:00,1,0,1
1/24/20 2:00,2,2,0
1/24/20 3:00,2,0,2
1/24/20 4:00,5,1,4
1/24/20 5:00,12,4,8
1/24/20 6:00,35,6,29
1/24/20 7:00,69,11,58
1/24/20 8:00,92,9,83
1/24/20 9:00,25,6,19
1/24/20 10:00,11,1,10
1/24/20 11:00,8,2,6
1/24/20 12:00,6,5,1
1/24/20 13:00,4,3,1
1/24/20 14:00,16,7,9
1/24/20 15:00,33,25,8
1/24/20 16:00,50,43,7
1/24/20 17:00,86,79,7
1/24/20 18:00,35,31,4
1/24/20 19:00,18,13,5
1/24/20 20:00,3,2,1
1/24/20 21:00,4,4,0
1/24/20 22:00,2,1,1
1/24/20 23:00,4,4,0
1/25/20 0:00,2,2,0
1/25/20 1:00,4,3,1
1/25/20 2:00,1,1,0
1/25/20 3:00,4,0,4
1/25/20 4:00,1,0,1
1/25/20 5:00,3,1,2
1/25/20 6:00,5,1,4
1/25/20 7:00,1,0,1
1/25/20 8:00,18,6,12
1/25/20 9:00,9,2,7
1/25/20 10:00,25,9,16
1/25/20 11:00,16,8,8
1/25/20 12:00,18,13,5
1/25/20 13:00,29,14,15
1/25/20 14:00,42,21,21
1/25/20 15:00,23,8,15
1/25/20 16:00,26,16,10
1/25/20 17:00,9,7,2
1/25/20 18:00,7,6,1
1/25/20 19:00,5,2,3
1/25/20 20:00,8,4,4
1/25/20 21:00,5,3,2
1/25/20 22:00,0,0,0
1/25/20 23:00,4,2,2
1/26/20 0:00,2,2,0
1/26/20 1:00,2,2,0
1/26/20 2:00,2,1,1
1/26/20 3:00,0,0,0
1/26/20 4:00,0,0,0
1/26/20 5:00,1,0,1
1/26/20 6:00,4,1,3
1/26/20 7:00,7,0,7
1/26/20 8:00,5,3,2
1/26/20 9:00,16,7,9
1/26/20 10:00,19,9,10
1/26/20 11:00,42,23,19
1/26/20 12:00,44,19,25
1/26/20 13:00,35,22,13
1/26/20 14:00,39,22,17
1/26/20 15:00,30,14,16
1/26/20 16:00,19,5,14
1/26/20 17:00,12,5,7
1/26/20 18:00,9,7,2
1/26/20 19:00,3,1,2
1/26/20 20:00,0,0,0
1/26/20 21:00,6,5,1
1/26/20 22:00,7,4,3
1/26/20 23:00,1,0,1
1/27/20 0:00,0,0,0
1/27/20 1:00,2,1,1
1/27/20 2:00,1,1,0
1/27/20 3:00,2,2,0
1/27/20 4:00,4,1,3
1/27/20 5:00,12,3,9
1/27/20 6:00,45,3,42
1/27/20 7:00,92,8,84
1/27/20 8:00,112,4,108
1/27/20 9:00,42,3,39
1/27/20 10:00,28,9,19
1/27/20 11:00,18,5,13
1/27/20 12:00,14,6,8
1/27/20 13:00,22,14,8
1/27/20 14:00,20,10,10
1/27/20 15:00,35,29,6
1/27/20 16:00,71,62,9
1/27/20 17:00,119,106,13
1/27/20 18:00,60,51,9
1/27/20 19:00,21,18,3
1/27/20 20:00,4,4,0
1/27/20 21:00,3,2,1
1/27/20 22:00,2,1,1
1/27/20 23:00,2,1,1
1/28/20 0:00,2,1,1
1/28/20 1:00,0,0,0
1/28/20 2:00,2,1,1
1/28/20 3:00,1,0,1
1/28/20 4:00,4,1,3
1/28/20 5:00,18,6,12
1/28/20 6:00,41,5,36
1/28/20 7:00,59,5,54
1/28/20 8:00,101,8,93
1/28/20 9:00,27,4,23
1/28/20 10:00,15,3,12
1/28/20 11:00,8,2,6
1/28/20 12:00,12,3,9
1/28/20 13:00,11,7,4
1/28/20 14:00,20,12,8
1/28/20 15:00,37,26,11
1/28/20 16:00,61,49,12
1/28/20 17:00,120,105,15
1/28/20 18:00,58,52,6
1/28/20 19:00,14,14,0
1/28/20 20:00,13,8,5
1/28/20 21:00,5,5,0
1/28/20 22:00,6,4,2
1/28/20 23:00,1,1,0
1/29/20 0:00,0,0,0
1/29/20 1:00,3,3,0
1/29/20 2:00,1,1,0
1/29/20 3:00,1,0,1
1/29/20 4:00,4,1,3
1/29/20 5:00,16,3,13
1/29/20 6:00,57,3,54
1/29/20 7:00,66,6,60
1/29/20 8:00,107,10,97
1/29/20 9:00,33,3,30
1/29/20 10:00,9,3,6
1/29/20 11:00,7,3,4
1/29/20 12:00,6,2,4
1/29/20 13:00,8,4,4
1/29/20 14:00,12,8,4
1/29/20 15:00,25,20,5
1/29/20 16:00,65,56,9
1/29/20 17:00,103,91,12
1/29/20 18:00,52,47,5
1/29/20 19:00,24,21,3
1/29/20 20:00,10,10,0
1/29/20 21:00,9,7,2
1/29/20 22:00,2,2,0
1/29/20 23:00,3,3,0
1/30/20 0:00,0,0,0
1/30/20 1:00,2,0,2
1/30/20 2:00,1,1,0
1/30/20 3:00,1,0,1
1/30/20 4:00,3,1,2
1/30/20 5:00,22,5,17
1/30/20 6:00,48,11,37
1/30/20 7:00,91,6,85
1/30/20 8:00,125,9,116
1/30/20 9:00,42,5,37
1/30/20 10:00,21,7,14
1/30/20 11:00,17,7,10
1/30/20 12:00,11,5,6
1/30/20 13:00,9,5,4
1/30/20 14:00,25,13,12
1/30/20 15:00,33,24,9
1/30/20 16:00,76,67,9
1/30/20 17:00,119,111,8
1/30/20 18:00,62,56,6
1/30/20 19:00,20,15,5
1/30/20 20:00,11,9,2
1/30/20 21:00,7,6,1
1/30/20 22:00,3,3,0
1/30/20 23:00,2,2,0
1/31/20 0:00,0,0,0
1/31/20 1:00,3,2,1
1/31/20 2:00,2,2,0
1/31/20 3:00,1,0,1
1/31/20 4:00,3,1,2
1/31/20 5:00,9,4,5
1/31/20 6:00,25,3,22
1/31/20 7:00,63,3,60
1/31/20 8:00,68,7,61
1/31/20 9:00,26,8,18
1/31/20 10:00,10,2,8
1/31/20 11:00,8,5,3
1/31/20 12:00,8,4,4
1/31/20 13:00,8,5,3
1/31/20 14:00,8,5,3
1/31/20 15:00,12,9,3
1/31/20 16:00,42,34,8
1/31/20 17:00,74,67,7
1/31/20 18:00,24,24,0
1/31/20 19:00,10,7,3
1/31/20 20:00,7,6,1
1/31/20 21:00,3,2,1
1/31/20 22:00,0,0,0
1/31/20 23:00,0,0,0
2/1/20 0:00,5,3,2
2/1/20 1:00,0,0,0
2/1/20 2:00,2,1,1
2/1/20 3:00,2,1,1
2/1/20 4:00,0,0,0
2/1/20 5:00,0,0,0
2/1/20 6:00,4,3,1
2/1/20 7:00,3,0,3
2/1/20 8:00,6,3,3
2/1/20 9:00,10,5,5
2/1/20 10:00,6,4,2
2/1/20 11:00,16,9,7
2/1/20 12:00,23,7,16
2/1/20 13:00,20,9,11
2/1/20 14:00,30,18,12
2/1/20 15:00,33,17,16
2/1/20 16:00,24,13,11
2/1/20 17:00,18,10,8
2/1/20 18:00,8,5,3
2/1/20 19:00,7,5,2
2/1/20 20:00,4,2,2
2/1/20 21:00,2,1,1
2/1/20 22:00,1,0,1
2/1/20 23:00,2,1,1
2/2/20 0:00,1,1,0
2/2/20 1:00,3,3,0
2/2/20 2:00,0,0,0
2/2/20 3:00,0,0,0
2/2/20 4:00,3,1,2
2/2/20 5:00,2,2,0
2/2/20 6:00,1,1,0
2/2/20 7:00,7,3,4
2/2/20 8:00,5,1,4
2/2/20 9:00,18,8,10
2/2/20 10:00,38,10,28
2/2/20 11:00,44,28,16
2/2/20 12:00,53,32,21
2/2/20 13:00,49,28,21
2/2/20 14:00,44,17,27
2/2/20 15:00,40,16,24
2/2/20 16:00,19,10,9
2/2/20 17:00,13,6,7
2/2/20 18:00,4,1,3
2/2/20 19:00,3,1,2
2/2/20 20:00,3,2,1
2/2/20 21:00,5,3,2
2/2/20 22:00,5,4,1
2/2/20 23:00,2,1,1
2/3/20 0:00,1,1,0
2/3/20 1:00,3,2,1
2/3/20 2:00,1,0,1
2/3/20 3:00,0,0,0
2/3/20 4:00,3,1,2
2/3/20 5:00,18,7,11
2/3/20 6:00,45,3,42
2/3/20 7:00,96,7,89
2/3/20 8:00,115,9,106
2/3/20 9:00,45,8,37
2/3/20 10:00,20,5,15
2/3/20 11:00,15,4,11
2/3/20 12:00,11,1,10
2/3/20 13:00,6,3,3
2/3/20 14:00,22,14,8
2/3/20 15:00,38,32,6
2/3/20 16:00,77,64,13
2/3/20 17:00,138,132,6
2/3/20 18:00,70,63,7
2/3/20 19:00,19,16,3
2/3/20 20:00,9,6,3
2/3/20 21:00,8,5,3
2/3/20 22:00,1,1,0
2/3/20 23:00,0,0,0
2/4/20 0:00,1,0,1
2/4/20 1:00,3,1,2
2/4/20 2:00,1,0,1
2/4/20 3:00,2,2,0
2/4/20 4:00,2,0,2
2/4/20 5:00,19,8,11
2/4/20 6:00,50,7,43
2/4/20 7:00,83,6,77
2/4/20 8:00,108,5,103
2/4/20 9:00,35,3,32
2/4/20 10:00,13,2,11
2/4/20 11:00,6,2,4
2/4/20 12:00,6,3,3
2/4/20 13:00,8,3,5
2/4/20 14:00,9,6,3
2/4/20 15:00,29,21,8
2/4/20 16:00,55,45,10
2/4/20 17:00,108,103,5
2/4/20 18:00,53,47,6
2/4/20 19:00,13,10,3
2/4/20 20:00,14,9,5
2/4/20 21:00,10,10,0
2/4/20 22:00,3,2,1
2/4/20 23:00,0,0,0
2/5/20 0:00,1,1,0
2/5/20 1:00,1,1,0
2/5/20 2:00,1,1,0
2/5/20 3:00,0,0,0
2/5/20 4:00,5,3,2
2/5/20 5:00,18,5,13
2/5/20 6:00,43,6,37
2/5/20 7:00,64,8,56
2/5/20 8:00,90,10,80
2/5/20 9:00,25,5,20
2/5/20 10:00,5,2,3
2/5/20 11:00,7,5,2
2/5/20 12:00,5,0,5
2/5/20 13:00,8,4,4
2/5/20 14:00,11,6,5
2/5/20 15:00,20,15,5
2/5/20 16:00,52,46,6
2/5/20 17:00,85,77,8
2/5/20 18:00,55,49,6
2/5/20 19:00,13,13,0
2/5/20 20:00,8,6,2
2/5/20 21:00,4,3,1
2/5/20 22:00,4,4,0
2/5/20 23:00,0,0,0
2/6/20 0:00,0,0,0
2/6/20 1:00,2,1,1
2/6/20 2:00,1,0,1
2/6/20 3:00,0,0,0
2/6/20 4:00,5,2,3
2/6/20 5:00,16,5,11
2/6/20 6:00,38,5,33
2/6/20 7:00,57,5,52
2/6/20 8:00,77,11,66
2/6/20 9:00,19,2,17
2/6/20 10:00,8,0,8
2/6/20 11:00,1,0,1
2/6/20 12:00,5,3,2
2/6/20 13:00,4,3,1
2/6/20 14:00,12,10,2
2/6/20 15:00,24,18,6
2/6/20 16:00,56,48,8
2/6/20 17:00,66,62,4
2/6/20 18:00,49,45,4
2/6/20 19:00,14,9,5
2/6/20 20:00,8,7,1
2/6/20 21:00,0,0,0
2/6/20 22:00,4,4,0
2/6/20 23:00,3,2,1
2/7/20 0:00,1,0,1
2/7/20 1:00,2,1,1
2/7/20 2:00,0,0,0
2/7/20 3:00,3,2,1
2/7/20 4:00,4,2,2
2/7/20 5:00,16,4,12
2/7/20 6:00,28,5,23
2/7/20 7:00,56,5,51
2/7/20 8:00,72,7,65
2/7/20 9:00,18,3,15
2/7/20 10:00,17,6,11
2/7/20 11:00,18,6,12
2/7/20 12:00,14,9,5
2/7/20 13:00,9,6,3
2/7/20 14:00,12,5,7
2/7/20 15:00,23,18,5
2/7/20 16:00,56,47,9
2/7/20 17:00,61,55,6
2/7/20 18:00,31,27,4
2/7/20 19:00,16,13,3
2/7/20 20:00,5,4,1
2/7/20 21:00,8,6,2
2/7/20 22:00,6,4,2
2/7/20 23:00,1,0,1
2/8/20 0:00,0,0,0
2/8/20 1:00,0,0,0
2/8/20 2:00,1,1,0
2/8/20 3:00,0,0,0
2/8/20 4:00,0,0,0
2/8/20 5:00,1,0,1
2/8/20 6:00,8,3,5
2/8/20 7:00,8,1,7
2/8/20 8:00,9,4,5
2/8/20 9:00,17,8,9
2/8/20 10:00,16,6,10
2/8/20 11:00,37,21,16
2/8/20 12:00,47,22,25
2/8/20 13:00,53,27,26
2/8/20 14:00,28,13,15
2/8/20 15:00,36,19,17
2/8/20 16:00,27,15,12
2/8/20 17:00,36,12,24
2/8/20 18:00,8,7,1
2/8/20 19:00,2,1,1
2/8/20 20:00,7,6,1
2/8/20 21:00,1,1,0
2/8/20 22:00,2,0,2
2/8/20 23:00,3,2,1
2/9/20 0:00,1,1,0
2/9/20 1:00,0,0,0
2/9/20 2:00,0,0,0
2/9/20 3:00,1,1,0
2/9/20 4:00,9,3,6
2/9/20 5:00,3,1,2
2/9/20 6:00,4,1,3
2/9/20 7:00,4,0,4
2/9/20 8:00,4,1,3
2/9/20 9:00,21,4,17
2/9/20 10:00,37,16,21
2/9/20 11:00,46,26,20
2/9/20 12:00,43,21,22
2/9/20 13:00,53,30,23
2/9/20 14:00,61,41,20
2/9/20 15:00,68,45,23
2/9/20 16:00,45,24,21
2/9/20 17:00,23,12,11
2/9/20 18:00,9,8,1
2/9/20 19:00,6,3,3
2/9/20 20:00,0,0,0
2/9/20 21:00,5,4,1
2/9/20 22:00,4,2,2
2/9/20 23:00,2,0,2
2/10/20 0:00,1,1,0
2/10/20 1:00,2,1,1
2/10/20 2:00,0,0,0
2/10/20 3:00,0,0,0
2/10/20 4:00,4,0,4
2/10/20 5:00,20,4,16
2/10/20 6:00,57,7,50
2/10/20 7:00,113,7,106
2/10/20 8:00,143,10,133
2/10/20 9:00,42,4,38
2/10/20 10:00,25,9,16
2/10/20 11:00,16,5,11
2/10/20 12:00,9,4,5
2/10/20 13:00,13,3,10
2/10/20 14:00,24,10,14
2/10/20 15:00,49,41,8
2/10/20 16:00,110,78,32
2/10/20 17:00,180,168,12
2/10/20 18:00,72,65,7
2/10/20 19:00,19,17,2
2/10/20 20:00,13,10,3
2/10/20 21:00,8,5,3
2/10/20 22:00,0,0,0
2/10/20 23:00,0,0,0
2/11/20 0:00,2,1,1
2/11/20 1:00,0,0,0
2/11/20 2:00,1,1,0
2/11/20 3:00,0,0,0
2/11/20 4:00,3,2,1
2/11/20 5:00,20,6,14
2/11/20 6:00,58,8,50
2/11/20 7:00,109,6,103
2/11/20 8:00,128,9,119
2/11/20 9:00,52,6,46
2/11/20 10:00,17,3,14
2/11/20 11:00,15,5,10
2/11/20 12:00,15,6,9
2/11/20 13:00,14,7,7
2/11/20 14:00,21,14,7
2/11/20 15:00,40,22,18
2/11/20 16:00,82,69,13
2/11/20 17:00,162,144,18
2/11/20 18:00,82,73,9
2/11/20 19:00,26,23,3
2/11/20 20:00,13,9,4
2/11/20 21:00,9,7,2
2/11/20 22:00,8,4,4
2/11/20 23:00,2,1,1
2/12/20 0:00,1,1,0
2/12/20 1:00,1,1,0
2/12/20 2:00,1,1,0
2/12/20 3:00,0,0,0
2/12/20 4:00,3,1,2
2/12/20 5:00,23,9,14
2/12/20 6:00,61,9,52
2/12/20 7:00,100,10,90
2/12/20 8:00,118,11,107
2/12/20 9:00,41,6,35
2/12/20 10:00,16,2,14
2/12/20 11:00,13,5,8
2/12/20 12:00,15,7,8
2/12/20 13:00,24,13,11
2/12/20 14:00,22,12,10
2/12/20 15:00,41,28,13
2/12/20 16:00,108,84,24
2/12/20 17:00,148,134,14
2/12/20 18:00,67,59,8
2/12/20 19:00,25,20,5
2/12/20 20:00,7,5,2
2/12/20 21:00,7,5,2
2/12/20 22:00,4,2,2
2/12/20 23:00,2,2,0
2/13/20 0:00,0,0,0
2/13/20 1:00,2,1,1
2/13/20 2:00,1,1,0
2/13/20 3:00,0,0,0
2/13/20 4:00,5,1,4
2/13/20 5:00,18,5,13
2/13/20 6:00,45,3,42
2/13/20 7:00,89,6,83
2/13/20 8:00,105,10,95
2/13/20 9:00,30,6,24
2/13/20 10:00,11,4,7
2/13/20 11:00,8,3,5
2/13/20 12:00,8,4,4
2/13/20 13:00,7,0,7
2/13/20 14:00,16,9,7
2/13/20 15:00,41,34,7
2/13/20 16:00,58,44,14
2/13/20 17:00,116,108,8
2/13/20 18:00,51,47,4
2/13/20 19:00,30,23,7
2/13/20 20:00,6,6,0
2/13/20 21:00,1,0,1
2/13/20 22:00,2,1,1
2/13/20 23:00,2,2,0
2/14/20 0:00,2,2,0
2/14/20 1:00,1,1,0
2/14/20 2:00,1,1,0
2/14/20 3:00,1,0,1
2/14/20 4:00,4,2,2
2/14/20 5:00,18,6,12
2/14/20 6:00,37,8,29
2/14/20 7:00,67,9,58
2/14/20 8:00,92,12,80
2/14/20 9:00,34,8,26
2/14/20 10:00,23,7,16
2/14/20 11:00,25,16,9
2/14/20 12:00,16,8,8
2/14/20 13:00,25,12,13
2/14/20 14:00,25,17,8
2/14/20 15:00,47,28,19
2/14/20 16:00,72,55,17
2/14/20 17:00,99,88,11
2/14/20 18:00,36,34,2
2/14/20 19:00,18,14,4
2/14/20 20:00,5,4,1
2/14/20 21:00,9,4,5
2/14/20 22:00,2,1,1
2/14/20 23:00,3,2,1
2/15/20 0:00,1,0,1
2/15/20 1:00,2,2,0
2/15/20 2:00,2,2,0
2/15/20 3:00,0,0,0
2/15/20 4:00,1,1,0
2/15/20 5:00,2,1,1
2/15/20 6:00,7,2,5
2/15/20 7:00,5,2,3
2/15/20 8:00,11,1,10
2/15/20 9:00,6,2,4
2/15/20 10:00,17,8,9
2/15/20 11:00,13,7,6
2/15/20 12:00,12,5,7
2/15/20 13:00,20,14,6
2/15/20 14:00,11,4,7
2/15/20 15:00,7,1,6
2/15/20 16:00,6,5,1
2/15/20 17:00,8,7,1
2/15/20 18:00,11,9,2
2/15/20 19:00,6,2,4
2/15/20 20:00,2,0,2
2/15/20 21:00,3,2,1
2/15/20 22:00,4,1,3
2/15/20 23:00,1,1,0
2/16/20 0:00,4,2,2
2/16/20 1:00,0,0,0
2/16/20 2:00,0,0,0
2/16/20 3:00,0,0,0
2/16/20 4:00,1,1,0
2/16/20 5:00,2,0,2
2/16/20 6:00,0,0,0
2/16/20 7:00,6,2,4
2/16/20 8:00,9,2,7
2/16/20 9:00,26,4,22
2/16/20 10:00,20,13,7
2/16/20 11:00,17,6,11
2/16/20 12:00,29,23,6
2/16/20 13:00,28,15,13
2/16/20 14:00,12,8,4
2/16/20 15:00,21,9,12
2/16/20 16:00,21,10,11
2/16/20 17:00,11,5,6
2/16/20 18:00,8,5,3
2/16/20 19:00,9,6,3
2/16/20 20:00,3,3,0
2/16/20 21:00,2,0,2
2/16/20 22:00,5,3,2
2/16/20 23:00,0,0,0
2/17/20 0:00,1,0,1
2/17/20 1:00,1,1,0
2/17/20 2:00,0,0,0
2/17/20 3:00,1,1,0
2/17/20 4:00,1,0,1
2/17/20 5:00,8,4,4
2/17/20 6:00,19,5,14
2/17/20 7:00,42,6,36
2/17/20 8:00,48,2,46
2/17/20 9:00,39,13,26
2/17/20 10:00,30,13,17
2/17/20 11:00,49,21,28
2/17/20 12:00,45,23,22
2/17/20 13:00,49,25,24
2/17/20 14:00,39,22,17
2/17/20 15:00,44,20,24
2/17/20 16:00,63,40,23
2/17/20 17:00,67,56,11
2/17/20 18:00,36,31,5
2/17/20 19:00,15,10,5
2/17/20 20:00,9,4,5
2/17/20 21:00,6,6,0
2/17/20 22:00,4,3,1
2/17/20 23:00,2,2,0
2/18/20 0:00,5,4,1
2/18/20 1:00,1,1,0
2/18/20 2:00,1,1,0
2/18/20 3:00,0,0,0
2/18/20 4:00,6,2,4
2/18/20 5:00,21,6,15
2/18/20 6:00,53,4,49
2/18/20 7:00,101,8,93
2/18/20 8:00,114,4,110
2/18/20 9:00,41,9,32
2/18/20 10:00,29,9,20
2/18/20 11:00,27,6,21
2/18/20 12:00,14,8,6
2/18/20 13:00,17,5,12
2/18/20 14:00,28,18,10
2/18/20 15:00,44,31,13
2/18/20 16:00,79,64,15
2/18/20 17:00,151,131,20
2/18/20 18:00,64,59,5
2/18/20 19:00,26,23,3
2/18/20 20:00,10,10,0
2/18/20 21:00,4,1,3
2/18/20 22:00,2,1,1
2/18/20 23:00,0,0,0
2/19/20 0:00,1,1,0
2/19/20 1:00,0,0,0
2/19/20 2:00,4,4,0
2/19/20 3:00,0,0,0
2/19/20 4:00,2,1,1
2/19/20 5:00,16,3,13
2/19/20 6:00,48,2,46
2/19/20 7:00,88,8,80
2/19/20 8:00,118,6,112
2/19/20 9:00,55,8,47
2/19/20 10:00,18,8,10
2/19/20 11:00,22,11,11
2/19/20 12:00,26,12,14
2/19/20 13:00,23,11,12
2/19/20 14:00,24,14,10
2/19/20 15:00,53,30,23
2/19/20 16:00,82,67,15
2/19/20 17:00,149,130,19
2/19/20 18:00,66,55,11
2/19/20 19:00,18,15,3
2/19/20 20:00,20,16,4
2/19/20 21:00,6,6,0
2/19/20 22:00,2,2,0
2/19/20 23:00,2,1,1
2/20/20 0:00,3,2,1
2/20/20 1:00,0,0,0
2/20/20 2:00,2,2,0
2/20/20 3:00,0,0,0
2/20/20 4:00,4,1,3
2/20/20 5:00,15,5,10
2/20/20 6:00,55,7,48
2/20/20 7:00,94,5,89
2/20/20 8:00,115,3,112
2/20/20 9:00,43,6,37
2/20/20 10:00,26,6,20
2/20/20 11:00,11,3,8
2/20/20 12:00,23,11,12
2/20/20 13:00,12,3,9
2/20/20 14:00,28,17,11
2/20/20 15:00,58,38,20
2/20/20 16:00,96,78,18
2/20/20 17:00,148,134,14
2/20/20 18:00,67,52,15
2/20/20 19:00,28,22,6
2/20/20 20:00,37,34,3
2/20/20 21:00,7,6,1
2/20/20 22:00,6,4,2
2/20/20 23:00,2,1,1
2/21/20 0:00,3,0,3
2/21/20 1:00,0,0,0
2/21/20 2:00,3,3,0
2/21/20 3:00,3,1,2
2/21/20 4:00,6,3,3
2/21/20 5:00,14,2,12
2/21/20 6:00,38,3,35
2/21/20 7:00,75,4,71
2/21/20 8:00,82,5,77
2/21/20 9:00,41,6,35
2/21/20 10:00,19,6,13
2/21/20 11:00,9,4,5
2/21/20 12:00,16,10,6
2/21/20 13:00,32,15,17
2/21/20 14:00,30,21,9
2/21/20 15:00,50,36,14
2/21/20 16:00,71,57,14
2/21/20 17:00,111,93,18
2/21/20 18:00,55,41,14
2/21/20 19:00,11,8,3
2/21/20 20:00,12,10,2
2/21/20 21:00,8,5,3
2/21/20 22:00,5,3,2
2/21/20 23:00,3,1,2
2/22/20 0:00,1,0,1
2/22/20 1:00,2,1,1
2/22/20 2:00,1,1,0
2/22/20 3:00,0,0,0
2/22/20 4:00,1,0,1
2/22/20 5:00,4,1,3
2/22/20 6:00,8,4,4
2/22/20 7:00,12,10,2
2/22/20 8:00,20,6,14
2/22/20 9:00,19,6,13
2/22/20 10:00,25,10,15
2/22/20 11:00,61,31,30
2/22/20 12:00,22,7,15
2/22/20 13:00,34,8,26
2/22/20 14:00,34,17,17
2/22/20 15:00,21,15,6
2/22/20 16:00,22,10,12
2/22/20 17:00,16,10,6
2/22/20 18:00,20,12,8
2/22/20 19:00,5,3,2
2/22/20 20:00,6,1,5
2/22/20 21:00,2,2,0
2/22/20 22:00,4,2,2
2/22/20 23:00,1,1,0
2/23/20 0:00,0,0,0
2/23/20 1:00,0,0,0
2/23/20 2:00,0,0,0
2/23/20 3:00,0,0,0
2/23/20 4:00,1,1,0
2/23/20 5:00,1,0,1
2/23/20 6:00,1,0,1
2/23/20 7:00,22,1,21
2/23/20 8:00,16,3,13
2/23/20 9:00,6,2,4
2/23/20 10:00,5,4,1
2/23/20 11:00,14,7,7
2/23/20 12:00,15,5,10
2/23/20 13:00,31,20,11
2/23/20 14:00,36,23,13
2/23/20 15:00,6,4,2
2/23/20 16:00,19,13,6
2/23/20 17:00,11,5,6
2/23/20 18:00,6,3,3
2/23/20 19:00,1,1,0
2/23/20 20:00,0,0,0
2/23/20 21:00,3,3,0
2/23/20 22:00,1,0,1
2/23/20 23:00,0,0,0
2/24/20 0:00,0,0,0
2/24/20 1:00,0,0,0
2/24/20 2:00,0,0,0
2/24/20 3:00,1,1,0
2/24/20 4:00,5,0,5
2/24/20 5:00,20,2,18
2/24/20 6:00,54,2,52
2/24/20 7:00,99,4,95
2/24/20 8:00,130,8,122
2/24/20 9:00,35,3,32
2/24/20 10:00,12,0,12
2/24/20 11:00,12,4,8
2/24/20 12:00,12,5,7
2/24/20 13:00,11,4,7
2/24/20 14:00,14,6,8
2/24/20 15:00,48,36,12
2/24/20 16:00,93,77,16
2/24/20 17:00,163,144,19
2/24/20 18:00,73,63,10
2/24/20 19:00,30,22,8
2/24/20 20:00,12,10,2
2/24/20 21:00,4,2,2
2/24/20 22:00,3,1,2
2/24/20 23:00,7,4,3
2/25/20 0:00,0,0,0
2/25/20 1:00,2,2,0
2/25/20 2:00,5,3,2
2/25/20 3:00,0,0,0
2/25/20 4:00,3,1,2
2/25/20 5:00,21,3,18
2/25/20 6:00,52,4,48
2/25/20 7:00,120,7,113
2/25/20 8:00,121,9,112
2/25/20 9:00,51,6,45
2/25/20 10:00,18,1,17
2/25/20 11:00,11,5,6
2/25/20 12:00,12,4,8
2/25/20 13:00,10,4,6
2/25/20 14:00,21,12,9
2/25/20 15:00,44,34,10
2/25/20 16:00,87,74,13
2/25/20 17:00,168,148,20
2/25/20 18:00,84,72,12
2/25/20 19:00,29,23,6
2/25/20 20:00,12,9,3
2/25/20 21:00,15,11,4
2/25/20 22:00,4,4,0
2/25/20 23:00,6,1,5
2/26/20 0:00,4,4,0
2/26/20 1:00,0,0,0
2/26/20 2:00,3,2,1
2/26/20 3:00,0,0,0
2/26/20 4:00,4,1,3
2/26/20 5:00,26,6,20
2/26/20 6:00,76,6,70
2/26/20 7:00,98,12,86
2/26/20 8:00,134,15,119
2/26/20 9:00,43,7,36
2/26/20 10:00,30,11,19
2/26/20 11:00,11,5,6
2/26/20 12:00,17,7,10
2/26/20 13:00,24,7,17
2/26/20 14:00,19,6,13
2/26/20 15:00,54,42,12
2/26/20 16:00,84,67,17
2/26/20 17:00,158,145,13
2/26/20 18:00,83,71,12
2/26/20 19:00,26,20,6
2/26/20 20:00,16,9,7
2/26/20 21:00,6,5,1
2/26/20 22:00,9,8,1
2/26/20 23:00,2,2,0
2/27/20 0:00,5,1,4
2/27/20 1:00,1,1,0
2/27/20 2:00,1,1,0
2/27/20 3:00,1,1,0
2/27/20 4:00,3,1,2
2/27/20 5:00,24,5,19
2/27/20 6:00,61,5,56
2/27/20 7:00,109,9,100
2/27/20 8:00,156,11,145
2/27/20 9:00,56,11,45
2/27/20 10:00,29,9,20
2/27/20 11:00,34,19,15
2/27/20 12:00,27,17,10
2/27/20 13:00,31,12,19
2/27/20 14:00,35,16,19
2/27/20 15:00,52,33,19
2/27/20 16:00,106,86,20
2/27/20 17:00,201,171,30
2/27/20 18:00,87,71,16
2/27/20 19:00,37,27,10
2/27/20 20:00,11,9,2
2/27/20 21:00,17,14,3
2/27/20 22:00,5,3,2
2/27/20 23:00,1,1,0
2/28/20 0:00,3,1,2
2/28/20 1:00,4,3,1
2/28/20 2:00,3,2,1
2/28/20 3:00,4,2,2
2/28/20 4:00,3,3,0
2/28/20 5:00,19,4,15
2/28/20 6:00,47,7,40
2/28/20 7:00,84,11,73
2/28/20 8:00,112,6,106
2/28/20 9:00,32,8,24
2/28/20 10:00,19,7,12
2/28/20 11:00,9,4,5
2/28/20 12:00,19,11,8
2/28/20 13:00,12,7,5
2/28/20 14:00,15,10,5
2/28/20 15:00,46,35,11
2/28/20 16:00,74,55,19
2/28/20 17:00,88,75,13
2/28/20 18:00,47,41,6
2/28/20 19:00,21,17,4
2/28/20 20:00,10,8,2
2/28/20 21:00,1,0,1
2/28/20 22:00,2,2,0
2/28/20 23:00,1,0,1
2/29/20 0:00,0,0,0
2/29/20 1:00,0,0,0
2/29/20 2:00,1,0,1
2/29/20 3:00,0,0,0
2/29/20 4:00,0,0,0
2/29/20 5:00,1,1,0
2/29/20 6:00,4,0,4
2/29/20 7:00,9,2,7
2/29/20 8:00,13,5,8
2/29/20 9:00,14,4,10
2/29/20 10:00,17,9,8
2/29/20 11:00,29,18,11
2/29/20 12:00,25,6,19
2/29/20 13:00,22,13,9
2/29/20 14:00,19,10,9
2/29/20 15:00,13,8,5
2/29/20 16:00,24,14,10
2/29/20 17:00,15,10,5
2/29/20 18:00,8,5,3
2/29/20 19:00,3,2,1
2/29/20 20:00,4,1,3
2/29/20 21:00,2,0,2
2/29/20 22:00,5,3,2
2/29/20 23:00,0,0,0
3/1/20 0:00,0,0,0
3/1/20 1:00,0,0,0
3/1/20 2:00,0,0,0
3/1/20 3:00,0,0,0
3/1/20 4:00,2,1,1
3/1/20 5:00,1,0,1
3/1/20 6:00,5,2,3
3/1/20 7:00,6,1,5
3/1/20 8:00,18,8,10
3/1/20 9:00,40,24,16
3/1/20 10:00,55,26,29
3/1/20 11:00,57,27,30
3/1/20 12:00,47,28,19
3/1/20 13:00,72,37,35
3/1/20 14:00,48,21,27
3/1/20 15:00,36,25,11
3/1/20 16:00,28,12,16
3/1/20 17:00,16,10,6
3/1/20 18:00,7,2,5
3/1/20 19:00,3,1,2
3/1/20 20:00,6,1,5
3/1/20 21:00,3,3,0
3/1/20 22:00,1,0,1
3/1/20 23:00,2,2,0
3/2/20 0:00,1,1,0
3/2/20 1:00,1,1,0
3/2/20 2:00,0,0,0
3/2/20 3:00,0,0,0
3/2/20 4:00,2,0,2
3/2/20 5:00,17,3,14
3/2/20 6:00,55,4,51
3/2/20 7:00,114,10,104
3/2/20 8:00,103,9,94
3/2/20 9:00,43,3,40
3/2/20 10:00,11,1,10
3/2/20 11:00,7,4,3
3/2/20 12:00,9,4,5
3/2/20 13:00,13,6,7
3/2/20 14:00,20,15,5
3/2/20 15:00,38,34,4
3/2/20 16:00,73,63,10
3/2/20 17:00,125,120,5
3/2/20 18:00,73,67,6
3/2/20 19:00,16,12,4
3/2/20 20:00,11,9,2
3/2/20 21:00,2,1,1
3/2/20 22:00,2,0,2
3/2/20 23:00,4,3,1
3/3/20 0:00,1,0,1
3/3/20 1:00,1,1,0
3/3/20 2:00,1,1,0
3/3/20 3:00,1,1,0
3/3/20 4:00,2,2,0
3/3/20 5:00,16,2,14
3/3/20 6:00,62,7,55
3/3/20 7:00,105,4,101
3/3/20 8:00,135,7,128
3/3/20 9:00,42,4,38
3/3/20 10:00,23,2,21
3/3/20 11:00,16,5,11
3/3/20 12:00,18,7,11
3/3/20 13:00,17,11,6
3/3/20 14:00,14,8,6
3/3/20 15:00,48,34,14
3/3/20 16:00,76,70,6
3/3/20 17:00,133,125,8
3/3/20 18:00,76,66,10
3/3/20 19:00,27,23,4
3/3/20 20:00,15,13,2
3/3/20 21:00,5,4,1
3/3/20 22:00,4,1,3
3/3/20 23:00,4,4,0
3/4/20 0:00,0,0,0
3/4/20 1:00,1,1,0
3/4/20 2:00,1,1,0
3/4/20 3:00,0,0,0
3/4/20 4:00,2,0,2
3/4/20 5:00,14,4,10
3/4/20 6:00,61,7,54
3/4/20 7:00,89,3,86
3/4/20 8:00,116,11,105
3/4/20 9:00,53,8,45
3/4/20 10:00,20,1,19
3/4/20 11:00,12,6,6
3/4/20 12:00,27,12,15
3/4/20 13:00,27,11,16
3/4/20 14:00,41,21,20
3/4/20 15:00,65,46,19
3/4/20 16:00,91,78,13
3/4/20 17:00,147,123,24
3/4/20 18:00,83,64,19
3/4/20 19:00,44,34,10
3/4/20 20:00,24,16,8
3/4/20 21:00,12,8,4
3/4/20 22:00,1,1,0
3/4/20 23:00,5,4,1
3/5/20 0:00,0,0,0
3/5/20 1:00,1,1,0
3/5/20 2:00,1,1,0
3/5/20 3:00,0,0,0
3/5/20 4:00,4,1,3
3/5/20 5:00,12,3,9
3/5/20 6:00,57,10,47
3/5/20 7:00,96,17,79
3/5/20 8:00,94,7,87
3/5/20 9:00,39,5,34
3/5/20 10:00,19,9,10
3/5/20 11:00,16,6,10
3/5/20 12:00,14,5,9
3/5/20 13:00,22,13,9
3/5/20 14:00,29,18,11
3/5/20 15:00,40,32,8
3/5/20 16:00,67,51,16
3/5/20 17:00,99,86,13
3/5/20 18:00,44,38,6
3/5/20 19:00,21,17,4
3/5/20 20:00,16,11,5
3/5/20 21:00,8,6,2
3/5/20 22:00,1,1,0
3/5/20 23:00,1,1,0
3/6/20 0:00,0,0,0
3/6/20 1:00,0,0,0
3/6/20 2:00,1,1,0
3/6/20 3:00,1,0,1
3/6/20 4:00,1,1,0
3/6/20 5:00,9,3,6
3/6/20 6:00,27,2,25
3/6/20 7:00,44,6,38
3/6/20 8:00,52,8,44
3/6/20 9:00,20,4,16
3/6/20 10:00,5,3,2
3/6/20 11:00,5,3,2
3/6/20 12:00,5,2,3
3/6/20 13:00,10,5,5
3/6/20 14:00,11,6,5
3/6/20 15:00,23,16,7
3/6/20 16:00,41,32,9
3/6/20 17:00,44,39,5
3/6/20 18:00,35,32,3
3/6/20 19:00,14,10,4
3/6/20 20:00,7,5,2
3/6/20 21:00,4,3,1
3/6/20 22:00,1,0,1
3/6/20 23:00,5,4,1
3/7/20 0:00,2,0,2
3/7/20 1:00,1,0,1
3/7/20 2:00,0,0,0
3/7/20 3:00,4,2,2
3/7/20 4:00,0,0,0
3/7/20 5:00,1,0,1
3/7/20 6:00,7,2,5
3/7/20 7:00,10,1,9
3/7/20 8:00,17,6,11
3/7/20 9:00,22,6,16
3/7/20 10:00,19,6,13
3/7/20 11:00,26,17,9
3/7/20 12:00,26,20,6
3/7/20 13:00,18,5,13
3/7/20 14:00,19,6,13
3/7/20 15:00,17,10,7
3/7/20 16:00,20,12,8
3/7/20 17:00,24,14,10
3/7/20 18:00,13,5,8
3/7/20 19:00,6,5,1
3/7/20 20:00,4,2,2
3/7/20 21:00,4,3,1
3/7/20 22:00,3,2,1
3/7/20 23:00,4,3,1
3/8/20 0:00,0,0,0
3/8/20 1:00,1,1,0
3/8/20 2:00,,,
3/8/20 3:00,1,0,1
3/8/20 4:00,1,1,0
3/8/20 5:00,2,0,2
3/8/20 6:00,4,0,4
3/8/20 7:00,3,2,1
3/8/20 8:00,11,5,6
3/8/20 9:00,15,5,10
3/8/20 10:00,23,13,10
3/8/20 11:00,39,27,12
3/8/20 12:00,53,32,21
3/8/20 13:00,50,18,32
3/8/20 14:00,67,27,40
3/8/20 15:00,51,20,31
3/8/20 16:00,45,22,23
3/8/20 17:00,32,20,12
3/8/20 18:00,24,11,13
3/8/20 19:00,6,3,3
3/8/20 20:00,3,0,3
3/8/20 21:00,8,5,3
3/8/20 22:00,1,0,1
3/8/20 23:00,1,1,0
3/9/20 0:00,0,0,0
3/9/20 1:00,1,1,0
3/9/20 2:00,1,1,0
3/9/20 3:00,1,0,1
3/9/20 4:00,1,0,1
3/9/20 5:00,15,2,13
3/9/20 6:00,39,7,32
3/9/20 7:00,57,5,52
3/9/20 8:00,63,3,60
3/9/20 9:00,28,6,22
3/9/20 10:00,17,3,14
3/9/20 11:00,13,4,9
3/9/20 12:00,18,9,9
3/9/20 13:00,18,7,11
3/9/20 14:00,26,17,9
3/9/20 15:00,46,32,14
3/9/20 16:00,75,57,18
3/9/20 17:00,110,86,24
3/9/20 18:00,68,53,15
3/9/20 19:00,20,9,11
3/9/20 20:00,7,4,3
3/9/20 21:00,2,1,1
3/9/20 22:00,9,5,4
3/9/20 23:00,1,1,0
3/10/20 0:00,0,0,0
3/10/20 1:00,2,0,2
3/10/20 2:00,3,3,0
3/10/20 3:00,0,0,0
3/10/20 4:00,3,0,3
3/10/20 5:00,19,3,16
3/10/20 6:00,33,3,30
3/10/20 7:00,63,6,57
3/10/20 8:00,63,4,59
3/10/20 9:00,34,4,30
3/10/20 10:00,20,5,15
3/10/20 11:00,9,1,8
3/10/20 12:00,14,7,7
3/10/20 13:00,16,8,8
3/10/20 14:00,34,17,17
3/10/20 15:00,35,25,10
3/10/20 16:00,61,49,12
3/10/20 17:00,92,81,11
3/10/20 18:00,58,48,10
3/10/20 19:00,24,16,8
3/10/20 20:00,14,9,5
3/10/20 21:00,3,2,1
3/10/20 22:00,3,2,1
3/10/20 23:00,3,3,0
3/11/20 0:00,1,0,1
3/11/20 1:00,1,1,0
3/11/20 2:00,1,1,0
3/11/20 3:00,1,1,0
3/11/20 4:00,4,1,3
3/11/20 5:00,15,2,13
3/11/20 6:00,43,2,41
3/11/20 7:00,56,7,49
3/11/20 8:00,53,9,44
3/11/20 9:00,36,7,29
3/11/20 10:00,24,8,16
3/11/20 11:00,18,8,10
3/11/20 12:00,8,1,7
3/11/20 13:00,14,4,10
3/11/20 14:00,10,5,5
3/11/20 15:00,47,29,18
3/11/20 16:00,60,49,11
3/11/20 17:00,75,62,13
3/11/20 18:00,56,42,14
3/11/20 19:00,24,18,6
3/11/20 20:00,17,13,4
3/11/20 21:00,5,5,0
3/11/20 22:00,10,7,3
3/11/20 23:00,2,2,0
3/12/20 0:00,1,1,0
3/12/20 1:00,0,0,0
3/12/20 2:00,2,2,0
3/12/20 3:00,0,0,0
3/12/20 4:00,0,0,0
3/12/20 5:00,19,3,16
3/12/20 6:00,45,8,37
3/12/20 7:00,57,6,51
3/12/20 8:00,57,5,52
3/12/20 9:00,26,1,25
3/12/20 10:00,14,7,7
3/12/20 11:00,16,4,12
3/12/20 12:00,15,8,7
3/12/20 13:00,17,6,11
3/12/20 14:00,21,9,12
3/12/20 15:00,46,29,17
3/12/20 16:00,66,45,21
3/12/20 17:00,93,77,16
3/12/20 18:00,73,51,22
3/12/20 19:00,21,15,6
3/12/20 20:00,9,8,1
3/12/20 21:00,2,1,1
3/12/20 22:00,5,5,0
3/12/20 23:00,4,3,1
3/13/20 0:00,3,1,2
3/13/20 1:00,2,1,1
3/13/20 2:00,1,1,0
3/13/20 3:00,4,1,3
3/13/20 4:00,2,2,0
3/13/20 5:00,15,1,14
3/13/20 6:00,21,3,18
3/13/20 7:00,23,6,17
3/13/20 8:00,28,3,25
3/13/20 9:00,10,3,7
3/13/20 10:00,5,2,3
3/13/20 11:00,4,1,3
3/13/20 12:00,9,6,3
3/13/20 13:00,8,5,3
3/13/20 14:00,15,7,8
3/13/20 15:00,18,14,4
3/13/20 16:00,21,14,7
3/13/20 17:00,34,30,4
3/13/20 18:00,14,9,5
3/13/20 19:00,9,6,3
3/13/20 20:00,5,5,0
3/13/20 21:00,2,1,1
3/13/20 22:00,2,1,1
3/13/20 23:00,1,0,1
3/14/20 0:00,1,1,0
3/14/20 1:00,1,1,0
3/14/20 2:00,0,0,0
3/14/20 3:00,0,0,0
3/14/20 4:00,0,0,0
3/14/20 5:00,0,0,0
3/14/20 6:00,5,1,4
3/14/20 7:00,5,1,4
3/14/20 8:00,13,9,4
3/14/20 9:00,19,9,10
3/14/20 10:00,21,10,11
3/14/20 11:00,15,5,10
3/14/20 12:00,16,5,11
3/14/20 13:00,34,16,18
3/14/20 14:00,37,16,21
3/14/20 15:00,38,20,18
3/14/20 16:00,18,13,5
3/14/20 17:00,17,10,7
3/14/20 18:00,17,6,11
3/14/20 19:00,3,3,0
3/14/20 20:00,2,0,2
3/14/20 21:00,4,2,2
3/14/20 22:00,2,0,2
3/14/20 23:00,0,0,0
3/15/20 0:00,2,1,1
3/15/20 1:00,0,0,0
3/15/20 2:00,4,2,2
3/15/20 3:00,2,1,1
3/15/20 4:00,0,0,0
3/15/20 5:00,0,0,0
3/15/20 6:00,4,3,1
3/15/20 7:00,7,1,6
3/15/20 8:00,8,5,3
3/15/20 9:00,18,2,16
3/15/20 10:00,20,6,14
3/15/20 11:00,46,31,15
3/15/20 12:00,48,31,17
3/15/20 13:00,56,30,26
3/15/20 14:00,53,25,28
3/15/20 15:00,60,23,37
3/15/20 16:00,47,22,25
3/15/20 17:00,20,10,10
3/15/20 18:00,22,9,13
3/15/20 19:00,5,1,4
3/15/20 20:00,7,5,2
3/15/20 21:00,1,0,1
3/15/20 22:00,0,0,0
3/15/20 23:00,3,1,2
3/16/20 0:00,0,0,0
3/16/20 1:00,1,1,0
3/16/20 2:00,0,0,0
3/16/20 3:00,2,0,2
3/16/20 4:00,3,0,3
3/16/20 5:00,8,1,7
3/16/20 6:00,34,7,27
3/16/20 7:00,45,6,39
3/16/20 8:00,27,2,25
3/16/20 9:00,13,1,12
3/16/20 10:00,16,3,13
3/16/20 11:00,17,8,9
3/16/20 12:00,17,8,9
3/16/20 13:00,23,17,6
3/16/20 14:00,32,21,11
3/16/20 15:00,50,28,22
3/16/20 16:00,60,41,19
3/16/20 17:00,80,60,20
3/16/20 18:00,45,33,12
3/16/20 19:00,19,9,10
3/16/20 20:00,8,6,2
3/16/20 21:00,1,1,0
3/16/20 22:00,4,2,2
3/16/20 23:00,2,2,0
3/17/20 0:00,1,1,0
3/17/20 1:00,0,0,0
3/17/20 2:00,2,2,0
3/17/20 3:00,0,0,0
3/17/20 4:00,0,0,0
3/17/20 5:00,12,1,11
3/17/20 6:00,31,6,25
3/17/20 7:00,31,9,22
3/17/20 8:00,29,2,27
3/17/20 9:00,17,2,15
3/17/20 10:00,14,1,13
3/17/20 11:00,11,6,5
3/17/20 12:00,27,16,11
3/17/20 13:00,30,13,17
3/17/20 14:00,38,19,19
3/17/20 15:00,44,24,20
3/17/20 16:00,59,43,16
3/17/20 17:00,87,54,33
3/17/20 18:00,48,33,15
3/17/20 19:00,10,7,3
3/17/20 20:00,11,11,0
3/17/20 21:00,0,0,0
3/17/20 22:00,2,1,1
3/17/20 23:00,1,0,1
3/18/20 0:00,0,0,0
3/18/20 1:00,0,0,0
3/18/20 2:00,1,1,0
3/18/20 3:00,0,0,0
3/18/20 4:00,1,1,0
3/18/20 5:00,8,1,7
3/18/20 6:00,35,5,30
3/18/20 7:00,26,4,22
3/18/20 8:00,26,3,23
3/18/20 9:00,21,4,17
3/18/20 10:00,22,6,16
3/18/20 11:00,26,15,11
3/18/20 12:00,46,20,26
3/18/20 13:00,43,19,24
3/18/20 14:00,43,22,21
3/18/20 15:00,76,44,32
3/18/20 16:00,73,49,24
3/18/20 17:00,118,77,41
3/18/20 18:00,77,35,42
3/18/20 19:00,34,21,13
3/18/20 20:00,22,15,7
3/18/20 21:00,4,2,2
3/18/20 22:00,1,1,0
3/18/20 23:00,3,2,1
3/19/20 0:00,0,0,0
3/19/20 1:00,1,1,0
3/19/20 2:00,1,1,0
3/19/20 3:00,0,0,0
3/19/20 4:00,1,0,1
3/19/20 5:00,5,1,4
3/19/20 6:00,21,2,19
3/19/20 7:00,20,2,18
3/19/20 8:00,29,3,26
3/19/20 9:00,13,3,10
3/19/20 10:00,17,3,14
3/19/20 11:00,15,9,6
3/19/20 12:00,41,22,19
3/19/20 13:00,43,19,24
3/19/20 14:00,58,34,24
3/19/20 15:00,62,40,22
3/19/20 16:00,89,53,36
3/19/20 17:00,96,58,38
3/19/20 18:00,64,47,17
3/19/20 19:00,39,14,25
3/19/20 20:00,25,12,13
3/19/20 21:00,6,5,1
3/19/20 22:00,1,1,0
3/19/20 23:00,3,1,2
3/20/20 0:00,3,3,0
3/20/20 1:00,0,0,0
3/20/20 2:00,1,1,0
3/20/20 3:00,1,1,0
3/20/20 4:00,1,1,0
3/20/20 5:00,9,2,7
3/20/20 6:00,19,5,14
3/20/20 7:00,21,4,17
3/20/20 8:00,25,2,23
3/20/20 9:00,23,5,18
3/20/20 10:00,17,7,10
3/20/20 11:00,31,19,12
3/20/20 12:00,30,15,15
3/20/20 13:00,51,24,27
3/20/20 14:00,57,26,31
3/20/20 15:00,64,40,24
3/20/20 16:00,87,50,37
3/20/20 17:00,113,71,42
3/20/20 18:00,68,36,32
3/20/20 19:00,30,15,15
3/20/20 20:00,14,5,9
3/20/20 21:00,7,4,3
3/20/20 22:00,4,3,1
3/20/20 23:00,6,4,2
3/21/20 0:00,0,0,0
3/21/20 1:00,0,0,0
3/21/20 2:00,1,0,1
3/21/20 3:00,1,1,0
3/21/20 4:00,1,1,0
3/21/20 5:00,4,2,2
3/21/20 6:00,3,0,3
3/21/20 7:00,10,2,8
3/21/20 8:00,16,9,7
3/21/20 9:00,29,13,16
3/21/20 10:00,45,25,20
3/21/20 11:00,70,35,35
3/21/20 12:00,59,34,25
3/21/20 13:00,111,66,45
3/21/20 14:00,111,52,59
3/21/20 15:00,141,78,63
3/21/20 16:00,119,56,63
3/21/20 17:00,97,48,49
3/21/20 18:00,50,21,29
3/21/20 19:00,19,8,11
3/21/20 20:00,9,4,5
3/21/20 21:00,2,2,0
3/21/20 22:00,0,0,0
3/21/20 23:00,5,2,3
3/22/20 0:00,0,0,0
3/22/20 1:00,3,2,1
3/22/20 2:00,0,0,0
3/22/20 3:00,0,0,0
3/22/20 4:00,1,1,0
3/22/20 5:00,0,0,0
3/22/20 6:00,3,1,2
3/22/20 7:00,10,2,8
3/22/20 8:00,10,4,6
3/22/20 9:00,17,9,8
3/22/20 10:00,23,12,11
3/22/20 11:00,67,30,37
3/22/20 12:00,96,54,42
3/22/20 13:00,99,52,47
3/22/20 14:00,110,50,60
3/22/20 15:00,107,51,56
3/22/20 16:00,55,29,26
3/22/20 17:00,33,21,12
3/22/20 18:00,16,8,8
3/22/20 19:00,16,9,7
3/22/20 20:00,2,1,1
3/22/20 21:00,1,1,0
3/22/20 22:00,0,0,0
3/22/20 23:00,1,0,1
3/23/20 0:00,1,0,1
3/23/20 1:00,5,2,3
3/23/20 2:00,4,2,2
3/23/20 3:00,0,0,0
3/23/20 4:00,0,0,0
3/23/20 5:00,9,1,8
3/23/20 6:00,22,3,19
3/23/20 7:00,21,2,19
3/23/20 8:00,25,5,20
3/23/20 9:00,17,2,15
3/23/20 10:00,17,3,14
3/23/20 11:00,10,4,6
3/23/20 12:00,19,10,9
3/23/20 13:00,22,13,9
3/23/20 14:00,20,11,9
3/23/20 15:00,25,15,10
3/23/20 16:00,28,22,6
3/23/20 17:00,33,21,12
3/23/20 18:00,32,26,6
3/23/20 19:00,10,8,2
3/23/20 20:00,7,3,4
3/23/20 21:00,1,1,0
3/23/20 22:00,4,4,0
3/23/20 23:00,3,2,1
3/24/20 0:00,0,0,0
3/24/20 1:00,1,1,0
3/24/20 2:00,1,1,0
3/24/20 3:00,2,1,1
3/24/20 4:00,1,0,1
3/24/20 5:00,6,1,5
3/24/20 6:00,28,5,23
3/24/20 7:00,26,6,20
3/24/20 8:00,14,2,12
3/24/20 9:00,20,5,15
3/24/20 10:00,9,3,6
3/24/20 11:00,14,6,8
3/24/20 12:00,16,6,10
3/24/20 13:00,22,14,8
3/24/20 14:00,20,11,9
3/24/20 15:00,26,17,9
3/24/20 16:00,43,35,8
3/24/20 17:00,49,39,10
3/24/20 18:00,41,23,18
3/24/20 19:00,13,9,4
3/24/20 20:00,7,4,3
3/24/20 21:00,3,3,0
3/24/20 22:00,0,0,0
3/24/20 23:00,1,0,1
3/25/20 0:00,1,1,0
3/25/20 1:00,2,1,1
3/25/20 2:00,2,2,0
3/25/20 3:00,0,0,0
3/25/20 4:00,1,0,1
3/25/20 5:00,4,1,3
3/25/20 6:00,23,4,19
3/25/20 7:00,11,0,11
3/25/20 8:00,14,2,12
3/25/20 9:00,14,8,6
3/25/20 10:00,9,4,5
3/25/20 11:00,6,0,6
3/25/20 12:00,19,13,6
3/25/20 13:00,10,5,5
3/25/20 14:00,26,13,13
3/25/20 15:00,37,18,19
3/25/20 16:00,76,34,42
3/25/20 17:00,88,58,30
3/25/20 18:00,46,21,25
3/25/20 19:00,30,18,12
3/25/20 20:00,6,5,1
3/25/20 21:00,8,5,3
3/25/20 22:00,2,1,1
3/25/20 23:00,3,2,1
3/26/20 0:00,0,0,0
3/26/20 1:00,0,0,0
3/26/20 2:00,4,3,1
3/26/20 3:00,1,1,0
3/26/20 4:00,2,0,2
3/26/20 5:00,9,3,6
3/26/20 6:00,28,6,22
3/26/20 7:00,23,3,20
3/26/20 8:00,17,5,12
3/26/20 9:00,18,6,12
3/26/20 10:00,27,12,15
3/26/20 11:00,32,8,24
3/26/20 12:00,23,10,13
3/26/20 13:00,43,27,16
3/26/20 14:00,33,13,20
3/26/20 15:00,32,21,11
3/26/20 16:00,34,18,16
3/26/20 17:00,59,42,17
3/26/20 18:00,39,23,16
3/26/20 19:00,20,13,7
3/26/20 20:00,6,4,2
3/26/20 21:00,4,1,3
3/26/20 22:00,1,1,0
3/26/20 23:00,1,0,1
3/27/20 0:00,0,0,0
3/27/20 1:00,2,1,1
3/27/20 2:00,4,2,2
3/27/20 3:00,1,0,1
3/27/20 4:00,2,1,1
3/27/20 5:00,6,1,5
3/27/20 6:00,14,2,12
3/27/20 7:00,13,3,10
3/27/20 8:00,14,1,13
3/27/20 9:00,18,7,11
3/27/20 10:00,8,2,6
3/27/20 11:00,17,8,9
3/27/20 12:00,17,9,8
3/27/20 13:00,32,13,19
3/27/20 14:00,27,13,14
3/27/20 15:00,41,24,17
3/27/20 16:00,44,25,19
3/27/20 17:00,48,24,24
3/27/20 18:00,35,16,19
3/27/20 19:00,7,7,0
3/27/20 20:00,5,5,0
3/27/20 21:00,10,6,4
3/27/20 22:00,1,1,0
3/27/20 23:00,1,1,0
3/28/20 0:00,5,3,2
3/28/20 1:00,0,0,0
3/28/20 2:00,4,1,3
3/28/20 3:00,0,0,0
3/28/20 4:00,0,0,0
3/28/20 5:00,1,1,0
3/28/20 6:00,6,4,2
3/28/20 7:00,4,0,4
3/28/20 8:00,14,5,9
3/28/20 9:00,23,11,12
3/28/20 10:00,27,14,13
3/28/20 11:00,38,20,18
3/28/20 12:00,49,28,21
3/28/20 13:00,58,25,33
3/28/20 14:00,44,23,21
3/28/20 15:00,49,21,28
3/28/20 16:00,35,17,18
3/28/20 17:00,26,13,13
3/28/20 18:00,13,7,6
3/28/20 19:00,10,7,3
3/28/20 20:00,0,0,0
3/28/20 21:00,3,2,1
3/28/20 22:00,3,1,2
3/28/20 23:00,3,1,2
3/29/20 0:00,0,0,0
3/29/20 1:00,0,0,0
3/29/20 2:00,0,0,0
3/29/20 3:00,0,0,0
3/29/20 4:00,0,0,0
3/29/20 5:00,2,1,1
3/29/20 6:00,2,0,2
3/29/20 7:00,5,2,3
3/29/20 8:00,9,4,5
3/29/20 9:00,14,6,8
3/29/20 10:00,35,17,18
3/29/20 11:00,90,43,47
3/29/20 12:00,90,48,42
3/29/20 13:00,140,66,74
3/29/20 14:00,210,123,87
3/29/20 15:00,157,80,77
3/29/20 16:00,122,58,64
3/29/20 17:00,95,46,49
3/29/20 18:00,33,14,19
3/29/20 19:00,13,7,6
3/29/20 20:00,2,2,0
3/29/20 21:00,0,0,0
3/29/20 22:00,0,0,0
3/29/20 23:00,0,0,0
3/30/20 0:00,0,0,0
3/30/20 1:00,0,0,0
3/30/20 2:00,0,0,0
3/30/20 3:00,0,0,0
3/30/20 4:00,0,0,0
3/30/20 5:00,7,2,5
3/30/20 6:00,17,2,15
3/30/20 7:00,13,3,10
3/30/20 8:00,18,3,15
3/30/20 9:00,14,7,7
3/30/20 10:00,17,4,13
3/30/20 11:00,7,1,6
3/30/20 12:00,3,3,0
3/30/20 13:00,7,4,3
3/30/20 14:00,7,5,2
3/30/20 15:00,13,5,8
3/30/20 16:00,23,16,7
3/30/20 17:00,20,17,3
3/30/20 18:00,13,10,3
3/30/20 19:00,3,1,2
3/30/20 20:00,2,0,2
3/30/20 21:00,2,2,0
3/30/20 22:00,0,0,0
3/30/20 23:00,1,1,0
3/31/20 0:00,2,2,0
3/31/20 1:00,0,0,0
3/31/20 2:00,3,3,0
3/31/20 3:00,1,0,1
3/31/20 4:00,1,0,1
3/31/20 5:00,5,2,3
3/31/20 6:00,23,5,18
3/31/20 7:00,13,2,11
3/31/20 8:00,18,2,16
3/31/20 9:00,11,5,6
3/31/20 10:00,13,5,8
3/31/20 11:00,16,9,7
3/31/20 12:00,24,7,17
3/31/20 13:00,16,5,11
3/31/20 14:00,20,12,8
3/31/20 15:00,23,14,9
3/31/20 16:00,31,24,7
3/31/20 17:00,38,29,9
3/31/20 18:00,27,17,10
3/31/20 19:00,9,5,4
3/31/20 20:00,4,3,1
3/31/20 21:00,2,1,1
3/31/20 22:00,6,2,4
3/31/20 23:00,3,3,0
4/1/20 0:00,1,1,0
4/1/20 1:00,2,2,0
4/1/20 2:00,1,1,0
4/1/20 3:00,1,0,1
4/1/20 4:00,0,0,0
4/1/20 5:00,7,2,5
4/1/20 6:00,15,0,15
4/1/20 7:00,23,2,21
4/1/20 8:00,28,4,24
4/1/20 9:00,11,3,8
4/1/20 10:00,11,2,9
4/1/20 11:00,18,9,9
4/1/20 12:00,20,9,11
4/1/20 13:00,29,13,16
4/1/20 14:00,48,24,24
4/1/20 15:00,71,40,31
4/1/20 16:00,75,46,29
4/1/20 17:00,71,45,26
4/1/20 18:00,81,45,36
4/1/20 19:00,36,21,15
4/1/20 20:00,11,7,4
4/1/20 21:00,8,6,2
4/1/20 22:00,5,2,3
4/1/20 23:00,1,1,0
4/2/20 0:00,2,0,2
4/2/20 1:00,1,1,0
4/2/20 2:00,1,1,0
4/2/20 3:00,4,4,0
4/2/20 4:00,0,0,0
4/2/20 5:00,7,2,5
4/2/20 6:00,24,5,19
4/2/20 7:00,29,4,25
4/2/20 8:00,14,1,13
4/2/20 9:00,21,4,17
4/2/20 10:00,10,4,6
4/2/20 11:00,14,4,10
4/2/20 12:00,19,11,8
4/2/20 13:00,28,10,18
4/2/20 14:00,41,15,26
4/2/20 15:00,51,29,22
4/2/20 16:00,64,41,23
4/2/20 17:00,85,50,35
4/2/20 18:00,55,40,15
4/2/20 19:00,31,18,13
4/2/20 20:00,12,5,7
4/2/20 21:00,7,4,3
4/2/20 22:00,1,0,1
4/2/20 23:00,0,0,0
4/3/20 0:00,1,0,1
4/3/20 1:00,1,1,0
4/3/20 2:00,4,2,2
4/3/20 3:00,0,0,0
4/3/20 4:00,1,0,1
4/3/20 5:00,10,4,6
4/3/20 6:00,20,5,15
4/3/20 7:00,22,1,21
4/3/20 8:00,15,1,14
4/3/20 9:00,19,7,12
4/3/20 10:00,19,12,7
4/3/20 11:00,30,13,17
4/3/20 12:00,33,13,20
4/3/20 13:00,27,14,13
4/3/20 14:00,35,20,15
4/3/20 15:00,40,29,11
4/3/20 16:00,45,30,15
4/3/20 17:00,36,20,16
4/3/20 18:00,27,21,6
4/3/20 19:00,13,9,4
4/3/20 20:00,5,3,2
4/3/20 21:00,0,0,0
4/3/20 22:00,2,2,0
4/3/20 23:00,2,2,0
4/4/20 0:00,3,1,2
4/4/20 1:00,0,0,0
4/4/20 2:00,0,0,0
4/4/20 3:00,1,1,0
4/4/20 4:00,0,0,0
4/4/20 5:00,2,0,2
4/4/20 6:00,10,4,6
4/4/20 7:00,5,3,2
4/4/20 8:00,21,10,11
4/4/20 9:00,38,19,19
4/4/20 10:00,63,35,28
4/4/20 11:00,82,36,46
4/4/20 12:00,141,62,79
4/4/20 13:00,147,65,82
4/4/20 14:00,177,97,80
4/4/20 15:00,140,73,67
4/4/20 16:00,93,52,41
4/4/20 17:00,76,34,42
4/4/20 18:00,37,22,15
4/4/20 19:00,10,6,4
4/4/20 20:00,10,6,4
4/4/20 21:00,1,0,1
4/4/20 22:00,1,0,1
4/4/20 23:00,1,1,0
4/5/20 0:00,0,0,0
4/5/20 1:00,2,0,2
4/5/20 2:00,0,0,0
4/5/20 3:00,0,0,0
4/5/20 4:00,0,0,0
4/5/20 5:00,1,0,1
4/5/20 6:00,5,2,3
4/5/20 7:00,7,1,6
4/5/20 8:00,15,7,8
4/5/20 9:00,26,10,16
4/5/20 10:00,40,23,17
4/5/20 11:00,70,41,29
4/5/20 12:00,96,41,55
4/5/20 13:00,122,60,62
4/5/20 14:00,108,67,41
4/5/20 15:00,129,64,65
4/5/20 16:00,100,56,44
4/5/20 17:00,44,25,19
4/5/20 18:00,19,11,8
4/5/20 19:00,17,7,10
4/5/20 20:00,5,2,3
4/5/20 21:00,2,1,1
4/5/20 22:00,3,3,0
4/5/20 23:00,0,0,0
4/6/20 0:00,0,0,0
4/6/20 1:00,4,2,2
4/6/20 2:00,1,1,0
4/6/20 3:00,0,0,0
4/6/20 4:00,0,0,0
4/6/20 5:00,9,1,8
4/6/20 6:00,30,5,25
4/6/20 7:00,19,0,19
4/6/20 8:00,27,3,24
4/6/20 9:00,35,15,20
4/6/20 10:00,22,8,14
4/6/20 11:00,25,10,15
4/6/20 12:00,53,22,31
4/6/20 13:00,52,26,26
4/6/20 14:00,58,37,21
4/6/20 15:00,77,39,38
4/6/20 16:00,91,47,44
4/6/20 17:00,106,65,41
4/6/20 18:00,70,47,23
4/6/20 19:00,31,13,18
4/6/20 20:00,14,8,6
4/6/20 21:00,5,1,4
4/6/20 22:00,0,0,0
4/6/20 23:00,3,2,1
4/7/20 0:00,0,0,0
4/7/20 1:00,0,0,0
4/7/20 2:00,1,1,0
4/7/20 3:00,1,0,1
4/7/20 4:00,0,0,0
4/7/20 5:00,7,2,5
4/7/20 6:00,34,4,30
4/7/20 7:00,29,3,26
4/7/20 8:00,25,5,20
4/7/20 9:00,20,5,15
4/7/20 10:00,19,9,10
4/7/20 11:00,22,13,9
4/7/20 12:00,26,15,11
4/7/20 13:00,40,18,22
4/7/20 14:00,44,22,22
4/7/20 15:00,56,32,24
4/7/20 16:00,94,64,30
4/7/20 17:00,79,55,24
4/7/20 18:00,79,35,44
4/7/20 19:00,42,25,17
4/7/20 20:00,24,8,16
4/7/20 21:00,5,2,3
4/7/20 22:00,6,4,2
4/7/20 23:00,2,1,1
4/8/20 0:00,1,0,1
4/8/20 1:00,1,0,1
4/8/20 2:00,5,3,2
4/8/20 3:00,2,0,2
4/8/20 4:00,1,1,0
4/8/20 5:00,12,1,11
4/8/20 6:00,30,5,25
4/8/20 7:00,27,5,22
4/8/20 8:00,31,4,27
4/8/20 9:00,16,4,12
4/8/20 10:00,25,9,16
4/8/20 11:00,36,17,19
4/8/20 12:00,50,28,22
4/8/20 13:00,50,20,30
4/8/20 14:00,55,22,33
4/8/20 15:00,102,67,35
4/8/20 16:00,84,56,28
4/8/20 17:00,110,64,46
4/8/20 18:00,104,57,47
4/8/20 19:00,44,21,23
4/8/20 20:00,18,12,6
4/8/20 21:00,9,5,4
4/8/20 22:00,1,0,1
4/8/20 23:00,2,1,1
4/9/20 0:00,2,0,2
4/9/20 1:00,2,2,0
4/9/20 2:00,1,1,0
4/9/20 3:00,0,0,0
4/9/20 4:00,1,1,0
4/9/20 5:00,6,1,5
4/9/20 6:00,30,1,29
4/9/20 7:00,30,3,27
4/9/20 8:00,34,14,20
4/9/20 9:00,28,10,18
4/9/20 10:00,31,10,21
4/9/20 11:00,44,15,29
4/9/20 12:00,55,22,33
4/9/20 13:00,74,37,37
4/9/20 14:00,75,47,28
4/9/20 15:00,117,64,53
4/9/20 16:00,128,83,45
4/9/20 17:00,146,81,65
4/9/20 18:00,92,57,35
4/9/20 19:00,58,32,26
4/9/20 20:00,18,10,8
4/9/20 21:00,4,1,3
4/9/20 22:00,2,1,1
4/9/20 23:00,2,1,1
4/10/20 0:00,2,2,0
4/10/20 1:00,1,0,1
4/10/20 2:00,2,1,1
4/10/20 3:00,2,0,2
4/10/20 4:00,0,0,0
4/10/20 5:00,5,2,3
4/10/20 6:00,25,3,22
4/10/20 7:00,34,9,25
4/10/20 8:00,26,4,22
4/10/20 9:00,40,14,26
4/10/20 10:00,32,12,20
4/10/20 11:00,45,19,26
4/10/20 12:00,65,44,21
4/10/20 13:00,52,30,22
4/10/20 14:00,71,38,33
4/10/20 15:00,88,44,44
4/10/20 16:00,94,53,41
4/10/20 17:00,115,73,42
4/10/20 18:00,79,45,34
4/10/20 19:00,40,18,22
4/10/20 20:00,14,8,6
4/10/20 21:00,6,4,2
4/10/20 22:00,3,3,0
4/10/20 23:00,2,2,0
4/11/20 0:00,2,1,1
4/11/20 1:00,1,0,1
4/11/20 2:00,2,1,1
4/11/20 3:00,1,1,0
4/11/20 4:00,3,1,2
4/11/20 5:00,1,1,0
4/11/20 6:00,12,2,10
4/11/20 7:00,13,6,7
4/11/20 8:00,13,4,9
4/11/20 9:00,39,20,19
4/11/20 10:00,38,14,24
4/11/20 11:00,66,34,32
4/11/20 12:00,93,56,37
4/11/20 13:00,80,34,46
4/11/20 14:00,136,64,72
4/11/20 15:00,122,62,60
4/11/20 16:00,128,71,57
4/11/20 17:00,108,51,57
4/11/20 18:00,67,42,25
4/11/20 19:00,38,15,23
4/11/20 20:00,8,6,2
4/11/20 21:00,6,1,5
4/11/20 22:00,0,0,0
4/11/20 23:00,0,0,0
4/12/20 0:00,1,1,0
4/12/20 1:00,0,0,0
4/12/20 2:00,1,1,0
4/12/20 3:00,0,0,0
4/12/20 4:00,2,2,0
4/12/20 5:00,2,0,2
4/12/20 6:00,3,2,1
4/12/20 7:00,13,4,9
4/12/20 8:00,21,7,14
4/12/20 9:00,61,24,37
4/12/20 10:00,82,40,42
4/12/20 11:00,116,82,34
4/12/20 12:00,139,62,77
4/12/20 13:00,179,100,79
4/12/20 14:00,186,98,88
4/12/20 15:00,176,87,89
4/12/20 16:00,150,66,84
4/12/20 17:00,88,35,53
4/12/20 18:00,51,27,24
4/12/20 19:00,25,7,18
4/12/20 20:00,11,7,4
4/12/20 21:00,5,1,4
4/12/20 22:00,4,0,4
4/12/20 23:00,0,0,0
4/13/20 0:00,1,1,0
4/13/20 1:00,2,0,2
4/13/20 2:00,0,0,0
4/13/20 3:00,1,1,0
4/13/20 4:00,0,0,0
4/13/20 5:00,13,3,10
4/13/20 6:00,29,3,26
4/13/20 7:00,33,4,29
4/13/20 8:00,25,6,19
4/13/20 9:00,26,8,18
4/13/20 10:00,24,9,15
4/13/20 11:00,34,19,15
4/13/20 12:00,49,23,26
4/13/20 13:00,46,18,28
4/13/20 14:00,64,42,22
4/13/20 15:00,69,42,27
4/13/20 16:00,101,57,44
4/13/20 17:00,107,66,41
4/13/20 18:00,61,34,27
4/13/20 19:00,37,19,18
4/13/20 20:00,12,7,5
4/13/20 21:00,5,2,3
4/13/20 22:00,4,3,1
4/13/20 23:00,4,1,3
4/14/20 0:00,1,1,0
4/14/20 1:00,2,2,0
4/14/20 2:00,2,0,2
4/14/20 3:00,1,0,1
4/14/20 4:00,0,0,0
4/14/20 5:00,11,2,9
4/14/20 6:00,30,4,26
4/14/20 7:00,30,4,26
4/14/20 8:00,28,7,21
4/14/20 9:00,34,10,24
4/14/20 10:00,25,9,16
4/14/20 11:00,28,14,14
4/14/20 12:00,38,21,17
4/14/20 13:00,59,36,23
4/14/20 14:00,82,30,52
4/14/20 15:00,90,53,37
4/14/20 16:00,106,66,40
4/14/20 17:00,108,63,45
4/14/20 18:00,70,42,28
4/14/20 19:00,46,23,23
4/14/20 20:00,6,2,4
4/14/20 21:00,6,3,3
4/14/20 22:00,5,2,3
4/14/20 23:00,1,1,0
4/15/20 0:00,1,0,1
4/15/20 1:00,1,0,1
4/15/20 2:00,2,2,0
4/15/20 3:00,0,0,0
4/15/20 4:00,1,0,1
4/15/20 5:00,6,3,3
4/15/20 6:00,28,1,27
4/15/20 7:00,32,5,27
4/15/20 8:00,36,6,30
4/15/20 9:00,34,12,22
4/15/20 10:00,19,6,13
4/15/20 11:00,40,22,18
4/15/20 12:00,53,24,29
4/15/20 13:00,67,37,30
4/15/20 14:00,68,33,35
4/15/20 15:00,76,47,29
4/15/20 16:00,102,60,42
4/15/20 17:00,86,57,29
4/15/20 18:00,69,38,31
4/15/20 19:00,39,24,15
4/15/20 20:00,19,16,3
4/15/20 21:00,6,3,3
4/15/20 22:00,4,3,1
4/15/20 23:00,2,1,1
4/16/20 0:00,3,2,1
4/16/20 1:00,2,2,0
4/16/20 2:00,2,2,0
4/16/20 3:00,0,0,0
4/16/20 4:00,0,0,0
4/16/20 5:00,11,2,9
4/16/20 6:00,36,2,34
4/16/20 7:00,42,5,37
4/16/20 8:00,28,8,20
4/16/20 9:00,38,13,25
4/16/20 10:00,28,14,14
4/16/20 11:00,68,31,37
4/16/20 12:00,81,28,53
4/16/20 13:00,76,39,37
4/16/20 14:00,95,53,42
4/16/20 15:00,139,87,52
4/16/20 16:00,139,84,55
4/16/20 17:00,142,83,59
4/16/20 18:00,114,65,49
4/16/20 19:00,61,35,26
4/16/20 20:00,38,19,19
4/16/20 21:00,7,5,2
4/16/20 22:00,2,2,0
4/16/20 23:00,2,2,0
4/17/20 0:00,5,3,2
4/17/20 1:00,1,0,1
4/17/20 2:00,4,4,0
4/17/20 3:00,0,0,0
4/17/20 4:00,2,0,2
4/17/20 5:00,7,2,5
4/17/20 6:00,30,1,29
4/17/20 7:00,36,5,31
4/17/20 8:00,30,8,22
4/17/20 9:00,34,13,21
4/17/20 10:00,62,19,43
4/17/20 11:00,73,32,41
4/17/20 12:00,99,38,61
4/17/20 13:00,89,51,38
4/17/20 14:00,83,56,27
4/17/20 15:00,97,55,42
4/17/20 16:00,118,65,53
4/17/20 17:00,92,58,34
4/17/20 18:00,67,40,27
4/17/20 19:00,24,12,12
4/17/20 20:00,16,9,7
4/17/20 21:00,13,5,8
4/17/20 22:00,1,1,0
4/17/20 23:00,3,0,3
4/18/20 0:00,3,3,0
4/18/20 1:00,3,3,0
4/18/20 2:00,0,0,0
4/18/20 3:00,1,0,1
4/18/20 4:00,0,0,0
4/18/20 5:00,7,2,5
4/18/20 6:00,7,1,6
4/18/20 7:00,12,4,8
4/18/20 8:00,14,5,9
4/18/20 9:00,15,6,9
4/18/20 10:00,9,4,5
4/18/20 11:00,28,16,12
4/18/20 12:00,39,16,23
4/18/20 13:00,52,29,23
4/18/20 14:00,102,57,45
4/18/20 15:00,79,49,30
4/18/20 16:00,63,29,34
4/18/20 17:00,89,48,41
4/18/20 18:00,30,11,19
4/18/20 19:00,15,11,4
4/18/20 20:00,14,4,10
4/18/20 21:00,5,1,4
4/18/20 22:00,5,5,0
4/18/20 23:00,2,2,0
4/19/20 0:00,0,0,0
4/19/20 1:00,3,2,1
4/19/20 2:00,2,2,0
4/19/20 3:00,0,0,0
4/19/20 4:00,0,0,0
4/19/20 5:00,0,0,0
4/19/20 6:00,10,1,9
4/19/20 7:00,15,5,10
4/19/20 8:00,33,16,17
4/19/20 9:00,70,32,38
4/19/20 10:00,92,40,52
4/19/20 11:00,146,91,55
4/19/20 12:00,178,80,98
4/19/20 13:00,187,107,80
4/19/20 14:00,266,142,124
4/19/20 15:00,179,88,91
4/19/20 16:00,193,86,107
4/19/20 17:00,118,55,63
4/19/20 18:00,76,36,40
4/19/20 19:00,30,18,12
4/19/20 20:00,13,5,8
4/19/20 21:00,5,3,2
4/19/20 22:00,2,0,2
4/19/20 23:00,4,3,1
4/20/20 0:00,2,2,0
4/20/20 1:00,3,1,2
4/20/20 2:00,1,0,1
4/20/20 3:00,2,1,1
4/20/20 4:00,0,0,0
4/20/20 5:00,18,2,16
4/20/20 6:00,34,8,26
4/20/20 7:00,45,11,34
4/20/20 8:00,33,7,26
4/20/20 9:00,38,16,22
4/20/20 10:00,32,11,21
4/20/20 11:00,47,18,29
4/20/20 12:00,67,38,29
4/20/20 13:00,63,29,34
4/20/20 14:00,76,35,41
4/20/20 15:00,101,63,38
4/20/20 16:00,122,71,51
4/20/20 17:00,137,92,45
4/20/20 18:00,101,52,49
4/20/20 19:00,52,29,23
4/20/20 20:00,17,5,12
4/20/20 21:00,5,2,3
4/20/20 22:00,4,1,3
4/20/20 23:00,4,4,0
4/21/20 0:00,4,2,2
4/21/20 1:00,0,0,0
4/21/20 2:00,1,1,0
4/21/20 3:00,1,1,0
4/21/20 4:00,3,1,2
4/21/20 5:00,17,5,12
4/21/20 6:00,37,10,27
4/21/20 7:00,39,2,37
4/21/20 8:00,28,8,20
4/21/20 9:00,17,4,13
4/21/20 10:00,25,10,15
4/21/20 11:00,29,10,19
4/21/20 12:00,24,9,15
4/21/20 13:00,24,14,10
4/21/20 14:00,26,11,15
4/21/20 15:00,59,44,15
4/21/20 16:00,57,40,17
4/21/20 17:00,72,47,25
4/21/20 18:00,51,37,14
4/21/20 19:00,20,14,6
4/21/20 20:00,10,5,5
4/21/20 21:00,5,3,2
4/21/20 22:00,2,0,2
4/21/20 23:00,0,0,0
4/22/20 0:00,2,2,0
4/22/20 1:00,1,1,0
4/22/20 2:00,2,1,1
4/22/20 3:00,1,0,1
4/22/20 4:00,0,0,0
4/22/20 5:00,6,3,3
4/22/20 6:00,25,3,22
4/22/20 7:00,24,6,18
4/22/20 8:00,19,5,14
4/22/20 9:00,14,3,11
4/22/20 10:00,5,1,4
4/22/20 11:00,6,4,2
4/22/20 12:00,9,3,6
4/22/20 13:00,9,6,3
4/22/20 14:00,10,5,5
4/22/20 15:00,12,10,2
4/22/20 16:00,20,13,7
4/22/20 17:00,36,24,12
4/22/20 18:00,19,14,5
4/22/20 19:00,9,4,5
4/22/20 20:00,7,4,3
4/22/20 21:00,2,1,1
4/22/20 22:00,1,1,0
4/22/20 23:00,3,2,1
4/23/20 0:00,1,1,0
4/23/20 1:00,2,1,1
4/23/20 2:00,1,1,0
4/23/20 3:00,1,1,0
4/23/20 4:00,0,0,0
4/23/20 5:00,7,1,6
4/23/20 6:00,25,3,22
4/23/20 7:00,30,5,25
4/23/20 8:00,21,5,16
4/23/20 9:00,18,6,12
4/23/20 10:00,18,9,9
4/23/20 11:00,20,9,11
4/23/20 12:00,28,6,22
4/23/20 13:00,30,17,13
4/23/20 14:00,59,27,32
4/23/20 15:00,62,41,21
4/23/20 16:00,54,32,22
4/23/20 17:00,33,24,9
4/23/20 18:00,30,23,7
4/23/20 19:00,24,14,10
4/23/20 20:00,7,4,3
4/23/20 21:00,6,3,3
4/23/20 22:00,1,1,0
4/23/20 23:00,2,2,0
4/24/20 0:00,1,1,0
4/24/20 1:00,0,0,0
4/24/20 2:00,5,4,1
4/24/20 3:00,0,0,0
4/24/20 4:00,0,0,0
4/24/20 5:00,16,2,14
4/24/20 6:00,32,5,27
4/24/20 7:00,34,12,22
4/24/20 8:00,36,10,26
4/24/20 9:00,30,11,19
4/24/20 10:00,42,17,25
4/24/20 11:00,73,46,27
4/24/20 12:00,67,25,42
4/24/20 13:00,76,34,42
4/24/20 14:00,69,36,33
4/24/20 15:00,67,38,29
4/24/20 16:00,51,43,8
4/24/20 17:00,110,67,43
4/24/20 18:00,70,34,36
4/24/20 19:00,31,15,16
4/24/20 20:00,11,8,3
4/24/20 21:00,4,2,2
4/24/20 22:00,8,6,2
4/24/20 23:00,1,1,0
4/25/20 0:00,5,2,3
4/25/20 1:00,0,0,0
4/25/20 2:00,2,1,1
4/25/20 3:00,1,1,0
4/25/20 4:00,1,1,0
4/25/20 5:00,3,0,3
4/25/20 6:00,18,4,14
4/25/20 7:00,5,2,3
4/25/20 8:00,22,11,11
4/25/20 9:00,6,5,1
4/25/20 10:00,26,13,13
4/25/20 11:00,30,15,15
4/25/20 12:00,25,9,16
4/25/20 13:00,63,36,27
4/25/20 14:00,102,53,49
4/25/20 15:00,123,62,61
4/25/20 16:00,121,58,63
4/25/20 17:00,79,40,39
4/25/20 18:00,70,36,34
4/25/20 19:00,26,12,14
4/25/20 20:00,14,3,11
4/25/20 21:00,9,5,4
4/25/20 22:00,4,3,1
4/25/20 23:00,2,2,0
4/26/20 0:00,1,1,0
4/26/20 1:00,4,1,3
4/26/20 2:00,2,2,0
4/26/20 3:00,0,0,0
4/26/20 4:00,1,0,1
4/26/20 5:00,1,0,1
4/26/20 6:00,12,4,8
4/26/20 7:00,21,11,10
4/26/20 8:00,40,20,20
4/26/20 9:00,103,44,59
4/26/20 10:00,123,53,70
4/26/20 11:00,151,81,70
4/26/20 12:00,189,110,79
4/26/20 13:00,199,102,97
4/26/20 14:00,199,112,87
4/26/20 15:00,145,77,68
4/26/20 16:00,137,61,76
4/26/20 17:00,83,38,45
4/26/20 18:00,46,17,29
4/26/20 19:00,26,9,17
4/26/20 20:00,18,8,10
4/26/20 21:00,1,1,0
4/26/20 22:00,0,0,0
4/26/20 23:00,3,2,1
4/27/20 0:00,0,0,0
4/27/20 1:00,1,0,1
4/27/20 2:00,0,0,0
4/27/20 3:00,0,0,0
4/27/20 4:00,2,1,1
4/27/20 5:00,18,2,16
4/27/20 6:00,30,4,26
4/27/20 7:00,35,3,32
4/27/20 8:00,27,6,21
4/27/20 9:00,24,8,16
4/27/20 10:00,15,4,11
4/27/20 11:00,22,8,14
4/27/20 12:00,32,13,19
4/27/20 13:00,38,22,16
4/27/20 14:00,55,35,20
4/27/20 15:00,58,34,24
4/27/20 16:00,84,49,35
4/27/20 17:00,75,56,19
4/27/20 18:00,71,44,27
4/27/20 19:00,43,24,19
4/27/20 20:00,16,8,8
4/27/20 21:00,8,2,6
4/27/20 22:00,2,1,1
4/27/20 23:00,3,1,2
4/28/20 0:00,1,1,0
4/28/20 1:00,4,2,2
4/28/20 2:00,0,0,0
4/28/20 3:00,1,0,1
4/28/20 4:00,2,1,1
4/28/20 5:00,11,2,9
4/28/20 6:00,35,4,31
4/28/20 7:00,41,5,36
4/28/20 8:00,36,10,26
4/28/20 9:00,25,8,17
4/28/20 10:00,31,6,25
4/28/20 11:00,32,13,19
4/28/20 12:00,43,18,25
4/28/20 13:00,50,22,28
4/28/20 14:00,54,33,21
4/28/20 15:00,61,43,18
4/28/20 16:00,77,51,26
4/28/20 17:00,100,67,33
4/28/20 18:00,73,51,22
4/28/20 19:00,33,14,19
4/28/20 20:00,8,4,4
4/28/20 21:00,5,3,2
4/28/20 22:00,3,1,2
4/28/20 23:00,1,0,1
4/29/20 0:00,1,1,0
4/29/20 1:00,0,0,0
4/29/20 2:00,0,0,0
4/29/20 3:00,2,0,2
4/29/20 4:00,1,1,0
4/29/20 5:00,13,2,11
4/29/20 6:00,42,8,34
4/29/20 7:00,40,8,32
4/29/20 8:00,34,12,22
4/29/20 9:00,29,6,23
4/29/20 10:00,32,10,22
4/29/20 11:00,39,19,20
4/29/20 12:00,48,23,25
4/29/20 13:00,62,29,33
4/29/20 14:00,57,32,25
4/29/20 15:00,73,45,28
4/29/20 16:00,89,56,33
4/29/20 17:00,84,55,29
4/29/20 18:00,71,40,31
4/29/20 19:00,29,11,18
4/29/20 20:00,12,8,4
4/29/20 21:00,8,4,4
4/29/20 22:00,5,1,4
4/29/20 23:00,3,1,2
4/30/20 0:00,5,2,3
4/30/20 1:00,0,0,0
4/30/20 2:00,0,0,0
4/30/20 3:00,1,0,1
4/30/20 4:00,8,3,5
4/30/20 5:00,12,2,10
4/30/20 6:00,46,9,37
4/30/20 7:00,34,4,30
4/30/20 8:00,36,9,27
4/30/20 9:00,35,8,27
4/30/20 10:00,29,9,20
4/30/20 11:00,28,12,16
4/30/20 12:00,33,11,22
4/30/20 13:00,31,16,15
4/30/20 14:00,41,20,21
4/30/20 15:00,46,27,19
4/30/20 16:00,67,48,19
4/30/20 17:00,103,74,29
4/30/20 18:00,83,44,39
4/30/20 19:00,37,19,18
4/30/20 20:00,16,14,2
4/30/20 21:00,18,9,9
4/30/20 22:00,5,4,1
4/30/20 23:00,4,2,2
5/1/20 0:00,4,2,2
5/1/20 1:00,1,0,1
5/1/20 2:00,1,0,1
5/1/20 3:00,3,1,2
5/1/20 4:00,4,2,2
5/1/20 5:00,13,3,10
5/1/20 6:00,32,7,25
5/1/20 7:00,55,15,40
5/1/20 8:00,48,10,38
5/1/20 9:00,35,9,26
5/1/20 10:00,51,21,30
5/1/20 11:00,61,35,26
5/1/20 12:00,93,51,42
5/1/20 13:00,96,40,56
5/1/20 14:00,102,48,54
5/1/20 15:00,139,79,60
5/1/20 16:00,139,86,53
5/1/20 17:00,135,71,64
5/1/20 18:00,79,45,34
5/1/20 19:00,64,41,23
5/1/20 20:00,23,15,8
5/1/20 21:00,13,10,3
5/1/20 22:00,10,4,6
5/1/20 23:00,1,0,1
5/2/20 0:00,7,4,3
5/2/20 1:00,4,2,2
5/2/20 2:00,1,0,1
5/2/20 3:00,5,1,4
5/2/20 4:00,0,0,0
5/2/20 5:00,3,1,2
5/2/20 6:00,15,9,6
5/2/20 7:00,13,5,8
5/2/20 8:00,11,8,3
5/2/20 9:00,25,14,11
5/2/20 10:00,31,10,21
5/2/20 11:00,20,12,8
5/2/20 12:00,22,10,12
5/2/20 13:00,19,8,11
5/2/20 14:00,23,13,10
5/2/20 15:00,23,18,5
5/2/20 16:00,18,11,7
5/2/20 17:00,21,9,12
5/2/20 18:00,15,8,7
5/2/20 19:00,16,12,4
5/2/20 20:00,10,4,6
5/2/20 21:00,4,2,2
5/2/20 22:00,1,1,0
5/2/20 23:00,3,1,2
5/3/20 0:00,0,0,0
5/3/20 1:00,1,0,1
5/3/20 2:00,2,1,1
5/3/20 3:00,0,0,0
5/3/20 4:00,0,0,0
5/3/20 5:00,0,0,0
5/3/20 6:00,7,1,6
5/3/20 7:00,20,6,14
5/3/20 8:00,19,7,12
5/3/20 9:00,41,19,22
5/3/20 10:00,88,39,49
5/3/20 11:00,125,71,54
5/3/20 12:00,172,92,80
5/3/20 13:00,169,80,89
5/3/20 14:00,166,93,73
5/3/20 15:00,149,62,87
5/3/20 16:00,81,48,33
5/3/20 17:00,66,34,32
5/3/20 18:00,56,22,34
5/3/20 19:00,31,15,16
5/3/20 20:00,11,4,7
5/3/20 21:00,8,3,5
5/3/20 22:00,2,1,1
5/3/20 23:00,1,0,1
5/4/20 0:00,1,1,0
5/4/20 1:00,3,1,2
5/4/20 2:00,2,1,1
5/4/20 3:00,1,0,1
5/4/20 4:00,3,1,2
5/4/20 5:00,24,2,22
5/4/20 6:00,43,8,35
5/4/20 7:00,50,5,45
5/4/20 8:00,29,5,24
5/4/20 9:00,29,10,19
5/4/20 10:00,28,13,15
5/4/20 11:00,49,21,28
5/4/20 12:00,40,18,22
5/4/20 13:00,51,25,26
5/4/20 14:00,52,24,28
5/4/20 15:00,75,49,26
5/4/20 16:00,89,54,35
5/4/20 17:00,93,67,26
5/4/20 18:00,58,39,19
5/4/20 19:00,37,19,18
5/4/20 20:00,24,8,16
5/4/20 21:00,4,4,0
5/4/20 22:00,5,5,0
5/4/20 23:00,3,1,2
5/5/20 0:00,5,1,4
5/5/20 1:00,1,1,0
5/5/20 2:00,1,0,1
5/5/20 3:00,4,1,3
5/5/20 4:00,7,4,3
5/5/20 5:00,16,3,13
5/5/20 6:00,54,11,43
5/5/20 7:00,60,11,49
5/5/20 8:00,42,11,31
5/5/20 9:00,43,16,27
5/5/20 10:00,27,11,16
5/5/20 11:00,29,12,17
5/5/20 12:00,44,17,27
5/5/20 13:00,57,29,28
5/5/20 14:00,65,35,30
5/5/20 15:00,96,58,38
5/5/20 16:00,125,83,42
5/5/20 17:00,124,78,46
5/5/20 18:00,87,49,38
5/5/20 19:00,46,24,22
5/5/20 20:00,25,14,11
5/5/20 21:00,15,9,6
5/5/20 22:00,4,0,4
5/5/20 23:00,2,1,1
5/6/20 0:00,3,2,1
5/6/20 1:00,1,0,1
5/6/20 2:00,1,1,0
5/6/20 3:00,2,1,1
5/6/20 4:00,2,0,2
5/6/20 5:00,13,1,12
5/6/20 6:00,42,5,37
5/6/20 7:00,26,2,24
5/6/20 8:00,28,3,25
5/6/20 9:00,29,7,22
5/6/20 10:00,15,4,11
5/6/20 11:00,29,16,13
5/6/20 12:00,22,11,11
5/6/20 13:00,14,9,5
5/6/20 14:00,23,13,10
5/6/20 15:00,39,24,15
5/6/20 16:00,65,42,23
5/6/20 17:00,80,57,23
5/6/20 18:00,47,31,16
5/6/20 19:00,27,12,15
5/6/20 20:00,14,11,3
5/6/20 21:00,10,5,5
5/6/20 22:00,1,1,0
5/6/20 23:00,4,1,3
5/7/20 0:00,4,3,1
5/7/20 1:00,1,0,1
5/7/20 2:00,0,0,0
5/7/20 3:00,0,0,0
5/7/20 4:00,8,2,6
5/7/20 5:00,26,4,22
5/7/20 6:00,57,13,44
5/7/20 7:00,55,4,51
5/7/20 8:00,65,22,43
5/7/20 9:00,22,8,14
5/7/20 10:00,54,35,19
5/7/20 11:00,45,22,23
5/7/20 12:00,76,27,49
5/7/20 13:00,79,43,36
5/7/20 14:00,92,53,39
5/7/20 15:00,104,52,52
5/7/20 16:00,169,113,56
5/7/20 17:00,157,101,56
5/7/20 18:00,115,63,52
5/7/20 19:00,79,36,43
5/7/20 20:00,43,31,12
5/7/20 21:00,12,7,5
5/7/20 22:00,5,1,4
5/7/20 23:00,0,0,0
5/8/20 0:00,3,3,0
5/8/20 1:00,3,0,3
5/8/20 2:00,0,0,0
5/8/20 3:00,1,0,1
5/8/20 4:00,4,2,2
5/8/20 5:00,21,4,17
5/8/20 6:00,53,9,44
5/8/20 7:00,56,15,41
5/8/20 8:00,50,12,38
5/8/20 9:00,60,26,34
5/8/20 10:00,65,23,42
5/8/20 11:00,62,24,38
5/8/20 12:00,76,44,32
5/8/20 13:00,126,84,42
5/8/20 14:00,108,57,51
5/8/20 15:00,149,67,82
5/8/20 16:00,149,88,61
5/8/20 17:00,137,91,46
5/8/20 18:00,103,62,41
5/8/20 19:00,77,33,44
5/8/20 20:00,33,16,17
5/8/20 21:00,29,13,16
5/8/20 22:00,14,11,3
5/8/20 23:00,2,1,1
5/9/20 0:00,8,7,1
5/9/20 1:00,5,2,3
5/9/20 2:00,4,1,3
5/9/20 3:00,2,0,2
5/9/20 4:00,3,1,2
5/9/20 5:00,7,3,4
5/9/20 6:00,26,9,17
5/9/20 7:00,43,26,17
5/9/20 8:00,59,25,34
5/9/20 9:00,95,40,55
5/9/20 10:00,154,75,79
5/9/20 11:00,179,87,92
5/9/20 12:00,196,99,97
5/9/20 13:00,180,91,89
5/9/20 14:00,189,91,98
5/9/20 15:00,169,89,80
5/9/20 16:00,106,53,53
5/9/20 17:00,119,63,56
5/9/20 18:00,95,45,50
5/9/20 19:00,57,24,33
5/9/20 20:00,21,9,12
5/9/20 21:00,18,6,12
5/9/20 22:00,12,4,8
5/9/20 23:00,4,4,0
5/10/20 0:00,2,1,1
5/10/20 1:00,1,0,1
5/10/20 2:00,1,0,1
5/10/20 3:00,2,1,1
5/10/20 4:00,1,1,0
5/10/20 5:00,5,3,2
5/10/20 6:00,5,1,4
5/10/20 7:00,13,6,7
5/10/20 8:00,36,14,22
5/10/20 9:00,70,31,39
5/10/20 10:00,129,72,57
5/10/20 11:00,133,64,69
5/10/20 12:00,170,73,97
5/10/20 13:00,125,68,57
5/10/20 14:00,138,79,59
5/10/20 15:00,116,66,50
5/10/20 16:00,112,58,54
5/10/20 17:00,77,29,48
5/10/20 18:00,55,26,29
5/10/20 19:00,51,31,20
5/10/20 20:00,34,9,25
5/10/20 21:00,15,9,6
5/10/20 22:00,3,2,1
5/10/20 23:00,1,0,1
5/11/20 0:00,2,1,1
5/11/20 1:00,0,0,0
5/11/20 2:00,0,0,0
5/11/20 3:00,2,2,0
5/11/20 4:00,2,0,2
5/11/20 5:00,29,2,27
5/11/20 6:00,56,12,44
5/11/20 7:00,46,7,39
5/11/20 8:00,60,11,49
5/11/20 9:00,44,12,32
5/11/20 10:00,43,23,20
5/11/20 11:00,34,16,18
5/11/20 12:00,55,28,27
5/11/20 13:00,61,26,35
5/11/20 14:00,69,32,37
5/11/20 15:00,99,55,44
5/11/20 16:00,94,63,31
5/11/20 17:00,72,56,16
5/11/20 18:00,40,26,14
5/11/20 19:00,10,7,3
5/11/20 20:00,10,7,3
5/11/20 21:00,8,3,5
5/11/20 22:00,1,1,0
5/11/20 23:00,1,1,0
5/12/20 0:00,2,1,1
5/12/20 1:00,1,1,0
5/12/20 2:00,0,0,0
5/12/20 3:00,1,1,0
5/12/20 4:00,1,0,1
5/12/20 5:00,21,3,18
5/12/20 6:00,39,5,34
5/12/20 7:00,38,10,28
5/12/20 8:00,32,5,27
5/12/20 9:00,14,4,10
5/12/20 10:00,18,7,11
5/12/20 11:00,24,11,13
5/12/20 12:00,21,8,13
5/12/20 13:00,16,11,5
5/12/20 14:00,32,19,13
5/12/20 15:00,60,39,21
5/12/20 16:00,60,40,20
5/12/20 17:00,60,47,13
5/12/20 18:00,36,25,11
5/12/20 19:00,22,11,11
5/12/20 20:00,12,9,3
5/12/20 21:00,9,4,5
5/12/20 22:00,0,0,0
5/12/20 23:00,1,0,1
5/13/20 0:00,2,1,1
5/13/20 1:00,1,1,0
5/13/20 2:00,1,0,1
5/13/20 3:00,1,0,1
5/13/20 4:00,3,1,2
5/13/20 5:00,23,4,19
5/13/20 6:00,49,7,42
5/13/20 7:00,36,5,31
5/13/20 8:00,32,4,28
5/13/20 9:00,26,9,17
5/13/20 10:00,26,12,14
5/13/20 11:00,32,12,20
5/13/20 12:00,39,16,23
5/13/20 13:00,58,24,34
5/13/20 14:00,42,23,19
5/13/20 15:00,83,53,30
5/13/20 16:00,97,73,24
5/13/20 17:00,135,99,36
5/13/20 18:00,87,56,31
5/13/20 19:00,57,26,31
5/13/20 20:00,35,16,19
5/13/20 21:00,3,1,2
5/13/20 22:00,5,4,1
5/13/20 23:00,3,2,1
5/14/20 0:00,6,3,3
5/14/20 1:00,3,1,2
5/14/20 2:00,2,2,0
5/14/20 3:00,3,2,1
5/14/20 4:00,3,1,2
5/14/20 5:00,21,5,16
5/14/20 6:00,50,10,40
5/14/20 7:00,50,16,34
5/14/20 8:00,26,5,21
5/14/20 9:00,21,5,16
5/14/20 10:00,14,4,10
5/14/20 11:00,25,12,13
5/14/20 12:00,23,8,15
5/14/20 13:00,35,15,20
5/14/20 14:00,51,35,16
5/14/20 15:00,64,37,27
5/14/20 16:00,96,54,42
5/14/20 17:00,124,76,48
5/14/20 18:00,79,50,29
5/14/20 19:00,61,37,24
5/14/20 20:00,29,11,18
5/14/20 21:00,14,7,7
5/14/20 22:00,3,3,0
5/14/20 23:00,4,3,1
5/15/20 0:00,2,1,1
5/15/20 1:00,0,0,0
5/15/20 2:00,2,1,1
5/15/20 3:00,5,3,2
5/15/20 4:00,5,2,3
5/15/20 5:00,25,4,21
5/15/20 6:00,42,4,38
5/15/20 7:00,60,15,45
5/15/20 8:00,45,16,29
5/15/20 9:00,51,19,32
5/15/20 10:00,49,20,29
5/15/20 11:00,80,40,40
5/15/20 12:00,66,34,32
5/15/20 13:00,97,58,39
5/15/20 14:00,142,75,67
5/15/20 15:00,141,82,59
5/15/20 16:00,118,76,42
5/15/20 17:00,180,118,62
5/15/20 18:00,132,69,63
5/15/20 19:00,50,26,24
5/15/20 20:00,44,21,23
5/15/20 21:00,19,5,14
5/15/20 22:00,21,9,12
5/15/20 23:00,3,3,0
5/16/20 0:00,4,3,1
5/16/20 1:00,3,2,1
5/16/20 2:00,4,1,3
5/16/20 3:00,4,3,1
5/16/20 4:00,1,0,1
5/16/20 5:00,6,2,4
5/16/20 6:00,13,5,8
5/16/20 7:00,20,9,11
5/16/20 8:00,23,13,10
5/16/20 9:00,28,11,17
5/16/20 10:00,30,14,16
5/16/20 11:00,31,10,21
5/16/20 12:00,34,16,18
5/16/20 13:00,41,25,16
5/16/20 14:00,24,14,10
5/16/20 15:00,22,14,8
5/16/20 16:00,18,8,10
5/16/20 17:00,8,4,4
5/16/20 18:00,22,12,10
5/16/20 19:00,17,12,5
5/16/20 20:00,9,5,4
5/16/20 21:00,6,2,4
5/16/20 22:00,1,0,1
5/16/20 23:00,2,1,1
5/17/20 0:00,1,0,1
5/17/20 1:00,2,2,0
5/17/20 2:00,1,1,0
5/17/20 3:00,0,0,0
5/17/20 4:00,0,0,0
5/17/20 5:00,4,0,4
5/17/20 6:00,13,3,10
5/17/20 7:00,21,8,13
5/17/20 8:00,37,18,19
5/17/20 9:00,61,29,32
5/17/20 10:00,74,37,37
5/17/20 11:00,100,59,41
5/17/20 12:00,146,69,77
5/17/20 13:00,171,89,82
5/17/20 14:00,201,110,91
5/17/20 15:00,174,83,91
5/17/20 16:00,133,65,68
5/17/20 17:00,118,58,60
5/17/20 18:00,99,44,55
5/17/20 19:00,40,18,22
5/17/20 20:00,22,11,11
5/17/20 21:00,11,4,7
5/17/20 22:00,3,1,2
5/17/20 23:00,3,2,1
5/18/20 0:00,2,1,1
5/18/20 1:00,1,0,1
5/18/20 2:00,4,2,2
5/18/20 3:00,0,0,0
5/18/20 4:00,1,0,1
5/18/20 5:00,19,2,17
5/18/20 6:00,60,12,48
5/18/20 7:00,52,5,47
5/18/20 8:00,48,8,40
5/18/20 9:00,29,13,16
5/18/20 10:00,23,8,15
5/18/20 11:00,41,13,28
5/18/20 12:00,39,23,16
5/18/20 13:00,51,28,23
5/18/20 14:00,70,39,31
5/18/20 15:00,71,43,28
5/18/20 16:00,90,56,34
5/18/20 17:00,114,74,40
5/18/20 18:00,62,37,25
5/18/20 19:00,40,24,16
5/18/20 20:00,16,10,6
5/18/20 21:00,6,4,2
5/18/20 22:00,0,0,0
5/18/20 23:00,6,5,1
5/19/20 0:00,4,3,1
5/19/20 1:00,0,0,0
5/19/20 2:00,3,1,2
5/19/20 3:00,3,2,1
5/19/20 4:00,2,0,2
5/19/20 5:00,29,5,24
5/19/20 6:00,61,15,46
5/19/20 7:00,62,15,47
5/19/20 8:00,57,13,44
5/19/20 9:00,39,14,25
5/19/20 10:00,39,9,30
5/19/20 11:00,41,22,19
5/19/20 12:00,34,15,19
5/19/20 13:00,54,27,27
5/19/20 14:00,46,20,26
5/19/20 15:00,79,48,31
5/19/20 16:00,106,67,39
5/19/20 17:00,125,78,47
5/19/20 18:00,87,53,34
5/19/20 19:00,49,25,24
5/19/20 20:00,31,18,13
5/19/20 21:00,9,3,6
5/19/20 22:00,4,3,1
5/19/20 23:00,2,2,0
5/20/20 0:00,8,5,3
5/20/20 1:00,1,1,0
5/20/20 2:00,1,1,0
5/20/20 3:00,2,1,1
5/20/20 4:00,2,0,2
5/20/20 5:00,24,6,18
5/20/20 6:00,59,15,44
5/20/20 7:00,50,10,40
5/20/20 8:00,39,10,29
5/20/20 9:00,37,16,21
5/20/20 10:00,29,11,18
5/20/20 11:00,35,12,23
5/20/20 12:00,45,22,23
5/20/20 13:00,36,19,17
5/20/20 14:00,45,28,17
5/20/20 15:00,45,27,18
5/20/20 16:00,64,45,19
5/20/20 17:00,64,49,15
5/20/20 18:00,38,25,13
5/20/20 19:00,15,7,8
5/20/20 20:00,14,8,6
5/20/20 21:00,8,6,2
5/20/20 22:00,7,3,4
5/20/20 23:00,2,2,0
5/21/20 0:00,4,3,1
5/21/20 1:00,0,0,0
5/21/20 2:00,3,3,0
5/21/20 3:00,1,0,1
5/21/20 4:00,1,0,1
5/21/20 5:00,15,2,13
5/21/20 6:00,30,5,25
5/21/20 7:00,26,5,21
5/21/20 8:00,24,6,18
5/21/20 9:00,14,4,10
5/21/20 10:00,14,5,9
5/21/20 11:00,15,6,9
5/21/20 12:00,16,8,8
5/21/20 13:00,20,7,13
5/21/20 14:00,21,19,2
5/21/20 15:00,23,13,10
5/21/20 16:00,54,34,20
5/21/20 17:00,37,27,10
5/21/20 18:00,24,17,7
5/21/20 19:00,9,7,2
5/21/20 20:00,11,4,7
5/21/20 21:00,4,3,1
5/21/20 22:00,5,3,2
5/21/20 23:00,2,0,2
5/22/20 0:00,2,2,0
5/22/20 1:00,2,2,0
5/22/20 2:00,1,1,0
5/22/20 3:00,1,1,0
5/22/20 4:00,4,2,2
5/22/20 5:00,21,4,17
5/22/20 6:00,44,9,35
5/22/20 7:00,57,9,48
5/22/20 8:00,30,13,17
5/22/20 9:00,48,19,29
5/22/20 10:00,35,14,21
5/22/20 11:00,62,24,38
5/22/20 12:00,53,17,36
5/22/20 13:00,91,52,39
5/22/20 14:00,88,53,35
5/22/20 15:00,84,54,30
5/22/20 16:00,102,63,39
5/22/20 17:00,75,39,36
5/22/20 18:00,63,46,17
5/22/20 19:00,32,23,9
5/22/20 20:00,13,7,6
5/22/20 21:00,8,5,3
5/22/20 22:00,6,3,3
5/22/20 23:00,4,2,2
5/23/20 0:00,3,3,0
5/23/20 1:00,1,1,0
5/23/20 2:00,1,0,1
5/23/20 3:00,3,3,0
5/23/20 4:00,2,1,1
5/23/20 5:00,10,2,8
5/23/20 6:00,12,4,8
5/23/20 7:00,14,7,7
5/23/20 8:00,47,26,21
5/23/20 9:00,77,39,38
5/23/20 10:00,54,19,35
5/23/20 11:00,101,52,49
5/23/20 12:00,125,73,52
5/23/20 13:00,127,76,51
5/23/20 14:00,147,68,79
5/23/20 15:00,120,68,52
5/23/20 16:00,142,67,75
5/23/20 17:00,80,39,41
5/23/20 18:00,72,29,43
5/23/20 19:00,44,23,21
5/23/20 20:00,16,3,13
5/23/20 21:00,12,8,4
5/23/20 22:00,4,1,3
5/23/20 23:00,5,1,4
5/24/20 0:00,6,3,3
5/24/20 1:00,1,1,0
5/24/20 2:00,1,1,0
5/24/20 3:00,0,0,0
5/24/20 4:00,1,1,0
5/24/20 5:00,5,0,5
5/24/20 6:00,15,4,11
5/24/20 7:00,17,7,10
5/24/20 8:00,39,21,18
5/24/20 9:00,61,28,33
5/24/20 10:00,59,35,24
5/24/20 11:00,100,58,42
5/24/20 12:00,126,66,60
5/24/20 13:00,157,65,92
5/24/20 14:00,142,66,76
5/24/20 15:00,143,78,65
5/24/20 16:00,137,70,67
5/24/20 17:00,105,55,50
5/24/20 18:00,95,43,52
5/24/20 19:00,52,13,39
5/24/20 20:00,27,13,14
5/24/20 21:00,11,2,9
5/24/20 22:00,8,5,3
5/24/20 23:00,5,2,3
5/25/20 0:00,2,1,1
5/25/20 1:00,5,3,2
5/25/20 2:00,0,0,0
5/25/20 3:00,0,0,0
5/25/20 4:00,1,1,0
5/25/20 5:00,3,2,1
5/25/20 6:00,7,1,6
5/25/20 7:00,6,0,6
5/25/20 8:00,9,5,4
5/25/20 9:00,10,5,5
5/25/20 10:00,20,11,9
5/25/20 11:00,15,8,7
5/25/20 12:00,37,11,26
5/25/20 13:00,25,5,20
5/25/20 14:00,21,13,8
5/25/20 15:00,21,8,13
5/25/20 16:00,30,16,14
5/25/20 17:00,25,14,11
5/25/20 18:00,22,11,11
5/25/20 19:00,15,7,8
5/25/20 20:00,14,6,8
5/25/20 21:00,11,7,4
5/25/20 22:00,2,2,0
5/25/20 23:00,1,0,1
5/26/20 0:00,3,3,0
5/26/20 1:00,1,0,1
5/26/20 2:00,4,3,1
5/26/20 3:00,0,0,0
5/26/20 4:00,6,1,5
5/26/20 5:00,32,5,27
5/26/20 6:00,49,9,40
5/26/20 7:00,43,6,37
5/26/20 8:00,30,5,25
5/26/20 9:00,22,5,17
5/26/20 10:00,15,5,10
5/26/20 11:00,29,12,17
5/26/20 12:00,29,10,19
5/26/20 13:00,55,24,31
5/26/20 14:00,48,22,26
5/26/20 15:00,88,58,30
5/26/20 16:00,89,57,32
5/26/20 17:00,114,74,40
5/26/20 18:00,109,65,44
5/26/20 19:00,61,38,23
5/26/20 20:00,35,16,19
5/26/20 21:00,26,15,11
5/26/20 22:00,6,3,3
5/26/20 23:00,3,3,0
5/27/20 0:00,6,4,2
5/27/20 1:00,2,1,1
5/27/20 2:00,1,1,0
5/27/20 3:00,2,1,1
5/27/20 4:00,2,1,1
5/27/20 5:00,29,7,22
5/27/20 6:00,67,12,55
5/27/20 7:00,74,14,60
5/27/20 8:00,64,15,49
5/27/20 9:00,52,22,30
5/27/20 10:00,46,20,26
5/27/20 11:00,52,16,36
5/27/20 12:00,69,37,32
5/27/20 13:00,77,38,39
5/27/20 14:00,100,48,52
5/27/20 15:00,94,61,33
5/27/20 16:00,135,89,46
5/27/20 17:00,136,90,46
5/27/20 18:00,125,77,48
5/27/20 19:00,71,41,30
5/27/20 20:00,43,18,25
5/27/20 21:00,23,10,13
5/27/20 22:00,15,7,8
5/27/20 23:00,5,4,1
5/28/20 0:00,6,4,2
5/28/20 1:00,0,0,0
5/28/20 2:00,1,1,0
5/28/20 3:00,1,0,1
5/28/20 4:00,4,2,2
5/28/20 5:00,28,5,23
5/28/20 6:00,73,16,57
5/28/20 7:00,75,12,63
5/28/20 8:00,77,18,59
5/28/20 9:00,50,17,33
5/28/20 10:00,45,17,28
5/28/20 11:00,52,19,33
5/28/20 12:00,72,40,32
5/28/20 13:00,56,24,32
5/28/20 14:00,84,48,36
5/28/20 15:00,112,64,48
5/28/20 16:00,139,83,56
5/28/20 17:00,169,123,46
5/28/20 18:00,122,61,61
5/28/20 19:00,78,34,44
5/28/20 20:00,35,17,18
5/28/20 21:00,23,13,10
5/28/20 22:00,5,4,1
5/28/20 23:00,5,4,1
5/29/20 0:00,3,2,1
5/29/20 1:00,3,2,1
5/29/20 2:00,2,0,2
5/29/20 3:00,1,0,1
5/29/20 4:00,5,0,5
5/29/20 5:00,30,3,27
5/29/20 6:00,59,13,46
5/29/20 7:00,76,13,63
5/29/20 8:00,59,12,47
5/29/20 9:00,55,20,35
5/29/20 10:00,79,28,51
5/29/20 11:00,50,21,29
5/29/20 12:00,77,31,46
5/29/20 13:00,83,43,40
5/29/20 14:00,86,54,32
5/29/20 15:00,133,76,57
5/29/20 16:00,146,87,59
5/29/20 17:00,155,99,56
5/29/20 18:00,149,103,46
5/29/20 19:00,75,34,41
5/29/20 20:00,33,12,21
5/29/20 21:00,0,0,0
5/29/20 22:00,0,0,0
5/29/20 23:00,0,0,0
5/30/20 0:00,2,1,1
5/30/20 1:00,0,0,0
5/30/20 2:00,4,3,1
5/30/20 3:00,3,2,1
5/30/20 4:00,2,1,1
5/30/20 5:00,9,1,8
5/30/20 6:00,14,9,5
5/30/20 7:00,26,9,17
5/30/20 8:00,21,10,11
5/30/20 9:00,15,13,2
5/30/20 10:00,4,2,2
5/30/20 11:00,22,7,15
5/30/20 12:00,22,9,13
5/30/20 13:00,15,11,4
5/30/20 14:00,25,8,17
5/30/20 15:00,19,10,9
5/30/20 16:00,19,15,4
5/30/20 17:00,19,14,5
5/30/20 18:00,13,9,4
5/30/20 19:00,2,2,0
5/30/20 20:00,2,1,1
5/30/20 21:00,5,3,2
5/30/20 22:00,0,0,0
5/30/20 23:00,1,1,0
5/31/20 0:00,0,0,0
5/31/20 1:00,0,0,0
5/31/20 2:00,0,0,0
5/31/20 3:00,0,0,0
5/31/20 4:00,0,0,0
5/31/20 5:00,1,0,1
5/31/20 6:00,5,1,4
5/31/20 7:00,3,3,0
5/31/20 8:00,12,4,8
5/31/20 9:00,16,8,8
5/31/20 10:00,23,9,14
5/31/20 11:00,34,14,20
5/31/20 12:00,31,17,14
5/31/20 13:00,58,24,34
5/31/20 14:00,68,34,34
5/31/20 15:00,84,40,44
5/31/20 16:00,63,32,31
5/31/20 17:00,66,31,35
5/31/20 18:00,30,12,18
5/31/20 19:00,10,7,3
5/31/20 20:00,5,4,1
5/31/20 21:00,5,2,3
5/31/20 22:00,4,3,1
5/31/20 23:00,2,1,1
8/1/22 0:00,4,0,4
8/1/22 1:00,1,1,0
8/1/22 2:00,2,0,2
8/1/22 3:00,2,2,0
8/1/22 4:00,8,7,1
8/1/22 5:00,37,32,5
8/1/22 6:00,60,57,3
8/1/22 7:00,95,90,5
8/1/22 8:00,93,90,3
8/1/22 9:00,66,56,10
8/1/22 10:00,34,25,9
8/1/22 11:00,32,20,12
8/1/22 12:00,32,16,16
8/1/22 13:00,41,17,24
8/1/22 14:00,58,16,42
8/1/22 15:00,62,17,45
8/1/22 16:00,95,18,77
8/1/22 17:00,143,20,123
8/1/22 18:00,82,16,66
8/1/22 19:00,54,8,46
8/1/22 20:00,36,11,25
8/1/22 21:00,18,8,10
8/1/22 22:00,10,1,9
8/1/22 23:00,8,4,4
8/2/22 0:00,2,1,1
8/2/22 1:00,4,2,2
8/2/22 2:00,0,0,0
8/2/22 3:00,2,1,1
8/2/22 4:00,4,4,0
8/2/22 5:00,37,31,6
8/2/22 6:00,79,72,7
8/2/22 7:00,136,132,4
8/2/22 8:00,114,103,11
8/2/22 9:00,57,48,9
8/2/22 10:00,45,38,7
8/2/22 11:00,44,35,9
8/2/22 12:00,41,19,22
8/2/22 13:00,35,17,18
8/2/22 14:00,50,25,25
8/2/22 15:00,95,39,56
8/2/22 16:00,121,23,98
8/2/22 17:00,192,29,163
8/2/22 18:00,127,41,86
8/2/22 19:00,62,12,50
8/2/22 20:00,37,14,23
8/2/22 21:00,54,3,51
8/2/22 22:00,14,9,5
8/2/22 23:00,5,4,1
8/3/22 0:00,6,0,6
8/3/22 1:00,4,3,1
8/3/22 2:00,2,0,2
8/3/22 3:00,0,0,0
8/3/22 4:00,8,8,0
8/3/22 5:00,35,29,6
8/3/22 6:00,71,66,5
8/3/22 7:00,119,114,5
8/3/22 8:00,113,108,5
8/3/22 9:00,63,52,11
8/3/22 10:00,39,30,9
8/3/22 11:00,28,21,7
8/3/22 12:00,33,16,17
8/3/22 13:00,34,16,18
8/3/22 14:00,47,15,32
8/3/22 15:00,92,24,68
8/3/22 16:00,112,28,84
8/3/22 17:00,186,34,152
8/3/22 18:00,99,13,86
8/3/22 19:00,54,16,38
8/3/22 20:00,58,33,25
8/3/22 21:00,22,7,15
8/3/22 22:00,27,3,24
8/3/22 23:00,36,2,34
8/4/22 0:00,7,1,6
8/4/22 1:00,3,1,2
8/4/22 2:00,3,0,3
8/4/22 3:00,0,0,0
8/4/22 4:00,8,8,0
8/4/22 5:00,27,24,3
8/4/22 6:00,61,57,4
8/4/22 7:00,101,101,0
8/4/22 8:00,120,111,9
8/4/22 9:00,69,60,9
8/4/22 10:00,21,13,8
8/4/22 11:00,35,20,15
8/4/22 12:00,22,9,13
8/4/22 13:00,26,16,10
8/4/22 14:00,36,9,27
8/4/22 15:00,64,19,45
8/4/22 16:00,109,21,88
8/4/22 17:00,141,26,115
8/4/22 18:00,95,14,81
8/4/22 19:00,56,8,48
8/4/22 20:00,32,10,22
8/4/22 21:00,16,2,14
8/4/22 22:00,10,0,10
8/4/22 23:00,4,2,2
8/5/22 0:00,4,0,4
8/5/22 1:00,3,1,2
8/5/22 2:00,7,3,4
8/5/22 3:00,3,3,0
8/5/22 4:00,7,6,1
8/5/22 5:00,30,27,3
8/5/22 6:00,44,43,1
8/5/22 7:00,96,77,19
8/5/22 8:00,84,73,11
8/5/22 9:00,60,49,11
8/5/22 10:00,42,26,16
8/5/22 11:00,44,28,16
8/5/22 12:00,48,26,22
8/5/22 13:00,53,24,29
8/5/22 14:00,76,33,43
8/5/22 15:00,77,23,54
8/5/22 16:00,123,31,92
8/5/22 17:00,125,29,96
8/5/22 18:00,102,34,68
8/5/22 19:00,45,17,28
8/5/22 20:00,39,12,27
8/5/22 21:00,21,8,13
8/5/22 22:00,12,0,12
8/5/22 23:00,24,3,21
8/6/22 0:00,13,4,9
8/6/22 1:00,6,1,5
8/6/22 2:00,3,0,3
8/6/22 3:00,2,1,1
8/6/22 4:00,2,2,0
8/6/22 5:00,3,2,1
8/6/22 6:00,8,5,3
8/6/22 7:00,24,15,9
8/6/22 8:00,58,38,20
8/6/22 9:00,59,40,19
8/6/22 10:00,63,32,31
8/6/22 11:00,87,46,41
8/6/22 12:00,82,58,24
8/6/22 13:00,87,50,37
8/6/22 14:00,92,58,34
8/6/22 15:00,69,21,48
8/6/22 16:00,100,20,80
8/6/22 17:00,66,25,41
8/6/22 18:00,63,20,43
8/6/22 19:00,50,25,25
8/6/22 20:00,23,10,13
8/6/22 21:00,21,8,13
8/6/22 22:00,33,5,28
8/6/22 23:00,16,3,13
8/7/22 0:00,10,1,9
8/7/22 1:00,7,0,7
8/7/22 2:00,4,2,2
8/7/22 3:00,1,1,0
8/7/22 4:00,5,5,0
8/7/22 5:00,5,5,0
8/7/22 6:00,8,6,2
8/7/22 7:00,16,10,6
8/7/22 8:00,36,29,7
8/7/22 9:00,58,32,26
8/7/22 10:00,70,28,42
8/7/22 11:00,73,35,38
8/7/22 12:00,85,50,35
8/7/22 13:00,66,37,29
8/7/22 14:00,71,42,29
8/7/22 15:00,44,20,24
8/7/22 16:00,92,28,64
8/7/22 17:00,50,11,39
8/7/22 18:00,47,28,19
8/7/22 19:00,29,7,22
8/7/22 20:00,18,5,13
8/7/22 21:00,13,9,4
8/7/22 22:00,6,6,0
8/7/22 23:00,3,1,2
8/8/22 0:00,0,0,0
8/8/22 1:00,0,0,0
8/8/22 2:00,3,0,3
8/8/22 3:00,1,1,0
8/8/22 4:00,9,8,1
8/8/22 5:00,26,23,3
8/8/22 6:00,65,62,3
8/8/22 7:00,108,99,9
8/8/22 8:00,93,88,5
8/8/22 9:00,54,44,10
8/8/22 10:00,37,23,14
8/8/22 11:00,25,16,9
8/8/22 12:00,33,14,19
8/8/22 13:00,41,22,19
8/8/22 14:00,46,16,30
8/8/22 15:00,70,16,54
8/8/22 16:00,84,17,67
8/8/22 17:00,134,24,110
8/8/22 18:00,86,11,75
8/8/22 19:00,38,9,29
8/8/22 20:00,35,12,23
8/8/22 21:00,20,5,15
8/8/22 22:00,21,3,18
8/8/22 23:00,15,2,13
8/9/22 0:00,3,0,3
8/9/22 1:00,5,1,4
8/9/22 2:00,1,0,1
8/9/22 3:00,1,0,1
8/9/22 4:00,7,6,1
8/9/22 5:00,28,25,3
8/9/22 6:00,80,74,6
8/9/22 7:00,132,118,14
8/9/22 8:00,109,106,3
8/9/22 9:00,71,62,9
8/9/22 10:00,45,29,16
8/9/22 11:00,42,32,10
8/9/22 12:00,16,10,6
8/9/22 13:00,24,12,12
8/9/22 14:00,54,22,32
8/9/22 15:00,58,13,45
8/9/22 16:00,129,28,101
8/9/22 17:00,193,39,154
8/9/22 18:00,95,25,70
8/9/22 19:00,58,17,41
8/9/22 20:00,40,18,22
8/9/22 21:00,25,2,23
8/9/22 22:00,20,4,16
8/9/22 23:00,26,2,24
8/10/22 0:00,4,2,2
8/10/22 1:00,3,0,3
8/10/22 2:00,2,1,1
8/10/22 3:00,2,1,1
8/10/22 4:00,10,9,1
8/10/22 5:00,31,25,6
8/10/22 6:00,71,67,4
8/10/22 7:00,111,107,4
8/10/22 8:00,135,131,4
8/10/22 9:00,50,41,9
8/10/22 10:00,23,12,11
8/10/22 11:00,26,17,9
8/10/22 12:00,32,22,10
8/10/22 13:00,30,16,14
8/10/22 14:00,47,18,29
8/10/22 15:00,67,15,52
8/10/22 16:00,132,21,111
8/10/22 17:00,168,32,136
8/10/22 18:00,97,13,84
8/10/22 19:00,48,9,39
8/10/22 20:00,26,9,17
8/10/22 21:00,13,3,10
8/10/22 22:00,7,0,7
8/10/22 23:00,4,0,4
8/11/22 0:00,6,3,3
8/11/22 1:00,2,1,1
8/11/22 2:00,1,1,0
8/11/22 3:00,4,2,2
8/11/22 4:00,6,5,1
8/11/22 5:00,24,17,7
8/11/22 6:00,68,65,3
8/11/22 7:00,117,113,4
8/11/22 8:00,116,108,8
8/11/22 9:00,72,57,15
8/11/22 10:00,39,34,5
8/11/22 11:00,52,31,21
8/11/22 12:00,44,23,21
8/11/22 13:00,43,22,21
8/11/22 14:00,44,18,26
8/11/22 15:00,73,12,61
8/11/22 16:00,129,36,93
8/11/22 17:00,151,30,121
8/11/22 18:00,122,25,97
8/11/22 19:00,68,16,52
8/11/22 20:00,55,25,30
8/11/22 21:00,27,5,22
8/11/22 22:00,11,3,8
8/11/22 23:00,6,3,3
8/12/22 0:00,7,1,6
8/12/22 1:00,2,1,1
8/12/22 2:00,3,0,3
8/12/22 3:00,4,3,1
8/12/22 4:00,3,3,0
8/12/22 5:00,26,20,6
8/12/22 6:00,59,52,7
8/12/22 7:00,65,60,5
8/12/22 8:00,84,72,12
8/12/22 9:00,65,57,8
8/12/22 10:00,47,29,18
8/12/22 11:00,42,23,19
8/12/22 12:00,45,27,18
8/12/22 13:00,45,18,27
8/12/22 14:00,54,16,38
8/12/22 15:00,79,29,50
8/12/22 16:00,110,30,80
8/12/22 17:00,103,31,72
8/12/22 18:00,84,24,60
8/12/22 19:00,33,9,24
8/12/22 20:00,26,6,20
8/12/22 21:00,16,2,14
8/12/22 22:00,14,8,6
8/12/22 23:00,9,1,8
8/13/22 0:00,5,3,2
8/13/22 1:00,2,0,2
8/13/22 2:00,4,0,4
8/13/22 3:00,0,0,0
8/13/22 4:00,4,3,1
8/13/22 5:00,5,4,1
8/13/22 6:00,10,8,2
8/13/22 7:00,32,22,10
8/13/22 8:00,30,19,11
8/13/22 9:00,65,33,32
8/13/22 10:00,47,32,15
8/13/22 11:00,57,30,27
8/13/22 12:00,76,39,37
8/13/22 13:00,61,29,32
8/13/22 14:00,88,48,40
8/13/22 15:00,69,29,40
8/13/22 16:00,70,25,45
8/13/22 17:00,69,34,35
8/13/22 18:00,32,11,21
8/13/22 19:00,32,15,17
8/13/22 20:00,27,8,19
8/13/22 21:00,14,4,10
8/13/22 22:00,5,3,2
8/13/22 23:00,7,2,5
8/14/22 0:00,6,1,5
8/14/22 1:00,1,0,1
8/14/22 2:00,0,0,0
8/14/22 3:00,4,1,3
8/14/22 4:00,3,3,0
8/14/22 5:00,7,5,2
8/14/22 6:00,11,8,3
8/14/22 7:00,13,9,4
8/14/22 8:00,29,22,7
8/14/22 9:00,48,23,25
8/14/22 10:00,58,42,16
8/14/22 11:00,97,33,64
8/14/22 12:00,129,73,56
8/14/22 13:00,89,35,54
8/14/22 14:00,98,50,48
8/14/22 15:00,93,42,51
8/14/22 16:00,79,42,37
8/14/22 17:00,56,33,23
8/14/22 18:00,50,29,21
8/14/22 19:00,33,16,17
8/14/22 20:00,23,11,12
8/14/22 21:00,49,6,43
8/14/22 22:00,16,3,13
8/14/22 23:00,10,4,6
8/15/22 0:00,6,1,5
8/15/22 1:00,4,3,1
8/15/22 2:00,2,0,2
8/15/22 3:00,1,0,1
8/15/22 4:00,13,11,2
8/15/22 5:00,30,24,6
8/15/22 6:00,64,60,4
8/15/22 7:00,95,91,4
8/15/22 8:00,119,112,7
8/15/22 9:00,66,51,15
8/15/22 10:00,42,27,15
8/15/22 11:00,49,33,16
8/15/22 12:00,34,14,20
8/15/22 13:00,43,16,27
8/15/22 14:00,55,21,34
8/15/22 15:00,68,16,52
8/15/22 16:00,109,23,86
8/15/22 17:00,154,21,133
8/15/22 18:00,87,20,67
8/15/22 19:00,44,10,34
8/15/22 20:00,30,10,20
8/15/22 21:00,14,8,6
8/15/22 22:00,8,1,7
8/15/22 23:00,8,4,4
8/16/22 0:00,3,1,2
8/16/22 1:00,1,0,1
8/16/22 2:00,1,0,1
8/16/22 3:00,1,1,0
8/16/22 4:00,8,7,1
8/16/22 5:00,32,29,3
8/16/22 6:00,86,81,5
8/16/22 7:00,137,129,8
8/16/22 8:00,135,127,8
8/16/22 9:00,65,52,13
8/16/22 10:00,41,28,13
8/16/22 11:00,38,26,12
8/16/22 12:00,33,18,15
8/16/22 13:00,39,22,17
8/16/22 14:00,56,20,36
8/16/22 15:00,44,10,34
8/16/22 16:00,0,0,0
8/16/22 17:00,0,0,0
8/16/22 18:00,0,0,0
8/16/22 19:00,0,0,0
8/16/22 20:00,0,0,0
8/16/22 21:00,0,0,0
8/16/22 22:00,0,0,0
8/16/22 23:00,0,0,0
8/17/22 0:00,0,0,0
8/17/22 1:00,0,0,0
8/17/22 2:00,0,0,0
8/17/22 3:00,0,0,0
8/17/22 4:00,0,0,0
8/17/22 5:00,0,0,0
8/17/22 6:00,0,0,0
8/17/22 7:00,0,0,0
8/17/22 8:00,0,0,0
8/17/22 9:00,0,0,0
8/17/22 10:00,0,0,0
8/17/22 11:00,0,0,0
8/17/22 12:00,0,0,0
8/17/22 13:00,0,0,0
8/17/22 14:00,0,0,0
8/17/22 15:00,0,0,0
8/17/22 16:00,0,0,0
8/17/22 17:00,0,0,0
8/17/22 18:00,0,0,0
8/17/22 19:00,0,0,0
8/17/22 20:00,0,0,0
8/17/22 21:00,0,0,0
8/17/22 22:00,0,0,0
8/17/22 23:00,0,0,0
8/18/22 0:00,0,0,0
8/18/22 1:00,0,0,0
8/18/22 2:00,0,0,0
8/18/22 3:00,0,0,0
8/18/22 4:00,0,0,0
8/18/22 5:00,0,0,0
8/18/22 6:00,0,0,0
8/18/22 7:00,0,0,0
8/18/22 8:00,0,0,0
8/18/22 9:00,0,0,0
8/18/22 10:00,0,0,0
8/18/22 11:00,0,0,0
8/18/22 12:00,0,0,0
8/18/22 13:00,0,0,0
8/18/22 14:00,0,0,0
8/18/22 15:00,0,0,0
8/18/22 16:00,0,0,0
8/18/22 17:00,0,0,0
8/18/22 18:00,0,0,0
8/18/22 19:00,0,0,0
8/18/22 20:00,0,0,0
8/18/22 21:00,0,0,0
8/18/22 22:00,0,0,0
8/18/22 23:00,0,0,0
8/19/22 0:00,0,0,0
8/19/22 1:00,0,0,0
8/19/22 2:00,0,0,0
8/19/22 3:00,0,0,0
8/19/22 4:00,0,0,0
8/19/22 5:00,0,0,0
8/19/22 6:00,0,0,0
8/19/22 7:00,0,0,0
8/19/22 8:00,0,0,0
8/19/22 9:00,0,0,0
8/19/22 10:00,0,0,0
8/19/22 11:00,0,0,0
8/19/22 12:00,0,0,0
8/19/22 13:00,0,0,0
8/19/22 14:00,0,0,0
8/19/22 15:00,0,0,0
8/19/22 16:00,0,0,0
8/19/22 17:00,0,0,0
8/19/22 18:00,0,0,0
8/19/22 19:00,0,0,0
8/19/22 20:00,0,0,0
8/19/22 21:00,0,0,0
8/19/22 22:00,0,0,0
8/19/22 23:00,0,0,0
8/20/22 0:00,0,0,0
8/20/22 1:00,0,0,0
8/20/22 2:00,0,0,0
8/20/22 3:00,0,0,0
8/20/22 4:00,0,0,0
8/20/22 5:00,0,0,0
8/20/22 6:00,0,0,0
8/20/22 7:00,0,0,0
8/20/22 8:00,0,0,0
8/20/22 9:00,0,0,0
8/20/22 10:00,0,0,0
8/20/22 11:00,0,0,0
8/20/22 12:00,0,0,0
8/20/22 13:00,0,0,0
8/20/22 14:00,0,0,0
8/20/22 15:00,0,0,0
8/20/22 16:00,0,0,0
8/20/22 17:00,0,0,0
8/20/22 18:00,0,0,0
8/20/22 19:00,0,0,0
8/20/22 20:00,0,0,0
8/20/22 21:00,0,0,0
8/20/22 22:00,0,0,0
8/20/22 23:00,0,0,0
8/21/22 0:00,0,0,0
8/21/22 1:00,0,0,0
8/21/22 2:00,0,0,0
8/21/22 3:00,0,0,0
8/21/22 4:00,0,0,0
8/21/22 5:00,0,0,0
8/21/22 6:00,0,0,0
8/21/22 7:00,0,0,0
8/21/22 8:00,0,0,0
8/21/22 9:00,0,0,0
8/21/22 10:00,0,0,0
8/21/22 11:00,0,0,0
8/21/22 12:00,0,0,0
8/21/22 13:00,0,0,0
8/21/22 14:00,0,0,0
8/21/22 15:00,0,0,0
8/21/22 16:00,0,0,0
8/21/22 17:00,0,0,0
8/21/22 18:00,0,0,0
8/21/22 19:00,0,0,0
8/21/22 20:00,0,0,0
8/21/22 21:00,0,0,0
8/21/22 22:00,0,0,0
8/21/22 23:00,0,0,0
8/22/22 0:00,0,0,0
8/22/22 1:00,0,0,0
8/22/22 2:00,0,0,0
8/22/22 3:00,0,0,0
8/22/22 4:00,0,0,0
8/22/22 5:00,0,0,0
8/22/22 6:00,0,0,0
8/22/22 7:00,0,0,0
8/22/22 8:00,0,0,0
8/22/22 9:00,0,0,0
8/22/22 10:00,0,0,0
8/22/22 11:00,0,0,0
8/22/22 12:00,0,0,0
8/22/22 13:00,0,0,0
8/22/22 14:00,0,0,0
8/22/22 15:00,0,0,0
8/22/22 16:00,0,0,0
8/22/22 17:00,0,0,0
8/22/22 18:00,0,0,0
8/22/22 19:00,0,0,0
8/22/22 20:00,0,0,0
8/22/22 21:00,0,0,0
8/22/22 22:00,0,0,0
8/22/22 23:00,0,0,0
8/23/22 0:00,0,0,0
8/23/22 1:00,0,0,0
8/23/22 2:00,0,0,0
8/23/22 3:00,0,0,0
8/23/22 4:00,0,0,0
8/23/22 5:00,0,0,0
8/23/22 6:00,0,0,0
8/23/22 7:00,0,0,0
8/23/22 8:00,0,0,0
8/23/22 9:00,0,0,0
8/23/22 10:00,0,0,0
8/23/22 11:00,0,0,0
8/23/22 12:00,0,0,0
8/23/22 13:00,0,0,0
8/23/22 14:00,0,0,0
8/23/22 15:00,7,6,1
8/23/22 16:00,21,5,16
8/23/22 17:00,13,4,9
8/23/22 18:00,2,1,1
8/23/22 19:00,9,0,9
8/23/22 20:00,4,1,3
8/23/22 21:00,3,1,2
8/23/22 22:00,9,5,4
8/23/22 23:00,3,3,0
8/24/22 0:00,0,0,0
8/24/22 1:00,1,0,1
8/24/22 2:00,0,0,0
8/24/22 3:00,2,0,2
8/24/22 4:00,3,0,3
8/24/22 5:00,1,0,1
8/24/22 6:00,14,0,14
8/24/22 7:00,18,1,17
8/24/22 8:00,17,0,17
8/24/22 9:00,8,0,8
8/24/22 10:00,0,0,0
8/24/22 11:00,0,0,0
8/24/22 12:00,1,0,1
8/24/22 13:00,3,0,3
8/24/22 14:00,4,0,4
8/24/22 15:00,0,0,0
8/24/22 16:00,3,0,3
8/24/22 17:00,7,0,7
8/24/22 18:00,1,0,1
8/24/22 19:00,0,0,0
8/24/22 20:00,0,0,0
8/24/22 21:00,2,0,2
8/24/22 22:00,0,0,0
8/24/22 23:00,0,0,0
8/25/22 0:00,0,0,0
8/25/22 1:00,0,0,0
8/25/22 2:00,0,0,0
8/25/22 3:00,0,0,0
8/25/22 4:00,0,0,0
8/25/22 5:00,0,0,0
8/25/22 6:00,1,0,1
8/25/22 7:00,0,0,0
8/25/22 8:00,0,0,0
8/25/22 9:00,1,0,1
8/25/22 10:00,1,0,1
8/25/22 11:00,0,0,0
8/25/22 12:00,0,0,0
8/25/22 13:00,0,0,0
8/25/22 14:00,0,0,0
8/25/22 15:00,4,0,4
8/25/22 16:00,1,1,0
8/25/22 17:00,7,1,6
8/25/22 18:00,1,1,0
8/25/22 19:00,0,0,0
8/25/22 20:00,0,0,0
8/25/22 21:00,0,0,0
8/25/22 22:00,0,0,0
8/25/22 23:00,2,2,0
8/26/22 0:00,0,0,0
8/26/22 1:00,0,0,0
8/26/22 2:00,0,0,0
8/26/22 3:00,0,0,0
8/26/22 4:00,0,0,0
8/26/22 5:00,0,0,0
8/26/22 6:00,0,0,0
8/26/22 7:00,0,0,0
8/26/22 8:00,0,0,0
8/26/22 9:00,0,0,0
8/26/22 10:00,0,0,0
8/26/22 11:00,0,0,0
8/26/22 12:00,0,0,0
8/26/22 13:00,0,0,0
8/26/22 14:00,1,1,0
8/26/22 15:00,0,0,0
8/26/22 16:00,0,0,0
8/26/22 17:00,0,0,0
8/26/22 18:00,0,0,0
8/26/22 19:00,0,0,0
8/26/22 20:00,0,0,0
8/26/22 21:00,0,0,0
8/26/22 22:00,0,0,0
8/26/22 23:00,0,0,0
8/27/22 0:00,0,0,0
8/27/22 1:00,0,0,0
8/27/22 2:00,0,0,0
8/27/22 3:00,0,0,0
8/27/22 4:00,0,0,0
8/27/22 5:00,0,0,0
8/27/22 6:00,0,0,0
8/27/22 7:00,0,0,0
8/27/22 8:00,0,0,0
8/27/22 9:00,0,0,0
8/27/22 10:00,0,0,0
8/27/22 11:00,0,0,0
8/27/22 12:00,0,0,0
8/27/22 13:00,0,0,0
8/27/22 14:00,0,0,0
8/27/22 15:00,0,0,0
8/27/22 16:00,0,0,0
8/27/22 17:00,0,0,0
8/27/22 18:00,0,0,0
8/27/22 19:00,0,0,0
8/27/22 20:00,0,0,0
8/27/22 21:00,0,0,0
8/27/22 22:00,0,0,0
8/27/22 23:00,0,0,0
8/28/22 0:00,0,0,0
8/28/22 1:00,0,0,0
8/28/22 2:00,0,0,0
8/28/22 3:00,0,0,0
8/28/22 4:00,0,0,0
8/28/22 5:00,0,0,0
8/28/22 6:00,0,0,0
8/28/22 7:00,0,0,0
8/28/22 8:00,0,0,0
8/28/22 9:00,0,0,0
8/28/22 10:00,0,0,0
8/28/22 11:00,0,0,0
8/28/22 12:00,0,0,0
8/28/22 13:00,0,0,0
8/28/22 14:00,0,0,0
8/28/22 15:00,0,0,0
8/28/22 16:00,0,0,0
8/28/22 17:00,0,0,0
8/28/22 18:00,0,0,0
8/28/22 19:00,0,0,0
8/28/22 20:00,0,0,0
8/28/22 21:00,0,0,0
8/28/22 22:00,0,0,0
8/28/22 23:00,0,0,0
8/29/22 0:00,0,0,0
8/29/22 1:00,0,0,0
8/29/22 2:00,0,0,0
8/29/22 3:00,0,0,0
8/29/22 4:00,0,0,0
8/29/22 5:00,0,0,0
8/29/22 6:00,0,0,0
8/29/22 7:00,0,0,0
8/29/22 8:00,0,0,0
8/29/22 9:00,0,0,0
8/29/22 10:00,0,0,0
8/29/22 11:00,0,0,0
8/29/22 12:00,0,0,0
8/29/22 13:00,0,0,0
8/29/22 14:00,0,0,0
8/29/22 15:00,0,0,0
8/29/22 16:00,0,0,0
8/29/22 17:00,0,0,0
8/29/22 18:00,0,0,0
8/29/22 19:00,0,0,0
8/29/22 20:00,0,0,0
8/29/22 21:00,0,0,0
8/29/22 22:00,0,0,0
8/29/22 23:00,0,0,0
8/30/22 0:00,0,0,0
8/30/22 1:00,0,0,0
8/30/22 2:00,0,0,0
8/30/22 3:00,0,0,0
8/30/22 4:00,0,0,0
8/30/22 5:00,0,0,0
8/30/22 6:00,0,0,0
8/30/22 7:00,0,0,0
8/30/22 8:00,0,0,0
8/30/22 9:00,0,0,0
8/30/22 10:00,0,0,0
8/30/22 11:00,0,0,0
8/30/22 12:00,0,0,0
8/30/22 13:00,0,0,0
8/30/22 14:00,0,0,0
8/30/22 15:00,0,0,0
8/30/22 16:00,0,0,0
8/30/22 17:00,0,0,0
8/30/22 18:00,0,0,0
8/30/22 19:00,0,0,0
8/30/22 20:00,0,0,0
8/30/22 21:00,0,0,0
8/30/22 22:00,0,0,0
8/30/22 23:00,0,0,0
8/31/22 0:00,0,0,0
8/31/22 1:00,0,0,0
8/31/22 2:00,0,0,0
8/31/22 3:00,0,0,0
8/31/22 4:00,0,0,0
8/31/22 5:00,0,0,0
8/31/22 6:00,0,0,0
8/31/22 7:00,0,0,0
8/31/22 8:00,0,0,0
8/31/22 9:00,0,0,0
8/31/22 10:00,0,0,0
8/31/22 11:00,0,0,0
8/31/22 12:00,0,0,0
8/31/22 13:00,0,0,0
8/31/22 14:00,0,0,0
8/31/22 15:00,0,0,0
8/31/22 16:00,0,0,0
8/31/22 17:00,0,0,0
8/31/22 18:00,0,0,0
8/31/22 19:00,0,0,0
8/31/22 20:00,0,0,0
8/31/22 21:00,0,0,0
8/31/22 22:00,0,0,0
8/31/22 23:00,0,0,0
9/1/22 0:00,0,0,0
9/1/22 1:00,0,0,0
9/1/22 2:00,0,0,0
9/1/22 3:00,0,0,0
9/1/22 4:00,0,0,0
9/1/22 5:00,0,0,0
9/1/22 6:00,0,0,0
9/1/22 7:00,0,0,0
9/1/22 8:00,0,0,0
9/1/22 9:00,0,0,0
9/1/22 10:00,0,0,0
9/1/22 11:00,0,0,0
9/1/22 12:00,0,0,0
9/1/22 13:00,0,0,0
9/1/22 14:00,0,0,0
9/1/22 15:00,0,0,0
9/1/22 16:00,0,0,0
9/1/22 17:00,0,0,0
9/1/22 18:00,0,0,0
9/1/22 19:00,0,0,0
9/1/22 20:00,0,0,0
9/1/22 21:00,0,0,0
9/1/22 22:00,0,0,0
9/1/22 23:00,0,0,0
9/2/22 0:00,0,0,0
9/2/22 1:00,0,0,0
9/2/22 2:00,0,0,0
9/2/22 3:00,0,0,0
9/2/22 4:00,0,0,0
9/2/22 5:00,0,0,0
9/2/22 6:00,0,0,0
9/2/22 7:00,0,0,0
9/2/22 8:00,0,0,0
9/2/22 9:00,0,0,0
9/2/22 10:00,0,0,0
9/2/22 11:00,0,0,0
9/2/22 12:00,0,0,0
9/2/22 13:00,0,0,0
9/2/22 14:00,0,0,0
9/2/22 15:00,0,0,0
9/2/22 16:00,0,0,0
9/2/22 17:00,0,0,0
9/2/22 18:00,0,0,0
9/2/22 19:00,0,0,0
9/2/22 20:00,0,0,0
9/2/22 21:00,0,0,0
9/2/22 22:00,0,0,0
9/2/22 23:00,0,0,0
9/3/22 0:00,0,0,0
9/3/22 1:00,0,0,0
9/3/22 2:00,0,0,0
9/3/22 3:00,0,0,0
9/3/22 4:00,0,0,0
9/3/22 5:00,0,0,0
9/3/22 6:00,0,0,0
9/3/22 7:00,0,0,0
9/3/22 8:00,0,0,0
9/3/22 9:00,0,0,0
9/3/22 10:00,0,0,0
9/3/22 11:00,0,0,0
9/3/22 12:00,0,0,0
9/3/22 13:00,0,0,0
9/3/22 14:00,0,0,0
9/3/22 15:00,0,0,0
9/3/22 16:00,0,0,0
9/3/22 17:00,0,0,0
9/3/22 18:00,0,0,0
9/3/22 19:00,0,0,0
9/3/22 20:00,0,0,0
9/3/22 21:00,0,0,0
9/3/22 22:00,0,0,0
9/3/22 23:00,0,0,0
9/4/22 0:00,0,0,0
9/4/22 1:00,0,0,0
9/4/22 2:00,0,0,0
9/4/22 3:00,0,0,0
9/4/22 4:00,0,0,0
9/4/22 5:00,0,0,0
9/4/22 6:00,0,0,0
9/4/22 7:00,0,0,0
9/4/22 8:00,0,0,0
9/4/22 9:00,0,0,0
9/4/22 10:00,0,0,0
9/4/22 11:00,0,0,0
9/4/22 12:00,0,0,0
9/4/22 13:00,0,0,0
9/4/22 14:00,0,0,0
9/4/22 15:00,0,0,0
9/4/22 16:00,0,0,0
9/4/22 17:00,0,0,0
9/4/22 18:00,0,0,0
9/4/22 19:00,0,0,0
9/4/22 20:00,0,0,0
9/4/22 21:00,0,0,0
9/4/22 22:00,0,0,0
9/4/22 23:00,0,0,0
9/5/22 0:00,0,0,0
9/5/22 1:00,0,0,0
9/5/22 2:00,0,0,0
9/5/22 3:00,0,0,0
9/5/22 4:00,0,0,0
9/5/22 5:00,0,0,0
9/5/22 6:00,0,0,0
9/5/22 7:00,0,0,0
9/5/22 8:00,0,0,0
9/5/22 9:00,0,0,0
9/5/22 10:00,0,0,0
9/5/22 11:00,0,0,0
9/5/22 12:00,0,0,0
9/5/22 13:00,0,0,0
9/5/22 14:00,0,0,0
9/5/22 15:00,0,0,0
9/5/22 16:00,0,0,0
9/5/22 17:00,0,0,0
9/5/22 18:00,0,0,0
9/5/22 19:00,0,0,0
9/5/22 20:00,0,0,0
9/5/22 21:00,0,0,0
9/5/22 22:00,0,0,0
9/5/22 23:00,0,0,0
9/6/22 0:00,0,0,0
9/6/22 1:00,0,0,0
9/6/22 2:00,0,0,0
9/6/22 3:00,0,0,0
9/6/22 4:00,0,0,0
9/6/22 5:00,0,0,0
9/6/22 6:00,0,0,0
9/6/22 7:00,0,0,0
9/6/22 8:00,0,0,0
9/6/22 9:00,0,0,0
9/6/22 10:00,0,0,0
9/6/22 11:00,0,0,0
9/6/22 12:00,0,0,0
9/6/22 13:00,0,0,0
9/6/22 14:00,0,0,0
9/6/22 15:00,0,0,0
9/6/22 16:00,0,0,0
9/6/22 17:00,0,0,0
9/6/22 18:00,0,0,0
9/6/22 19:00,0,0,0
9/6/22 20:00,0,0,0
9/6/22 21:00,0,0,0
9/6/22 22:00,0,0,0
9/6/22 23:00,0,0,0
9/7/22 0:00,0,0,0
9/7/22 1:00,0,0,0
9/7/22 2:00,0,0,0
9/7/22 3:00,0,0,0
9/7/22 4:00,0,0,0
9/7/22 5:00,0,0,0
9/7/22 6:00,0,0,0
9/7/22 7:00,0,0,0
9/7/22 8:00,0,0,0
9/7/22 9:00,0,0,0
9/7/22 10:00,0,0,0
9/7/22 11:00,0,0,0
9/7/22 12:00,0,0,0
9/7/22 13:00,0,0,0
9/7/22 14:00,0,0,0
9/7/22 15:00,0,0,0
9/7/22 16:00,0,0,0
9/7/22 17:00,0,0,0
9/7/22 18:00,0,0,0
9/7/22 19:00,0,0,0
9/7/22 20:00,0,0,0
9/7/22 21:00,0,0,0
9/7/22 22:00,0,0,0
9/7/22 23:00,0,0,0
9/8/22 0:00,0,0,0
9/8/22 1:00,0,0,0
9/8/22 2:00,0,0,0
9/8/22 3:00,0,0,0
9/8/22 4:00,0,0,0
9/8/22 5:00,0,0,0
9/8/22 6:00,0,0,0
9/8/22 7:00,0,0,0
9/8/22 8:00,0,0,0
9/8/22 9:00,0,0,0
9/8/22 10:00,0,0,0
9/8/22 11:00,0,0,0
9/8/22 12:00,0,0,0
9/8/22 13:00,0,0,0
9/8/22 14:00,0,0,0
9/8/22 15:00,0,0,0
9/8/22 16:00,0,0,0
9/8/22 17:00,0,0,0
9/8/22 18:00,0,0,0
9/8/22 19:00,0,0,0
9/8/22 20:00,0,0,0
9/8/22 21:00,0,0,0
9/8/22 22:00,0,0,0
9/8/22 23:00,0,0,0
9/9/22 0:00,0,0,0
9/9/22 1:00,0,0,0
9/9/22 2:00,0,0,0
9/9/22 3:00,0,0,0
9/9/22 4:00,0,0,0
9/9/22 5:00,0,0,0
9/9/22 6:00,0,0,0
9/9/22 7:00,0,0,0
9/9/22 8:00,0,0,0
9/9/22 9:00,0,0,0
9/9/22 10:00,0,0,0
9/9/22 11:00,0,0,0
9/9/22 12:00,0,0,0
9/9/22 13:00,0,0,0
9/9/22 14:00,0,0,0
9/9/22 15:00,0,0,0
9/9/22 16:00,0,0,0
9/9/22 17:00,0,0,0
9/9/22 18:00,0,0,0
9/9/22 19:00,0,0,0
9/9/22 20:00,0,0,0
9/9/22 21:00,0,0,0
9/9/22 22:00,0,0,0
9/9/22 23:00,0,0,0
9/10/22 0:00,0,0,0
9/10/22 1:00,0,0,0
9/10/22 2:00,0,0,0
9/10/22 3:00,0,0,0
9/10/22 4:00,0,0,0
9/10/22 5:00,0,0,0
9/10/22 6:00,0,0,0
9/10/22 7:00,0,0,0
9/10/22 8:00,0,0,0
9/10/22 9:00,0,0,0
9/10/22 10:00,0,0,0
9/10/22 11:00,0,0,0
9/10/22 12:00,0,0,0
9/10/22 13:00,0,0,0
9/10/22 14:00,0,0,0
9/10/22 15:00,0,0,0
9/10/22 16:00,0,0,0
9/10/22 17:00,0,0,0
9/10/22 18:00,0,0,0
9/10/22 19:00,0,0,0
9/10/22 20:00,0,0,0
9/10/22 21:00,0,0,0
9/10/22 22:00,0,0,0
9/10/22 23:00,0,0,0
9/11/22 0:00,0,0,0
9/11/22 1:00,0,0,0
9/11/22 2:00,0,0,0
9/11/22 3:00,0,0,0
9/11/22 4:00,0,0,0
9/11/22 5:00,0,0,0
9/11/22 6:00,0,0,0
9/11/22 7:00,0,0,0
9/11/22 8:00,0,0,0
9/11/22 9:00,0,0,0
9/11/22 10:00,0,0,0
9/11/22 11:00,0,0,0
9/11/22 12:00,0,0,0
9/11/22 13:00,0,0,0
9/11/22 14:00,0,0,0
9/11/22 15:00,0,0,0
9/11/22 16:00,0,0,0
9/11/22 17:00,0,0,0
9/11/22 18:00,0,0,0
9/11/22 19:00,0,0,0
9/11/22 20:00,0,0,0
9/11/22 21:00,0,0,0
9/11/22 22:00,0,0,0
9/11/22 23:00,0,0,0
9/12/22 0:00,0,0,0
9/12/22 1:00,0,0,0
9/12/22 2:00,0,0,0
9/12/22 3:00,0,0,0
9/12/22 4:00,0,0,0
9/12/22 5:00,0,0,0
9/12/22 6:00,0,0,0
9/12/22 7:00,0,0,0
9/12/22 8:00,0,0,0
9/12/22 9:00,0,0,0
9/12/22 10:00,0,0,0
9/12/22 11:00,0,0,0
9/12/22 12:00,0,0,0
9/12/22 13:00,0,0,0
9/12/22 14:00,0,0,0
9/12/22 15:00,0,0,0
9/12/22 16:00,0,0,0
9/12/22 17:00,0,0,0
9/12/22 18:00,0,0,0
9/12/22 19:00,0,0,0
9/12/22 20:00,0,0,0
9/12/22 21:00,0,0,0
9/12/22 22:00,0,0,0
9/12/22 23:00,0,0,0
9/13/22 0:00,0,0,0
9/13/22 1:00,0,0,0
9/13/22 2:00,0,0,0
9/13/22 3:00,0,0,0
9/13/22 4:00,0,0,0
9/13/22 5:00,0,0,0
9/13/22 6:00,0,0,0
9/13/22 7:00,0,0,0
9/13/22 8:00,0,0,0
9/13/22 9:00,0,0,0
9/13/22 10:00,0,0,0
9/13/22 11:00,0,0,0
9/13/22 12:00,0,0,0
9/13/22 13:00,0,0,0
9/13/22 14:00,0,0,0
9/13/22 15:00,0,0,0
9/13/22 16:00,0,0,0
9/13/22 17:00,0,0,0
9/13/22 18:00,0,0,0
9/13/22 19:00,0,0,0
9/13/22 20:00,0,0,0
9/13/22 21:00,0,0,0
9/13/22 22:00,0,0,0
9/13/22 23:00,0,0,0
9/14/22 0:00,0,0,0
9/14/22 1:00,0,0,0
9/14/22 2:00,0,0,0
9/14/22 3:00,0,0,0
9/14/22 4:00,0,0,0
9/14/22 5:00,0,0,0
9/14/22 6:00,0,0,0
9/14/22 7:00,0,0,0
9/14/22 8:00,0,0,0
9/14/22 9:00,0,0,0
9/14/22 10:00,3,3,0
9/14/22 11:00,37,20,17
9/14/22 12:00,42,26,16
9/14/22 13:00,30,14,16
9/14/22 14:00,50,18,32
9/14/22 15:00,66,17,49
9/14/22 16:00,162,31,131
9/14/22 17:00,160,23,137
9/14/22 18:00,113,23,90
9/14/22 19:00,61,17,44
9/14/22 20:00,25,5,20
9/14/22 21:00,16,3,13
9/14/22 22:00,8,1,7
9/14/22 23:00,4,0,4
9/15/22 0:00,3,0,3
9/15/22 1:00,1,0,1
9/15/22 2:00,1,0,1
9/15/22 3:00,0,0,0
9/15/22 4:00,4,3,1
9/15/22 5:00,32,28,4
9/15/22 6:00,92,75,17
9/15/22 7:00,117,110,7
9/15/22 8:00,136,134,2
9/15/22 9:00,68,64,4
9/15/22 10:00,34,22,12
9/15/22 11:00,27,17,10
9/15/22 12:00,45,19,26
9/15/22 13:00,35,17,18
9/15/22 14:00,38,17,21
9/15/22 15:00,83,25,58
9/15/22 16:00,148,22,126
9/15/22 17:00,156,21,135
9/15/22 18:00,85,13,72
9/15/22 19:00,51,5,46
9/15/22 20:00,38,3,35
9/15/22 21:00,16,2,14
9/15/22 22:00,13,3,10
9/15/22 23:00,10,3,7
9/16/22 0:00,2,1,1
9/16/22 1:00,3,0,3
9/16/22 2:00,6,0,6
9/16/22 3:00,0,0,0
9/16/22 4:00,6,6,0
9/16/22 5:00,26,24,2
9/16/22 6:00,61,54,7
9/16/22 7:00,89,76,13
9/16/22 8:00,96,88,8
9/16/22 9:00,56,43,13
9/16/22 10:00,27,15,12
9/16/22 11:00,30,22,8
9/16/22 12:00,25,8,17
9/16/22 13:00,49,26,23
9/16/22 14:00,61,25,36
9/16/22 15:00,82,31,51
9/16/22 16:00,117,25,92
9/16/22 17:00,109,14,95
9/16/22 18:00,64,16,48
9/16/22 19:00,31,8,23
9/16/22 20:00,15,4,11
9/16/22 21:00,12,2,10
9/16/22 22:00,11,2,9
9/16/22 23:00,6,0,6
9/17/22 0:00,1,1,0
9/17/22 1:00,5,3,2
9/17/22 2:00,4,1,3
9/17/22 3:00,1,0,1
9/17/22 4:00,8,4,4
9/17/22 5:00,16,9,7
9/17/22 6:00,7,5,2
9/17/22 7:00,21,4,17
9/17/22 8:00,31,25,6
9/17/22 9:00,45,25,20
9/17/22 10:00,66,29,37
9/17/22 11:00,73,31,42
9/17/22 12:00,107,59,48
9/17/22 13:00,60,32,28
9/17/22 14:00,78,45,33
9/17/22 15:00,68,31,37
9/17/22 16:00,44,22,22
9/17/22 17:00,50,17,33
9/17/22 18:00,39,11,28
9/17/22 19:00,14,1,13
9/17/22 20:00,11,3,8
9/17/22 21:00,14,3,11
9/17/22 22:00,16,3,13
9/17/22 23:00,8,1,7
9/18/22 0:00,1,1,0
9/18/22 1:00,4,1,3
9/18/22 2:00,2,0,2
9/18/22 3:00,0,0,0
9/18/22 4:00,4,4,0
9/18/22 5:00,5,2,3
9/18/22 6:00,4,4,0
9/18/22 7:00,11,9,2
9/18/22 8:00,27,13,14
9/18/22 9:00,43,24,19
9/18/22 10:00,73,34,39
9/18/22 11:00,55,19,36
9/18/22 12:00,62,34,28
9/18/22 13:00,82,37,45
9/18/22 14:00,64,35,29
9/18/22 15:00,71,25,46
9/18/22 16:00,66,35,31
9/18/22 17:00,53,24,29
9/18/22 18:00,35,18,17
9/18/22 19:00,18,11,7
9/18/22 20:00,13,8,5
9/18/22 21:00,3,2,1
9/18/22 22:00,3,3,0
9/18/22 23:00,4,0,4
9/19/22 0:00,2,0,2
9/19/22 1:00,2,1,1
9/19/22 2:00,6,3,3
9/19/22 3:00,3,3,0
9/19/22 4:00,10,9,1
9/19/22 5:00,26,21,5
9/19/22 6:00,72,62,10
9/19/22 7:00,86,80,6
9/19/22 8:00,80,75,5
9/19/22 9:00,52,49,3
9/19/22 10:00,31,15,16
9/19/22 11:00,29,20,9
9/19/22 12:00,21,13,8
9/19/22 13:00,32,15,17
9/19/22 14:00,51,18,33
9/19/22 15:00,73,28,45
9/19/22 16:00,96,11,85
9/19/22 17:00,149,28,121
9/19/22 18:00,57,8,49
9/19/22 19:00,41,11,30
9/19/22 20:00,16,2,14
9/19/22 21:00,13,8,5
9/19/22 22:00,14,6,8
9/19/22 23:00,3,0,3
9/20/22 0:00,1,0,1
9/20/22 1:00,3,1,2
9/20/22 2:00,2,0,2
9/20/22 3:00,5,2,3
9/20/22 4:00,5,5,0
9/20/22 5:00,25,22,3
9/20/22 6:00,65,59,6
9/20/22 7:00,109,104,5
9/20/22 8:00,146,137,9
9/20/22 9:00,59,52,7
9/20/22 10:00,35,19,16
9/20/22 11:00,28,16,12
9/20/22 12:00,26,13,13
9/20/22 13:00,39,16,23
9/20/22 14:00,58,14,44
9/20/22 15:00,62,20,42
9/20/22 16:00,129,20,109
9/20/22 17:00,156,16,140
9/20/22 18:00,99,17,82
9/20/22 19:00,49,13,36
9/20/22 20:00,22,6,16
9/20/22 21:00,11,0,11
9/20/22 22:00,7,1,6
9/20/22 23:00,3,2,1
9/21/22 0:00,4,1,3
9/21/22 1:00,4,0,4
9/21/22 2:00,0,0,0
9/21/22 3:00,3,3,0
9/21/22 4:00,6,5,1
9/21/22 5:00,22,19,3
9/21/22 6:00,72,59,13
9/21/22 7:00,85,76,9
9/21/22 8:00,121,117,4
9/21/22 9:00,57,45,12
9/21/22 10:00,28,18,10
9/21/22 11:00,16,11,5
9/21/22 12:00,29,15,14
9/21/22 13:00,29,14,15
9/21/22 14:00,55,26,29
9/21/22 15:00,68,19,49
9/21/22 16:00,96,22,74
9/21/22 17:00,133,15,118
9/21/22 18:00,91,24,67
9/21/22 19:00,37,12,25
9/21/22 20:00,21,4,17
9/21/22 21:00,19,4,15
9/21/22 22:00,11,2,9
9/21/22 23:00,7,2,5
9/22/22 0:00,12,5,7
9/22/22 1:00,3,0,3
9/22/22 2:00,6,3,3
9/22/22 3:00,4,4,0
9/22/22 4:00,8,7,1
9/22/22 5:00,26,23,3
9/22/22 6:00,55,49,6
9/22/22 7:00,99,88,11
9/22/22 8:00,112,109,3
9/22/22 9:00,49,42,7
9/22/22 10:00,32,21,11
9/22/22 11:00,29,20,9
9/22/22 12:00,31,12,19
9/22/22 13:00,23,12,11
9/22/22 14:00,39,15,24
9/22/22 15:00,60,14,46
9/22/22 16:00,112,27,85
9/22/22 17:00,140,25,115
9/22/22 18:00,90,16,74
9/22/22 19:00,40,13,27
9/22/22 20:00,26,11,15
9/22/22 21:00,23,3,20
9/22/22 22:00,13,6,7
9/22/22 23:00,5,1,4
9/23/22 0:00,6,1,5
9/23/22 1:00,2,0,2
9/23/22 2:00,4,2,2
9/23/22 3:00,2,2,0
9/23/22 4:00,7,6,1
9/23/22 5:00,25,22,3
9/23/22 6:00,46,36,10
9/23/22 7:00,68,59,9
9/23/22 8:00,78,68,10
9/23/22 9:00,47,40,7
9/23/22 10:00,15,12,3
9/23/22 11:00,34,21,13
9/23/22 12:00,25,15,10
9/23/22 13:00,45,22,23
9/23/22 14:00,34,10,24
9/23/22 15:00,57,15,42
9/23/22 16:00,88,17,71
9/23/22 17:00,102,19,83
9/23/22 18:00,62,19,43
9/23/22 19:00,37,12,25
9/23/22 20:00,18,8,10
9/23/22 21:00,9,3,6
9/23/22 22:00,9,6,3
9/23/22 23:00,7,1,6
9/24/22 0:00,5,1,4
9/24/22 1:00,2,1,1
9/24/22 2:00,3,1,2
9/24/22 3:00,0,0,0
9/24/22 4:00,2,2,0
9/24/22 5:00,6,6,0
9/24/22 6:00,8,4,4
9/24/22 7:00,9,5,4
9/24/22 8:00,33,27,6
9/24/22 9:00,28,14,14
9/24/22 10:00,54,37,17
9/24/22 11:00,50,20,30
9/24/22 12:00,73,31,42
9/24/22 13:00,73,34,39
9/24/22 14:00,84,26,58
9/24/22 15:00,72,37,35
9/24/22 16:00,68,31,37
9/24/22 17:00,71,43,28
9/24/22 18:00,37,13,24
9/24/22 19:00,29,15,14
9/24/22 20:00,17,5,12
9/24/22 21:00,14,2,12
9/24/22 22:00,11,5,6
9/24/22 23:00,10,2,8
9/25/22 0:00,6,1,5
9/25/22 1:00,5,0,5
9/25/22 2:00,7,1,6
9/25/22 3:00,3,3,0
9/25/22 4:00,3,1,2
9/25/22 5:00,5,4,1
9/25/22 6:00,9,5,4
9/25/22 7:00,6,6,0
9/25/22 8:00,17,10,7
9/25/22 9:00,34,21,13
9/25/22 10:00,58,28,30
9/25/22 11:00,67,42,25
9/25/22 12:00,100,30,70
9/25/22 13:00,99,59,40
9/25/22 14:00,69,30,39
9/25/22 15:00,62,31,31
9/25/22 16:00,69,21,48
9/25/22 17:00,58,19,39
9/25/22 18:00,32,12,20
9/25/22 19:00,25,11,14
9/25/22 20:00,11,6,5
9/25/22 21:00,13,7,6
9/25/22 22:00,4,1,3
9/25/22 23:00,8,2,6
9/26/22 0:00,1,0,1
9/26/22 1:00,3,2,1
9/26/22 2:00,4,2,2
9/26/22 3:00,2,2,0
9/26/22 4:00,17,14,3
9/26/22 5:00,25,21,4
9/26/22 6:00,53,45,8
9/26/22 7:00,96,88,8
9/26/22 8:00,86,81,5
9/26/22 9:00,53,47,6
9/26/22 10:00,42,24,18
9/26/22 11:00,31,17,14
9/26/22 12:00,27,16,11
9/26/22 13:00,42,20,22
9/26/22 14:00,40,17,23
9/26/22 15:00,60,12,48
9/26/22 16:00,109,22,87
9/26/22 17:00,143,26,117
9/26/22 18:00,61,11,50
9/26/22 19:00,33,10,23
9/26/22 20:00,14,6,8
9/26/22 21:00,11,4,7
9/26/22 22:00,24,12,12
9/26/22 23:00,9,4,5
9/27/22 0:00,5,0,5
9/27/22 1:00,6,1,5
9/27/22 2:00,2,2,0
9/27/22 3:00,2,2,0
9/27/22 4:00,8,7,1
9/27/22 5:00,26,23,3
9/27/22 6:00,61,50,11
9/27/22 7:00,93,88,5
9/27/22 8:00,124,116,8
9/27/22 9:00,62,53,9
9/27/22 10:00,40,29,11
9/27/22 11:00,30,18,12
9/27/22 12:00,42,23,19
9/27/22 13:00,50,23,27
9/27/22 14:00,40,17,23
9/27/22 15:00,62,24,38
9/27/22 16:00,120,21,99
9/27/22 17:00,158,34,124
9/27/22 18:00,104,25,79
9/27/22 19:00,41,7,34
9/27/22 20:00,18,6,12
9/27/22 21:00,40,3,37
9/27/22 22:00,14,2,12
9/27/22 23:00,7,3,4
9/28/22 0:00,5,1,4
9/28/22 1:00,4,1,3
9/28/22 2:00,2,2,0
9/28/22 3:00,3,2,1
9/28/22 4:00,10,6,4
9/28/22 5:00,24,19,5
9/28/22 6:00,51,45,6
9/28/22 7:00,73,65,8
9/28/22 8:00,114,108,6
9/28/22 9:00,42,37,5
9/28/22 10:00,23,17,6
9/28/22 11:00,17,12,5
9/28/22 12:00,8,3,5
9/28/22 13:00,14,9,5
9/28/22 14:00,35,16,19
9/28/22 15:00,54,13,41
9/28/22 16:00,95,25,70
9/28/22 17:00,132,22,110
9/28/22 18:00,76,11,65
9/28/22 19:00,30,11,19
9/28/22 20:00,23,9,14
9/28/22 21:00,13,2,11
9/28/22 22:00,10,3,7
9/28/22 23:00,7,1,6
9/29/22 0:00,7,2,5
9/29/22 1:00,0,0,0
9/29/22 2:00,5,1,4
9/29/22 3:00,5,4,1
9/29/22 4:00,9,9,0
9/29/22 5:00,26,21,5
9/29/22 6:00,57,47,10
9/29/22 7:00,93,83,10
9/29/22 8:00,110,100,10
9/29/22 9:00,59,48,11
9/29/22 10:00,24,16,8
9/29/22 11:00,45,26,19
9/29/22 12:00,25,19,6
9/29/22 13:00,35,18,17
9/29/22 14:00,42,17,25
9/29/22 15:00,67,18,49
9/29/22 16:00,95,26,69
9/29/22 17:00,130,17,113
9/29/22 18:00,86,18,68
9/29/22 19:00,38,8,30
9/29/22 20:00,21,2,19
9/29/22 21:00,13,3,10
9/29/22 22:00,26,3,23
9/29/22 23:00,12,3,9
9/30/22 0:00,2,0,2
9/30/22 1:00,3,0,3
9/30/22 2:00,5,3,2
9/30/22 3:00,2,1,1
9/30/22 4:00,7,7,0
9/30/22 5:00,19,18,1
9/30/22 6:00,48,43,5
9/30/22 7:00,55,53,2
9/30/22 8:00,76,69,7
9/30/22 9:00,47,32,15
9/30/22 10:00,36,29,7
9/30/22 11:00,40,22,18
9/30/22 12:00,29,17,12
9/30/22 13:00,42,23,19
9/30/22 14:00,48,17,31
9/30/22 15:00,71,29,42
9/30/22 16:00,107,44,63
9/30/22 17:00,114,44,70
9/30/22 18:00,116,13,103
9/30/22 19:00,54,7,47
9/30/22 20:00,27,14,13
9/30/22 21:00,34,18,16
9/30/22 22:00,28,6,22
9/30/22 23:00,21,3,18